13 0.096094 0.096094 0.067187 0.067187
8 0.171875 0.093750 0.050000 0.062500
11 0.235937 0.095312 0.059375 0.065625
33 0.312500 0.096875 0.065625 0.068750
34 0.388281 0.096875 0.064062 0.068750
7 0.093750 0.198437 0.062500 0.062500
8 0.168750 0.198437 0.050000 0.062500
25 0.237500 0.200781 0.065625 0.067187
32 0.316406 0.198437 0.057813 0.062500
4 0.382812 0.200000 0.059375 0.065625
23 0.093750 0.303125 0.062500 0.062500
30 0.163281 0.304688 0.060937 0.065625
25 0.235937 0.303906 0.062500 0.064062
19 0.311719 0.307812 0.064062 0.071875
28 0.099219 0.422656 0.073438 0.076563
34 0.177344 0.420312 0.067187 0.071875
4 0.259375 0.417187 0.059375 0.065625
24 0.334375 0.415625 0.068750 0.062500
31 0.422656 0.417187 0.067187 0.065625
33 0.093750 0.534375 0.062500 0.065625
16 0.169531 0.533594 0.057813 0.064062
10 0.239844 0.537500 0.064062 0.071875
33 0.315625 0.535937 0.065625 0.068750
32 0.396094 0.534375 0.060937 0.065625
28 0.099219 0.655469 0.073438 0.076563
32 0.182031 0.648438 0.057813 0.062500
28 0.263281 0.653906 0.070312 0.073438
25 0.339062 0.650781 0.065625 0.067187
13 0.549219 0.094531 0.064062 0.064062
2 0.629687 0.096094 0.062500 0.067187
33 0.706250 0.095312 0.062500 0.065625
8 0.781250 0.093750 0.046875 0.062500
26 0.860156 0.093750 0.070312 0.062500
22 0.551562 0.200000 0.068750 0.062500
25 0.632812 0.202344 0.065625 0.067187
2 0.715625 0.202344 0.062500 0.067187
26 0.803906 0.201563 0.073438 0.065625
36 0.889062 0.200781 0.068750 0.064062
31 0.549219 0.310937 0.064062 0.062500
37 0.626563 0.310937 0.059375 0.062500
34 0.705469 0.315625 0.067187 0.071875
1 0.790625 0.313281 0.068750 0.067187
24 0.878125 0.312500 0.071875 0.065625
12 0.552344 0.419531 0.070312 0.067187
11 0.635938 0.418750 0.059375 0.065625
19 0.711719 0.421875 0.060937 0.071875
32 0.780469 0.418750 0.060937 0.065625
29 0.846875 0.422656 0.050000 0.073438
10 0.547656 0.529687 0.060937 0.068750
21 0.625000 0.527344 0.065625 0.064062
14 0.705469 0.526563 0.060937 0.062500
31 0.786719 0.526563 0.064062 0.062500
26 0.866406 0.526563 0.070312 0.062500
3 0.546094 0.635938 0.057813 0.065625
31 0.624219 0.634375 0.064062 0.062500
16 0.705469 0.635156 0.057813 0.064062
25 0.778125 0.635156 0.062500 0.064062
