0 0.092969 0.096875 0.060937 0.068750
26 0.174219 0.093750 0.070312 0.062500
16 0.257031 0.096094 0.060937 0.067187
36 0.339062 0.094531 0.068750 0.064062
0 0.416406 0.095312 0.057813 0.065625
19 0.094531 0.207813 0.064062 0.071875
17 0.171875 0.205469 0.062500 0.067187
8 0.243750 0.204687 0.050000 0.065625
1 0.321875 0.207031 0.071875 0.070312
2 0.092188 0.317969 0.059375 0.064062
31 0.169531 0.317188 0.064062 0.062500
33 0.253125 0.318750 0.062500 0.065625
29 0.321875 0.321094 0.050000 0.070312
32 0.394531 0.317188 0.057813 0.062500
19 0.094531 0.428125 0.064062 0.071875
5 0.181250 0.425781 0.071875 0.067187
9 0.257812 0.425781 0.059375 0.067187
7 0.337500 0.423438 0.062500 0.062500
32 0.417969 0.425000 0.060937 0.065625
12 0.097656 0.541406 0.070312 0.067187
25 0.182812 0.539844 0.062500 0.064062
1 0.265625 0.542969 0.071875 0.070312
28 0.357031 0.546094 0.073438 0.076563
2 0.445312 0.539844 0.062500 0.064062
4 0.521875 0.542188 0.062500 0.068750
12 0.603906 0.539844 0.067187 0.064062
