3 0.092969 0.096875 0.060937 0.068750
8 0.156250 0.093750 0.050000 0.062500
36 0.225000 0.094531 0.068750 0.064062
8 0.301563 0.093750 0.050000 0.062500
36 0.382812 0.096094 0.071875 0.067187
26 0.099219 0.196875 0.073438 0.065625
20 0.183594 0.200000 0.060937 0.071875
17 0.264062 0.196094 0.059375 0.064062
17 0.334375 0.196094 0.059375 0.064062
3 0.413281 0.196875 0.060937 0.065625
0 0.092969 0.306250 0.060937 0.068750
29 0.159375 0.307031 0.046875 0.070312
1 0.226562 0.307031 0.071875 0.070312
4 0.307812 0.306250 0.062500 0.068750
12 0.385156 0.303906 0.067187 0.064062
3 0.467969 0.306250 0.060937 0.068750
17 0.548438 0.305469 0.062500 0.067187
5 0.096875 0.413281 0.068750 0.064062
24 0.178125 0.414062 0.071875 0.065625
6 0.260937 0.414062 0.068750 0.065625
11 0.339062 0.414062 0.059375 0.065625
14 0.421094 0.414062 0.064062 0.065625
37 0.504687 0.412500 0.062500 0.062500
36 0.096875 0.519531 0.068750 0.064062
5 0.184375 0.519531 0.068750 0.064062
25 0.257812 0.519531 0.062500 0.064062
9 0.335938 0.519531 0.056250 0.064062
33 0.404687 0.520312 0.062500 0.065625
22 0.481250 0.520312 0.071875 0.065625
25 0.093750 0.625781 0.062500 0.064062
35 0.170313 0.625781 0.075000 0.064062
17 0.253125 0.627344 0.062500 0.067187
13 0.332031 0.627344 0.067187 0.067187
15 0.410156 0.631250 0.057813 0.075000
17 0.485938 0.625781 0.059375 0.064062
5 0.562500 0.627344 0.071875 0.067187
36 0.096875 0.741406 0.068750 0.064062
30 0.180469 0.742188 0.060937 0.065625
14 0.255469 0.742188 0.064062 0.065625
31 0.327344 0.740625 0.064062 0.062500
26 0.414844 0.742188 0.073438 0.065625
