31 0.094531 0.093750 0.064062 0.062500
5 0.181250 0.094531 0.068750 0.064062
31 0.260156 0.093750 0.064062 0.062500
13 0.342969 0.094531 0.064062 0.064062
19 0.414844 0.100000 0.064062 0.075000
24 0.098437 0.203125 0.071875 0.065625
37 0.178125 0.201563 0.059375 0.062500
13 0.250781 0.202344 0.064062 0.064062
12 0.327344 0.202344 0.067187 0.064062
2 0.403125 0.202344 0.059375 0.064062
34 0.094531 0.314063 0.064062 0.068750
16 0.175781 0.311719 0.057813 0.064062
1 0.248438 0.314844 0.071875 0.070312
32 0.332031 0.312500 0.060937 0.065625
18 0.407031 0.311719 0.064062 0.064062
18 0.094531 0.422656 0.064062 0.064062
26 0.177344 0.423438 0.070312 0.065625
15 0.257031 0.428125 0.057813 0.075000
15 0.335156 0.429688 0.060937 0.078125
15 0.091406 0.542188 0.057813 0.075000
20 0.167969 0.540625 0.060937 0.071875
14 0.244531 0.535937 0.060937 0.062500
29 0.315625 0.539844 0.046875 0.070312
22 0.392188 0.535937 0.068750 0.062500
29 0.542188 0.099219 0.050000 0.073438
27 0.619531 0.097656 0.073438 0.070312
7 0.703125 0.093750 0.062500 0.062500
17 0.773438 0.096094 0.062500 0.067187
24 0.551562 0.201563 0.068750 0.062500
34 0.627344 0.204687 0.064062 0.068750
0 0.708594 0.204687 0.060937 0.068750
0 0.782031 0.204687 0.060937 0.068750
4 0.856250 0.204687 0.062500 0.068750
26 0.552344 0.306250 0.070312 0.062500
18 0.628906 0.307031 0.064062 0.064062
37 0.703125 0.307812 0.062500 0.065625
5 0.790625 0.308594 0.071875 0.067187
21 0.870313 0.308594 0.068750 0.067187
18 0.549219 0.414844 0.064062 0.064062
13 0.632031 0.414844 0.064062 0.064062
11 0.703125 0.415625 0.059375 0.065625
20 0.772656 0.418750 0.060937 0.071875
30 0.546094 0.521875 0.057813 0.062500
5 0.617188 0.522656 0.068750 0.064062
33 0.698438 0.525000 0.065625 0.068750
8 0.764062 0.523438 0.050000 0.065625
