35 0.100000 0.094531 0.075000 0.064062
23 0.178125 0.093750 0.062500 0.062500
18 0.261719 0.094531 0.064062 0.064062
3 0.339844 0.095312 0.057813 0.065625
24 0.415625 0.095312 0.071875 0.065625
16 0.496094 0.094531 0.057813 0.064062
20 0.092969 0.207813 0.060937 0.071875
37 0.168750 0.203125 0.059375 0.062500
30 0.246094 0.204687 0.060937 0.065625
27 0.328906 0.207031 0.073438 0.070312
17 0.410938 0.203906 0.059375 0.064062
34 0.096094 0.318750 0.067187 0.071875
30 0.167969 0.315625 0.060937 0.065625
27 0.247656 0.316406 0.070312 0.067187
18 0.327344 0.314844 0.064062 0.064062
29 0.403125 0.317969 0.050000 0.070312
22 0.471875 0.314063 0.068750 0.062500
13 0.552344 0.314844 0.064062 0.064062
11 0.093750 0.429688 0.062500 0.065625
10 0.166406 0.432812 0.064062 0.071875
6 0.250000 0.428125 0.068750 0.062500
17 0.323437 0.428906 0.062500 0.064062
28 0.410156 0.435156 0.073438 0.076563
9 0.090625 0.549219 0.056250 0.064062
10 0.167969 0.553125 0.064062 0.071875
26 0.252344 0.550000 0.070312 0.065625
20 0.328906 0.553125 0.060937 0.071875
4 0.398438 0.551562 0.062500 0.068750
12 0.478906 0.549219 0.067187 0.064062
36 0.564063 0.549219 0.068750 0.064062
15 0.091406 0.660937 0.057813 0.075000
9 0.160938 0.655469 0.056250 0.064062
28 0.236719 0.661719 0.073438 0.076563
11 0.320312 0.656250 0.059375 0.065625
12 0.096094 0.767969 0.067187 0.067187
9 0.168750 0.767969 0.059375 0.067187
22 0.251563 0.765625 0.068750 0.062500
14 0.324219 0.765625 0.060937 0.062500
12 0.096094 0.869531 0.067187 0.064062
15 0.167969 0.875000 0.057813 0.075000
21 0.246875 0.871094 0.068750 0.067187
17 0.329688 0.869531 0.059375 0.064062
18 0.399219 0.869531 0.064062 0.064062
18 0.471094 0.869531 0.064062 0.064062
36 0.551562 0.871094 0.071875 0.067187
