20 0.094531 0.098437 0.064062 0.071875
28 0.175781 0.099219 0.070312 0.073438
30 0.252344 0.093750 0.057813 0.062500
37 0.331250 0.093750 0.059375 0.062500
5 0.096875 0.210156 0.068750 0.064062
16 0.167969 0.210156 0.057813 0.064062
3 0.242969 0.212500 0.060937 0.068750
36 0.318750 0.211719 0.071875 0.067187
14 0.397656 0.209375 0.060937 0.062500
28 0.097656 0.319531 0.070312 0.073438
28 0.183594 0.321094 0.073438 0.076563
13 0.267969 0.316406 0.067187 0.067187
32 0.341406 0.314063 0.057813 0.062500
21 0.412500 0.314844 0.065625 0.064062
1 0.096875 0.432031 0.068750 0.067187
8 0.170313 0.429688 0.046875 0.062500
18 0.246094 0.430469 0.064062 0.064062
13 0.321094 0.430469 0.064062 0.064062
9 0.392188 0.432031 0.059375 0.067187
4 0.093750 0.537500 0.062500 0.068750
19 0.174219 0.539062 0.060937 0.071875
20 0.247656 0.539062 0.060937 0.071875
3 0.317969 0.535937 0.057813 0.065625
15 0.546094 0.100000 0.057813 0.075000
16 0.616406 0.094531 0.057813 0.064062
21 0.692187 0.096094 0.068750 0.067187
34 0.775781 0.098437 0.067187 0.071875
5 0.853125 0.094531 0.068750 0.064062
37 0.546875 0.201563 0.059375 0.062500
29 0.617188 0.205469 0.046875 0.070312
37 0.685937 0.201563 0.059375 0.062500
24 0.759375 0.201563 0.068750 0.062500
25 0.845313 0.202344 0.062500 0.064062
8 0.540625 0.304688 0.046875 0.062500
5 0.609375 0.305469 0.068750 0.064062
30 0.686719 0.306250 0.060937 0.065625
37 0.759375 0.304688 0.059375 0.062500
19 0.836719 0.309375 0.064062 0.071875
20 0.549219 0.417187 0.064062 0.075000
20 0.621094 0.415625 0.060937 0.071875
36 0.696875 0.411719 0.068750 0.064062
2 0.773438 0.411719 0.059375 0.064062
30 0.853906 0.412500 0.060937 0.065625
0 0.547656 0.529687 0.060937 0.065625
2 0.626563 0.530469 0.062500 0.067187
27 0.714844 0.532031 0.073438 0.070312
10 0.789844 0.531250 0.060937 0.068750
