8 0.087500 0.093750 0.050000 0.062500
12 0.157031 0.094531 0.067187 0.064062
33 0.232813 0.096875 0.065625 0.068750
12 0.319531 0.094531 0.067187 0.064062
16 0.091406 0.197656 0.057813 0.064062
8 0.153125 0.196875 0.046875 0.062500
22 0.231250 0.198437 0.071875 0.065625
29 0.303125 0.202344 0.050000 0.073438
9 0.090625 0.303906 0.056250 0.064062
13 0.161719 0.303906 0.064062 0.064062
28 0.242969 0.308594 0.070312 0.073438
36 0.323437 0.303906 0.068750 0.064062
4 0.400000 0.304688 0.062500 0.065625
31 0.472656 0.303125 0.064062 0.062500
15 0.544531 0.310937 0.060937 0.078125
31 0.094531 0.420312 0.064062 0.062500
3 0.172656 0.421875 0.057813 0.065625
27 0.249219 0.422656 0.070312 0.067187
9 0.334375 0.422656 0.059375 0.067187
3 0.403906 0.421875 0.057813 0.065625
3 0.472656 0.423438 0.060937 0.068750
19 0.092969 0.535937 0.060937 0.071875
22 0.168750 0.531250 0.068750 0.062500
31 0.253906 0.531250 0.064062 0.062500
15 0.324219 0.539062 0.060937 0.078125
