24 0.098437 0.095312 0.071875 0.065625
30 0.174219 0.093750 0.057813 0.062500
29 0.240625 0.097656 0.050000 0.070312
23 0.318750 0.095312 0.065625 0.065625
18 0.392969 0.094531 0.064062 0.064062
27 0.474219 0.096094 0.070312 0.067187
6 0.098437 0.203125 0.071875 0.065625
26 0.188281 0.203125 0.073438 0.065625
5 0.271875 0.202344 0.068750 0.064062
1 0.360938 0.203906 0.068750 0.067187
4 0.440625 0.204687 0.062500 0.068750
14 0.514844 0.203125 0.064062 0.065625
17 0.093750 0.313281 0.062500 0.064062
7 0.173437 0.314063 0.065625 0.065625
6 0.262500 0.314063 0.071875 0.065625
15 0.339844 0.318750 0.060937 0.075000
15 0.414844 0.318750 0.057813 0.075000
5 0.493750 0.313281 0.068750 0.064062
15 0.091406 0.429688 0.057813 0.075000
4 0.160938 0.425000 0.059375 0.065625
7 0.229687 0.423438 0.062500 0.062500
30 0.302344 0.423438 0.057813 0.062500
19 0.372656 0.428125 0.060937 0.071875
19 0.442969 0.428125 0.060937 0.071875
16 0.521094 0.425781 0.060937 0.067187
5 0.096875 0.539844 0.068750 0.064062
7 0.178125 0.539062 0.062500 0.062500
2 0.254688 0.539844 0.059375 0.064062
26 0.338281 0.540625 0.070312 0.065625
9 0.412500 0.541406 0.059375 0.067187
28 0.497656 0.544531 0.070312 0.073438
2 0.093750 0.647656 0.062500 0.067187
19 0.163281 0.650000 0.060937 0.071875
1 0.245312 0.649219 0.071875 0.070312
12 0.333594 0.647656 0.070312 0.067187
17 0.093750 0.760156 0.062500 0.067187
14 0.167969 0.757812 0.060937 0.062500
23 0.245312 0.759375 0.065625 0.065625
23 0.321875 0.757812 0.062500 0.062500
19 0.400781 0.762500 0.060937 0.071875
20 0.478906 0.762500 0.060937 0.071875
