1 0.096875 0.096094 0.068750 0.067187
31 0.172656 0.095312 0.067187 0.065625
6 0.260937 0.095312 0.071875 0.065625
13 0.342969 0.094531 0.064062 0.064062
19 0.094531 0.203125 0.064062 0.071875
32 0.177344 0.200000 0.060937 0.065625
29 0.240625 0.203906 0.050000 0.073438
11 0.304688 0.200000 0.059375 0.065625
29 0.087500 0.310156 0.050000 0.070312
29 0.156250 0.310156 0.046875 0.070312
22 0.223438 0.306250 0.068750 0.062500
22 0.306250 0.306250 0.068750 0.062500
15 0.389844 0.314063 0.060937 0.078125
2 0.459375 0.307031 0.059375 0.064062
26 0.097656 0.426563 0.070312 0.062500
31 0.182031 0.426563 0.064062 0.062500
2 0.265625 0.427344 0.062500 0.064062
3 0.344531 0.429688 0.060937 0.068750
37 0.092188 0.539062 0.059375 0.062500
20 0.172656 0.543750 0.060937 0.071875
4 0.242188 0.540625 0.059375 0.065625
32 0.321094 0.539062 0.057813 0.062500
21 0.398438 0.541406 0.068750 0.067187
1 0.098437 0.655469 0.071875 0.070312
28 0.185156 0.658594 0.073438 0.076563
11 0.271875 0.653125 0.059375 0.065625
30 0.349219 0.653125 0.060937 0.065625
12 0.425781 0.652344 0.067187 0.064062
2 0.093750 0.767969 0.062500 0.067187
21 0.170313 0.767969 0.068750 0.067187
36 0.250000 0.766406 0.068750 0.064062
21 0.334375 0.766406 0.065625 0.064062
37 0.412500 0.765625 0.059375 0.062500
