17 0.093750 0.094531 0.062500 0.064062
20 0.163281 0.098437 0.060937 0.071875
11 0.231250 0.095312 0.059375 0.065625
14 0.308594 0.093750 0.060937 0.062500
18 0.094531 0.210156 0.064062 0.064062
2 0.178125 0.210156 0.062500 0.064062
27 0.253906 0.213281 0.073438 0.070312
32 0.339844 0.209375 0.057813 0.062500
17 0.417187 0.211719 0.062500 0.067187
20 0.496094 0.215625 0.064062 0.075000
9 0.092188 0.327344 0.059375 0.067187
32 0.167969 0.325000 0.057813 0.062500
1 0.250000 0.327344 0.068750 0.067187
14 0.327344 0.325000 0.060937 0.062500
10 0.092969 0.431250 0.060937 0.068750
32 0.161719 0.428125 0.057813 0.062500
15 0.238281 0.435937 0.060937 0.078125
23 0.312500 0.428125 0.062500 0.062500
37 0.387500 0.428125 0.059375 0.062500
5 0.468750 0.430469 0.071875 0.067187
6 0.096875 0.542188 0.068750 0.062500
9 0.171875 0.544531 0.059375 0.067187
10 0.246094 0.545312 0.064062 0.068750
8 0.314063 0.542188 0.046875 0.062500
22 0.096875 0.645312 0.068750 0.062500
1 0.182812 0.647656 0.068750 0.067187
15 0.258594 0.651563 0.057813 0.075000
12 0.330469 0.646094 0.067187 0.064062
19 0.094531 0.762500 0.064062 0.075000
17 0.168750 0.757031 0.059375 0.064062
10 0.241406 0.760938 0.064062 0.071875
22 0.320312 0.756250 0.068750 0.062500
24 0.407813 0.756250 0.068750 0.062500
