28 0.099219 0.100781 0.073438 0.076563
35 0.185938 0.096094 0.078125 0.067187
4 0.271875 0.096875 0.062500 0.068750
30 0.349219 0.093750 0.057813 0.062500
20 0.092969 0.207813 0.060937 0.071875
5 0.171875 0.205469 0.071875 0.067187
37 0.251563 0.203125 0.059375 0.062500
34 0.327344 0.206250 0.064062 0.068750
35 0.410938 0.205469 0.078125 0.067187
4 0.092188 0.317188 0.059375 0.065625
35 0.173437 0.317969 0.078125 0.067187
6 0.260937 0.317188 0.071875 0.065625
33 0.337500 0.317188 0.062500 0.065625
5 0.420312 0.316406 0.068750 0.064062
10 0.505469 0.320312 0.064062 0.071875
31 0.589844 0.315625 0.064062 0.062500
35 0.100000 0.424219 0.075000 0.064062
5 0.185938 0.425781 0.071875 0.067187
34 0.266406 0.428125 0.067187 0.071875
26 0.349219 0.423438 0.070312 0.062500
30 0.432031 0.425000 0.060937 0.065625
33 0.514062 0.426563 0.065625 0.068750
24 0.098437 0.537500 0.071875 0.065625
3 0.175781 0.537500 0.057813 0.065625
4 0.256250 0.539062 0.062500 0.068750
6 0.331250 0.537500 0.071875 0.065625
12 0.414844 0.538281 0.070312 0.067187
21 0.501563 0.538281 0.068750 0.067187
16 0.092969 0.649219 0.060937 0.067187
3 0.169531 0.648438 0.057813 0.065625
30 0.239844 0.648438 0.060937 0.065625
11 0.320312 0.650000 0.062500 0.068750
26 0.405469 0.646875 0.070312 0.062500
22 0.495312 0.648438 0.068750 0.065625
1 0.096875 0.753906 0.068750 0.067187
22 0.173437 0.753125 0.068750 0.065625
37 0.253125 0.753125 0.062500 0.065625
18 0.333594 0.753906 0.067187 0.067187
32 0.408594 0.751563 0.057813 0.062500
3 0.091406 0.860938 0.057813 0.065625
28 0.171094 0.866406 0.073438 0.076563
10 0.255469 0.862500 0.060937 0.068750
32 0.333594 0.859375 0.057813 0.062500
