26 0.099219 0.095312 0.073438 0.065625
9 0.176563 0.094531 0.059375 0.064062
35 0.253125 0.096094 0.075000 0.067187
30 0.338281 0.093750 0.057813 0.062500
24 0.414062 0.095312 0.071875 0.065625
1 0.096875 0.197656 0.068750 0.067187
17 0.182812 0.197656 0.062500 0.067187
10 0.252344 0.198437 0.060937 0.068750
17 0.332813 0.196094 0.059375 0.064062
29 0.393750 0.199219 0.046875 0.070312
25 0.093750 0.307031 0.062500 0.064062
17 0.173437 0.308594 0.062500 0.067187
9 0.243750 0.307031 0.059375 0.064062
31 0.325781 0.307812 0.067187 0.065625
37 0.398438 0.306250 0.059375 0.062500
32 0.091406 0.412500 0.057813 0.062500
21 0.171875 0.414844 0.068750 0.067187
23 0.251563 0.412500 0.062500 0.062500
28 0.338281 0.419531 0.073438 0.076563
20 0.092969 0.537500 0.060937 0.071875
37 0.160938 0.532813 0.059375 0.062500
34 0.233594 0.535937 0.064062 0.068750
16 0.310156 0.535156 0.060937 0.067187
20 0.386719 0.537500 0.064062 0.071875
7 0.093750 0.642188 0.062500 0.062500
26 0.175781 0.643750 0.073438 0.065625
25 0.254688 0.644531 0.065625 0.067187
20 0.335156 0.648438 0.064062 0.075000
31 0.411719 0.642188 0.064062 0.062500
2 0.092188 0.760156 0.059375 0.064062
4 0.165625 0.762500 0.062500 0.068750
16 0.244531 0.760156 0.060937 0.064062
13 0.321094 0.761719 0.067187 0.067187
4 0.393750 0.762500 0.062500 0.068750
28 0.553906 0.100781 0.073438 0.076563
26 0.633594 0.093750 0.070312 0.062500
3 0.707031 0.095312 0.057813 0.065625
31 0.783594 0.095312 0.067187 0.065625
22 0.551562 0.214062 0.068750 0.062500
19 0.630469 0.220312 0.064062 0.075000
5 0.709375 0.216406 0.071875 0.067187
25 0.789062 0.216406 0.065625 0.067187
3 0.872656 0.217188 0.060937 0.068750
3 0.546094 0.332813 0.057813 0.065625
14 0.614844 0.331250 0.060937 0.062500
12 0.692969 0.333594 0.070312 0.067187
30 0.766406 0.332813 0.060937 0.065625
34 0.841406 0.334375 0.064062 0.068750
8 0.542188 0.435937 0.050000 0.062500
6 0.614062 0.435937 0.068750 0.062500
36 0.704688 0.438281 0.071875 0.067187
18 0.786719 0.436719 0.064062 0.064062
7 0.870313 0.437500 0.065625 0.065625
29 0.540625 0.549219 0.046875 0.070312
13 0.605469 0.546094 0.064062 0.064062
18 0.691406 0.547656 0.067187 0.067187
21 0.765625 0.546094 0.065625 0.064062
34 0.841406 0.548438 0.064062 0.068750
8 0.542188 0.651563 0.050000 0.062500
24 0.615625 0.653125 0.071875 0.065625
8 0.692187 0.651563 0.046875 0.062500
31 0.763281 0.651563 0.064062 0.062500
17 0.842187 0.652344 0.059375 0.064062
