10 0.094531 0.098437 0.064062 0.071875
20 0.169531 0.098437 0.060937 0.071875
21 0.246875 0.094531 0.065625 0.064062
10 0.328906 0.096875 0.064062 0.068750
0 0.403906 0.096875 0.060937 0.068750
32 0.478906 0.093750 0.057813 0.062500
30 0.547656 0.093750 0.057813 0.062500
2 0.092188 0.205469 0.059375 0.064062
12 0.167969 0.205469 0.067187 0.064062
12 0.242969 0.205469 0.067187 0.064062
4 0.326562 0.206250 0.059375 0.065625
15 0.396094 0.212500 0.060937 0.078125
4 0.093750 0.325000 0.062500 0.068750
19 0.171094 0.326562 0.060937 0.071875
35 0.257812 0.322656 0.075000 0.064062
17 0.335938 0.324219 0.062500 0.067187
0 0.411719 0.323437 0.057813 0.065625
32 0.092969 0.439063 0.060937 0.065625
17 0.170313 0.438281 0.059375 0.064062
22 0.251563 0.437500 0.068750 0.062500
25 0.339062 0.439844 0.065625 0.067187
36 0.417187 0.439844 0.071875 0.067187
29 0.492188 0.441406 0.046875 0.070312
36 0.560937 0.439844 0.071875 0.067187
24 0.098437 0.551562 0.071875 0.065625
19 0.177344 0.554688 0.060937 0.071875
27 0.252344 0.552344 0.070312 0.067187
23 0.340625 0.551562 0.065625 0.065625
33 0.095312 0.664062 0.065625 0.068750
2 0.171875 0.661719 0.059375 0.064062
8 0.243750 0.660937 0.050000 0.062500
5 0.314063 0.663281 0.071875 0.067187
27 0.397656 0.664844 0.073438 0.070312
23 0.475000 0.660937 0.062500 0.062500
23 0.559375 0.662500 0.065625 0.065625
