37 0.092188 0.093750 0.059375 0.062500
10 0.164844 0.096875 0.060937 0.068750
13 0.236719 0.094531 0.064062 0.064062
19 0.319531 0.098437 0.064062 0.071875
6 0.393750 0.093750 0.068750 0.062500
35 0.100000 0.205469 0.075000 0.067187
14 0.188281 0.203125 0.060937 0.062500
31 0.266406 0.204687 0.067187 0.065625
22 0.350000 0.204687 0.071875 0.065625
33 0.437500 0.206250 0.065625 0.068750
6 0.096875 0.315625 0.068750 0.062500
18 0.177344 0.317969 0.067187 0.067187
9 0.246875 0.316406 0.056250 0.064062
27 0.319531 0.319531 0.073438 0.070312
5 0.409375 0.317969 0.071875 0.067187
37 0.093750 0.428125 0.062500 0.065625
22 0.171875 0.426563 0.068750 0.062500
20 0.253906 0.431250 0.060937 0.071875
36 0.328125 0.427344 0.068750 0.064062
14 0.405469 0.426563 0.060937 0.062500
3 0.091406 0.540625 0.057813 0.065625
30 0.166406 0.539062 0.057813 0.062500
1 0.245312 0.541406 0.068750 0.067187
16 0.324219 0.539844 0.060937 0.064062
1 0.409375 0.542969 0.071875 0.070312
30 0.546094 0.093750 0.057813 0.062500
30 0.622656 0.093750 0.057813 0.062500
31 0.697656 0.093750 0.064062 0.062500
0 0.772656 0.095312 0.060937 0.065625
4 0.850000 0.096875 0.062500 0.068750
17 0.548438 0.199219 0.062500 0.067187
17 0.623437 0.199219 0.062500 0.067187
33 0.693750 0.198437 0.062500 0.065625
27 0.775781 0.199219 0.070312 0.067187
30 0.547656 0.298438 0.060937 0.062500
4 0.615625 0.300000 0.059375 0.065625
19 0.691406 0.303125 0.060937 0.071875
25 0.770312 0.299219 0.062500 0.064062
7 0.843750 0.298438 0.062500 0.062500
28 0.552344 0.416406 0.070312 0.073438
36 0.631250 0.411719 0.068750 0.064062
18 0.711719 0.411719 0.064062 0.064062
1 0.790625 0.414844 0.071875 0.070312
31 0.874219 0.410938 0.064062 0.062500
20 0.547656 0.531250 0.060937 0.071875
8 0.617188 0.526563 0.050000 0.062500
19 0.689844 0.531250 0.060937 0.071875
31 0.761719 0.526563 0.064062 0.062500
29 0.832812 0.532031 0.050000 0.073438
2 0.901563 0.527344 0.059375 0.064062
17 0.548438 0.646094 0.062500 0.067187
15 0.617969 0.650000 0.057813 0.075000
36 0.692187 0.644531 0.068750 0.064062
28 0.775781 0.649219 0.070312 0.073438
31 0.850781 0.643750 0.064062 0.062500
20 0.547656 0.756250 0.060937 0.071875
15 0.622656 0.757812 0.060937 0.075000
32 0.689844 0.751563 0.057813 0.062500
6 0.762500 0.751563 0.068750 0.062500
36 0.850000 0.753906 0.068750 0.067187
37 0.548438 0.859375 0.062500 0.062500
31 0.633594 0.860938 0.067187 0.065625
36 0.723437 0.861719 0.071875 0.067187
7 0.809375 0.859375 0.062500 0.062500
32 0.889844 0.859375 0.057813 0.062500
