3 0.091406 0.095312 0.057813 0.065625
22 0.164062 0.093750 0.068750 0.062500
11 0.239063 0.096875 0.062500 0.068750
7 0.317188 0.095312 0.065625 0.065625
0 0.388281 0.095312 0.057813 0.065625
12 0.097656 0.208594 0.070312 0.067187
9 0.181250 0.207031 0.056250 0.064062
30 0.260156 0.207813 0.060937 0.065625
32 0.338281 0.206250 0.057813 0.062500
21 0.418750 0.207031 0.065625 0.064062
20 0.092969 0.315625 0.060937 0.071875
34 0.167969 0.315625 0.067187 0.071875
18 0.250781 0.311719 0.064062 0.064062
11 0.329688 0.312500 0.059375 0.065625
3 0.400781 0.312500 0.057813 0.065625
20 0.092969 0.428125 0.060937 0.071875
26 0.166406 0.423438 0.070312 0.062500
21 0.254688 0.424219 0.065625 0.064062
37 0.334375 0.423438 0.059375 0.062500
31 0.413281 0.423438 0.064062 0.062500
36 0.096875 0.530469 0.068750 0.064062
8 0.167187 0.529687 0.046875 0.062500
5 0.242188 0.532031 0.071875 0.067187
29 0.321875 0.533594 0.046875 0.070312
26 0.400781 0.529687 0.070312 0.062500
30 0.092969 0.643750 0.060937 0.065625
8 0.168750 0.642188 0.050000 0.062500
20 0.241406 0.648438 0.064062 0.075000
6 0.328125 0.642188 0.068750 0.062500
37 0.409375 0.642188 0.059375 0.062500
22 0.096875 0.751563 0.068750 0.062500
24 0.187500 0.753125 0.071875 0.065625
16 0.261719 0.752344 0.057813 0.064062
27 0.339844 0.755469 0.073438 0.070312
11 0.092188 0.859375 0.059375 0.065625
11 0.168750 0.860938 0.062500 0.068750
6 0.246875 0.857812 0.068750 0.062500
30 0.324219 0.857812 0.057813 0.062500
33 0.403125 0.860938 0.065625 0.068750
9 0.546875 0.096094 0.059375 0.067187
17 0.615625 0.094531 0.059375 0.064062
35 0.701562 0.096094 0.078125 0.067187
8 0.776563 0.093750 0.050000 0.062500
6 0.553125 0.195312 0.071875 0.065625
22 0.639062 0.193750 0.068750 0.062500
33 0.725000 0.196875 0.065625 0.068750
17 0.798438 0.194531 0.059375 0.064062
6 0.873437 0.195312 0.071875 0.065625
7 0.550000 0.301563 0.065625 0.065625
27 0.638281 0.303906 0.073438 0.070312
6 0.718750 0.301563 0.071875 0.065625
29 0.789062 0.303906 0.046875 0.070312
15 0.852344 0.306250 0.057813 0.075000
15 0.546094 0.414062 0.057813 0.075000
14 0.621094 0.407813 0.060937 0.062500
14 0.702344 0.409375 0.064062 0.065625
15 0.772656 0.414062 0.057813 0.075000
26 0.855469 0.407813 0.070312 0.062500
14 0.549219 0.517188 0.064062 0.065625
11 0.629687 0.517188 0.062500 0.065625
15 0.700781 0.523438 0.060937 0.078125
20 0.778906 0.521875 0.064062 0.075000
24 0.856250 0.515625 0.068750 0.062500
10 0.547656 0.635938 0.060937 0.068750
29 0.620313 0.636719 0.050000 0.070312
7 0.692187 0.632812 0.062500 0.062500
19 0.771094 0.637500 0.060937 0.071875
10 0.842969 0.635938 0.060937 0.068750
35 0.556250 0.741406 0.078125 0.067187
35 0.654687 0.741406 0.078125 0.067187
30 0.739844 0.739062 0.057813 0.062500
27 0.814844 0.742969 0.073438 0.070312
