12 0.096094 0.094531 0.067187 0.064062
9 0.176563 0.094531 0.056250 0.064062
13 0.255469 0.096094 0.067187 0.067187
11 0.326562 0.095312 0.059375 0.065625
13 0.407031 0.094531 0.064062 0.064062
8 0.085938 0.204687 0.046875 0.062500
18 0.157031 0.205469 0.064062 0.064062
17 0.231250 0.205469 0.059375 0.064062
23 0.307812 0.204687 0.062500 0.062500
35 0.385937 0.205469 0.075000 0.064062
12 0.469531 0.207031 0.067187 0.067187
16 0.091406 0.307031 0.057813 0.064062
36 0.176563 0.308594 0.071875 0.067187
15 0.261719 0.314063 0.060937 0.078125
27 0.338281 0.310156 0.073438 0.070312
14 0.425781 0.307812 0.064062 0.065625
20 0.499219 0.310937 0.060937 0.071875
29 0.571875 0.310156 0.046875 0.070312
31 0.094531 0.420312 0.064062 0.062500
26 0.182031 0.420312 0.070312 0.062500
0 0.255469 0.423438 0.060937 0.068750
19 0.333594 0.425000 0.064062 0.071875
35 0.417187 0.421094 0.075000 0.064062
32 0.092969 0.537500 0.060937 0.065625
36 0.175000 0.536719 0.068750 0.064062
27 0.263281 0.538281 0.070312 0.067187
23 0.351562 0.537500 0.065625 0.065625
23 0.428125 0.535937 0.062500 0.062500
3 0.499219 0.539062 0.060937 0.068750
16 0.091406 0.641406 0.057813 0.064062
27 0.169531 0.644531 0.070312 0.070312
21 0.253125 0.641406 0.065625 0.064062
2 0.329688 0.641406 0.059375 0.064062
30 0.092969 0.754687 0.060937 0.062500
27 0.175781 0.758594 0.073438 0.070312
29 0.251563 0.758594 0.046875 0.070312
11 0.325000 0.757812 0.062500 0.068750
4 0.401562 0.756250 0.059375 0.065625
32 0.480469 0.754687 0.057813 0.062500
30 0.552344 0.754687 0.057813 0.062500
