25 0.095312 0.096094 0.065625 0.067187
4 0.176563 0.095312 0.059375 0.065625
32 0.249219 0.093750 0.057813 0.062500
19 0.324219 0.100000 0.064062 0.075000
19 0.396094 0.098437 0.060937 0.071875
36 0.478125 0.094531 0.068750 0.064062
8 0.554688 0.093750 0.046875 0.062500
36 0.098437 0.207031 0.071875 0.067187
36 0.189062 0.205469 0.068750 0.064062
12 0.277344 0.205469 0.067187 0.064062
6 0.367188 0.206250 0.071875 0.065625
23 0.454688 0.206250 0.065625 0.065625
35 0.539062 0.207031 0.078125 0.067187
37 0.618750 0.204687 0.059375 0.062500
27 0.097656 0.311719 0.070312 0.067187
34 0.178906 0.314063 0.067187 0.071875
34 0.264844 0.312500 0.064062 0.068750
16 0.335156 0.310156 0.057813 0.064062
11 0.093750 0.418750 0.062500 0.068750
34 0.166406 0.420312 0.067187 0.071875
5 0.256250 0.417969 0.071875 0.067187
0 0.335156 0.417187 0.057813 0.065625
18 0.405469 0.416406 0.064062 0.064062
13 0.488281 0.416406 0.064062 0.064062
33 0.093750 0.521875 0.062500 0.065625
21 0.178125 0.521094 0.065625 0.064062
20 0.257031 0.525000 0.060937 0.071875
3 0.328906 0.521875 0.057813 0.065625
4 0.407813 0.521875 0.059375 0.065625
19 0.094531 0.631250 0.064062 0.075000
33 0.165625 0.626563 0.062500 0.065625
22 0.243750 0.626563 0.071875 0.065625
13 0.322656 0.627344 0.067187 0.067187
8 0.085938 0.732812 0.046875 0.062500
27 0.164844 0.736719 0.073438 0.070312
27 0.247656 0.736719 0.073438 0.070312
27 0.335156 0.736719 0.073438 0.070312
37 0.414062 0.732812 0.059375 0.062500
29 0.482812 0.736719 0.050000 0.070312
35 0.559375 0.733594 0.075000 0.064062
