33 0.093750 0.095312 0.062500 0.065625
37 0.165625 0.093750 0.062500 0.062500
12 0.241406 0.096094 0.070312 0.067187
10 0.314844 0.096875 0.060937 0.068750
15 0.391406 0.100000 0.060937 0.075000
22 0.098437 0.209375 0.071875 0.065625
23 0.175000 0.209375 0.065625 0.065625
25 0.260937 0.210156 0.065625 0.067187
24 0.346875 0.207813 0.068750 0.062500
13 0.433594 0.208594 0.064062 0.064062
34 0.516406 0.212500 0.067187 0.071875
37 0.595313 0.207813 0.059375 0.062500
36 0.098437 0.322656 0.071875 0.067187
31 0.175781 0.320312 0.064062 0.062500
20 0.252344 0.326562 0.064062 0.075000
22 0.339062 0.321875 0.071875 0.065625
5 0.429688 0.321094 0.068750 0.064062
27 0.097656 0.441406 0.070312 0.067187
5 0.176563 0.439844 0.068750 0.064062
34 0.261719 0.443750 0.067187 0.071875
8 0.326562 0.439063 0.046875 0.062500
15 0.396094 0.445312 0.057813 0.075000
34 0.467969 0.442188 0.064062 0.068750
27 0.552344 0.441406 0.070312 0.067187
8 0.085938 0.554688 0.046875 0.062500
26 0.161719 0.554688 0.070312 0.062500
1 0.250000 0.558594 0.071875 0.070312
9 0.332813 0.557031 0.059375 0.067187
32 0.402344 0.556250 0.060937 0.065625
0 0.471094 0.556250 0.057813 0.065625
4 0.539062 0.557813 0.062500 0.068750
28 0.099219 0.669531 0.073438 0.076563
10 0.175781 0.665625 0.060937 0.068750
13 0.255469 0.663281 0.064062 0.064062
37 0.331250 0.664062 0.062500 0.065625
15 0.403906 0.668750 0.057813 0.075000
17 0.476562 0.663281 0.059375 0.064062
9 0.550000 0.664844 0.059375 0.067187
21 0.095312 0.774219 0.065625 0.064062
15 0.169531 0.779687 0.057813 0.075000
5 0.242188 0.774219 0.068750 0.064062
37 0.326562 0.775000 0.062500 0.065625
11 0.401562 0.776563 0.062500 0.068750
