36 0.096875 0.094531 0.068750 0.064062
35 0.189062 0.094531 0.075000 0.064062
6 0.281250 0.093750 0.068750 0.062500
26 0.369531 0.093750 0.070312 0.062500
4 0.445312 0.095312 0.059375 0.065625
27 0.099219 0.200781 0.073438 0.070312
33 0.187500 0.200000 0.065625 0.068750
4 0.257812 0.198437 0.059375 0.065625
17 0.334375 0.197656 0.059375 0.064062
31 0.094531 0.303125 0.064062 0.062500
25 0.165625 0.303906 0.062500 0.064062
19 0.242969 0.307812 0.060937 0.071875
3 0.310156 0.304688 0.057813 0.065625
14 0.383594 0.304688 0.064062 0.065625
35 0.101562 0.419531 0.078125 0.067187
17 0.182812 0.417969 0.059375 0.064062
0 0.250781 0.418750 0.057813 0.065625
31 0.327344 0.417187 0.064062 0.062500
2 0.410938 0.419531 0.062500 0.067187
31 0.096094 0.521875 0.067187 0.065625
2 0.168750 0.522656 0.062500 0.067187
12 0.253906 0.521094 0.067187 0.064062
22 0.340625 0.521875 0.068750 0.065625
37 0.093750 0.632812 0.062500 0.065625
20 0.169531 0.637500 0.064062 0.075000
13 0.247656 0.632031 0.064062 0.064062
30 0.319531 0.631250 0.057813 0.062500
24 0.403125 0.631250 0.068750 0.062500
27 0.097656 0.742969 0.070312 0.067187
21 0.176563 0.741406 0.065625 0.064062
25 0.259375 0.741406 0.062500 0.064062
0 0.338281 0.743750 0.060937 0.068750
23 0.415625 0.742188 0.065625 0.065625
4 0.546875 0.095312 0.059375 0.065625
6 0.620313 0.093750 0.068750 0.062500
1 0.707812 0.097656 0.071875 0.070312
30 0.791406 0.093750 0.057813 0.062500
8 0.851562 0.093750 0.046875 0.062500
33 0.548438 0.207813 0.062500 0.065625
25 0.629687 0.207031 0.062500 0.064062
22 0.715625 0.206250 0.068750 0.062500
5 0.793750 0.208594 0.071875 0.067187
26 0.875781 0.207813 0.073438 0.065625
17 0.546875 0.316406 0.059375 0.064062
34 0.617969 0.320312 0.067187 0.071875
30 0.699219 0.315625 0.057813 0.062500
31 0.771094 0.317188 0.067187 0.065625
11 0.848437 0.318750 0.062500 0.068750
31 0.550781 0.431250 0.067187 0.065625
16 0.625781 0.430469 0.057813 0.064062
25 0.703125 0.430469 0.062500 0.064062
28 0.778906 0.435156 0.070312 0.073438
12 0.552344 0.547656 0.070312 0.067187
25 0.639062 0.547656 0.065625 0.067187
34 0.724219 0.548438 0.064062 0.068750
3 0.799219 0.546875 0.057813 0.065625
12 0.882031 0.546094 0.067187 0.064062
