9 0.090625 0.094531 0.056250 0.064062
7 0.167187 0.093750 0.062500 0.062500
33 0.243750 0.095312 0.062500 0.065625
7 0.317188 0.093750 0.062500 0.062500
23 0.387500 0.093750 0.062500 0.062500
4 0.459375 0.095312 0.059375 0.065625
14 0.094531 0.198437 0.064062 0.065625
10 0.174219 0.200000 0.060937 0.068750
24 0.253125 0.198437 0.068750 0.065625
26 0.344531 0.198437 0.073438 0.065625
4 0.426563 0.198437 0.059375 0.065625
27 0.510156 0.199219 0.070312 0.067187
19 0.092969 0.309375 0.060937 0.071875
8 0.167187 0.306250 0.050000 0.065625
28 0.239844 0.311719 0.073438 0.076563
35 0.334375 0.307031 0.078125 0.067187
25 0.417187 0.305469 0.062500 0.064062
24 0.500000 0.306250 0.071875 0.065625
35 0.100000 0.424219 0.075000 0.064062
30 0.175781 0.423438 0.057813 0.062500
17 0.250000 0.424219 0.059375 0.064062
3 0.319531 0.425000 0.057813 0.065625
13 0.096094 0.530469 0.067187 0.067187
1 0.178125 0.532031 0.071875 0.070312
4 0.265625 0.531250 0.062500 0.068750
8 0.334375 0.529687 0.050000 0.065625
21 0.400000 0.528906 0.065625 0.064062
