4 0.092188 0.095312 0.059375 0.065625
16 0.164844 0.096094 0.060937 0.067187
17 0.245312 0.094531 0.059375 0.064062
5 0.329688 0.096094 0.071875 0.067187
15 0.405469 0.100000 0.057813 0.075000
11 0.092188 0.206250 0.059375 0.065625
21 0.168750 0.205469 0.065625 0.064062
30 0.244531 0.206250 0.060937 0.065625
24 0.328125 0.204687 0.068750 0.062500
21 0.407813 0.205469 0.065625 0.064062
10 0.092969 0.309375 0.060937 0.068750
5 0.178125 0.307031 0.068750 0.064062
11 0.256250 0.307812 0.062500 0.065625
1 0.340625 0.308594 0.068750 0.067187
21 0.096875 0.411719 0.068750 0.067187
21 0.175000 0.410156 0.065625 0.064062
2 0.248438 0.410156 0.059375 0.064062
16 0.317969 0.410156 0.057813 0.064062
26 0.392969 0.409375 0.070312 0.062500
23 0.093750 0.518750 0.062500 0.062500
29 0.160938 0.522656 0.046875 0.070312
4 0.225000 0.520312 0.059375 0.065625
27 0.299219 0.522656 0.073438 0.070312
13 0.377344 0.521094 0.067187 0.067187
33 0.093750 0.628125 0.062500 0.065625
19 0.169531 0.632812 0.064062 0.075000
15 0.242969 0.632812 0.057813 0.075000
9 0.317188 0.627344 0.056250 0.064062
12 0.552344 0.096094 0.070312 0.067187
1 0.637500 0.097656 0.071875 0.070312
22 0.718750 0.093750 0.068750 0.062500
30 0.792969 0.093750 0.057813 0.062500
20 0.863281 0.098437 0.060937 0.071875
11 0.548438 0.210938 0.062500 0.068750
7 0.623437 0.207813 0.062500 0.062500
31 0.694531 0.207813 0.064062 0.062500
1 0.775000 0.210156 0.068750 0.067187
35 0.556250 0.317969 0.078125 0.067187
23 0.637500 0.315625 0.062500 0.062500
3 0.711719 0.317188 0.057813 0.065625
4 0.792188 0.318750 0.062500 0.068750
11 0.867188 0.318750 0.062500 0.068750
14 0.547656 0.420312 0.060937 0.062500
6 0.623437 0.420312 0.068750 0.062500
12 0.699219 0.421094 0.067187 0.064062
37 0.779687 0.420312 0.059375 0.062500
19 0.850781 0.426563 0.064062 0.075000
3 0.546094 0.539062 0.057813 0.065625
5 0.618750 0.539844 0.071875 0.067187
29 0.695312 0.541406 0.046875 0.070312
34 0.761719 0.542188 0.067187 0.071875
27 0.849219 0.541406 0.073438 0.070312
33 0.548438 0.646875 0.062500 0.065625
33 0.632812 0.646875 0.065625 0.065625
12 0.714844 0.647656 0.070312 0.067187
0 0.797656 0.646875 0.057813 0.065625
22 0.873437 0.646875 0.071875 0.065625
36 0.551562 0.757031 0.068750 0.064062
28 0.632031 0.763281 0.073438 0.076563
1 0.717187 0.760156 0.071875 0.070312
27 0.802344 0.758594 0.070312 0.067187
17 0.878125 0.758594 0.062500 0.067187
