19 0.092969 0.098437 0.060937 0.071875
33 0.175000 0.095312 0.062500 0.065625
19 0.255469 0.098437 0.060937 0.071875
8 0.321875 0.093750 0.046875 0.062500
12 0.400781 0.096094 0.070312 0.067187
27 0.099219 0.210156 0.073438 0.070312
4 0.176563 0.207813 0.062500 0.065625
32 0.249219 0.207813 0.060937 0.065625
9 0.321875 0.208594 0.059375 0.067187
19 0.389844 0.210938 0.060937 0.071875
20 0.460156 0.212500 0.064062 0.075000
18 0.094531 0.325781 0.064062 0.064062
6 0.170313 0.325000 0.068750 0.062500
28 0.250781 0.330469 0.070312 0.073438
34 0.330469 0.328125 0.064062 0.068750
17 0.092188 0.438281 0.059375 0.064062
28 0.169531 0.442969 0.070312 0.073438
19 0.247656 0.442188 0.060937 0.071875
34 0.324219 0.440625 0.064062 0.068750
13 0.402344 0.438281 0.064062 0.064062
29 0.087500 0.550781 0.050000 0.073438
0 0.153906 0.548438 0.060937 0.068750
36 0.239063 0.547656 0.071875 0.067187
26 0.328906 0.546875 0.073438 0.065625
35 0.415625 0.547656 0.078125 0.067187
1 0.501563 0.549219 0.071875 0.070312
7 0.095312 0.659375 0.065625 0.065625
27 0.180469 0.660156 0.070312 0.067187
32 0.252344 0.657813 0.057813 0.062500
15 0.322656 0.664062 0.057813 0.075000
