32 0.091406 0.093750 0.057813 0.062500
36 0.170313 0.096094 0.071875 0.067187
16 0.249219 0.094531 0.057813 0.064062
22 0.331250 0.095312 0.071875 0.065625
9 0.417187 0.096094 0.059375 0.067187
36 0.500000 0.096094 0.071875 0.067187
14 0.582031 0.095312 0.064062 0.065625
2 0.093750 0.197656 0.062500 0.067187
13 0.169531 0.196094 0.064062 0.064062
3 0.246094 0.196875 0.060937 0.065625
17 0.321875 0.196094 0.059375 0.064062
30 0.394531 0.195312 0.057813 0.062500
37 0.460938 0.195312 0.059375 0.062500
11 0.093750 0.300000 0.062500 0.068750
25 0.175000 0.299219 0.065625 0.067187
10 0.253906 0.300000 0.064062 0.068750
3 0.330469 0.298438 0.057813 0.065625
12 0.400781 0.297656 0.067187 0.064062
0 0.477344 0.300000 0.060937 0.068750
3 0.549219 0.298438 0.057813 0.065625
11 0.093750 0.403125 0.062500 0.068750
4 0.168750 0.401562 0.059375 0.065625
18 0.249219 0.400781 0.064062 0.064062
13 0.332031 0.402344 0.067187 0.067187
21 0.409375 0.400781 0.065625 0.064062
0 0.091406 0.512500 0.057813 0.065625
6 0.173437 0.510938 0.068750 0.062500
11 0.254688 0.512500 0.059375 0.065625
35 0.329688 0.511719 0.075000 0.064062
