22 0.096875 0.095312 0.068750 0.065625
8 0.162500 0.093750 0.046875 0.062500
32 0.233594 0.093750 0.060937 0.062500
29 0.307812 0.097656 0.050000 0.070312
23 0.095312 0.198437 0.065625 0.065625
5 0.179688 0.199219 0.071875 0.067187
8 0.253125 0.196875 0.050000 0.062500
8 0.310937 0.196875 0.046875 0.062500
13 0.378906 0.197656 0.064062 0.064062
3 0.092969 0.309375 0.060937 0.068750
8 0.156250 0.306250 0.050000 0.062500
7 0.232813 0.307812 0.065625 0.065625
4 0.310937 0.307812 0.059375 0.065625
4 0.093750 0.417187 0.062500 0.068750
36 0.179688 0.416406 0.071875 0.067187
7 0.256250 0.415625 0.065625 0.065625
9 0.337500 0.414844 0.056250 0.064062
24 0.098437 0.528125 0.071875 0.065625
35 0.181250 0.527344 0.075000 0.064062
2 0.256250 0.527344 0.059375 0.064062
24 0.332813 0.526563 0.068750 0.062500
24 0.423438 0.528125 0.071875 0.065625
17 0.092188 0.635156 0.059375 0.064062
18 0.174219 0.635156 0.064062 0.064062
14 0.249219 0.635938 0.064062 0.065625
35 0.337500 0.635156 0.075000 0.064062
20 0.421094 0.640625 0.064062 0.075000
7 0.548438 0.093750 0.062500 0.062500
25 0.623437 0.094531 0.062500 0.064062
23 0.695312 0.093750 0.062500 0.062500
3 0.769531 0.095312 0.057813 0.065625
12 0.853906 0.096094 0.070312 0.067187
23 0.548438 0.195312 0.062500 0.062500
10 0.619531 0.198437 0.060937 0.068750
25 0.696875 0.196094 0.062500 0.064062
35 0.787500 0.197656 0.078125 0.067187
14 0.549219 0.307812 0.064062 0.065625
15 0.621094 0.312500 0.057813 0.075000
23 0.700000 0.306250 0.062500 0.062500
36 0.775000 0.308594 0.071875 0.067187
17 0.860938 0.308594 0.062500 0.067187
19 0.547656 0.423438 0.060937 0.071875
0 0.624219 0.421875 0.060937 0.068750
14 0.696094 0.418750 0.060937 0.062500
27 0.780469 0.421094 0.070312 0.067187
19 0.866406 0.425000 0.064062 0.075000
30 0.547656 0.532813 0.060937 0.065625
23 0.617188 0.531250 0.062500 0.062500
19 0.700781 0.537500 0.064062 0.075000
16 0.778906 0.533594 0.060937 0.067187
10 0.850781 0.535937 0.064062 0.071875
16 0.547656 0.639844 0.060937 0.064062
25 0.628125 0.639844 0.065625 0.064062
16 0.700781 0.639844 0.057813 0.064062
21 0.775000 0.639844 0.065625 0.064062
18 0.853906 0.639844 0.064062 0.064062
23 0.548438 0.737500 0.062500 0.062500
15 0.619531 0.745313 0.060937 0.078125
34 0.699219 0.740625 0.064062 0.068750
26 0.775781 0.737500 0.070312 0.062500
11 0.850000 0.739062 0.059375 0.065625
