25 0.093750 0.094531 0.062500 0.064062
22 0.173437 0.093750 0.068750 0.062500
22 0.253125 0.093750 0.068750 0.062500
26 0.342969 0.095312 0.073438 0.065625
0 0.091406 0.204687 0.057813 0.065625
1 0.170313 0.207031 0.071875 0.070312
31 0.246094 0.203125 0.064062 0.062500
10 0.330469 0.207813 0.064062 0.071875
17 0.403125 0.203906 0.059375 0.064062
21 0.096875 0.319531 0.068750 0.067187
20 0.177344 0.323437 0.064062 0.075000
29 0.250000 0.321094 0.046875 0.070312
28 0.322656 0.322656 0.070312 0.073438
34 0.399219 0.320312 0.064062 0.068750
19 0.092969 0.435937 0.060937 0.071875
14 0.161719 0.431250 0.060937 0.062500
1 0.246875 0.435156 0.071875 0.070312
27 0.338281 0.435156 0.070312 0.070312
4 0.417187 0.432812 0.059375 0.065625
13 0.096094 0.541406 0.067187 0.067187
11 0.176563 0.542188 0.062500 0.068750
26 0.253906 0.540625 0.070312 0.065625
20 0.333594 0.543750 0.060937 0.071875
16 0.402344 0.539844 0.057813 0.064062
0 0.091406 0.650000 0.057813 0.065625
10 0.169531 0.651563 0.060937 0.068750
1 0.245312 0.650781 0.068750 0.067187
28 0.335156 0.655469 0.073438 0.076563
8 0.404687 0.650000 0.050000 0.065625
30 0.091406 0.764062 0.057813 0.062500
36 0.165625 0.766406 0.071875 0.067187
28 0.252344 0.769531 0.070312 0.073438
36 0.329688 0.764844 0.068750 0.064062
20 0.407031 0.768750 0.064062 0.071875
34 0.550781 0.098437 0.067187 0.071875
8 0.621875 0.093750 0.046875 0.062500
10 0.688281 0.098437 0.064062 0.071875
15 0.764844 0.100000 0.057813 0.075000
21 0.550000 0.208594 0.065625 0.064062
34 0.627344 0.210938 0.064062 0.068750
4 0.706250 0.209375 0.062500 0.065625
29 0.778125 0.211719 0.046875 0.070312
26 0.552344 0.310937 0.070312 0.062500
9 0.631250 0.311719 0.059375 0.064062
2 0.706250 0.313281 0.062500 0.067187
34 0.788281 0.315625 0.067187 0.071875
5 0.868750 0.313281 0.071875 0.067187
9 0.546875 0.424219 0.059375 0.064062
17 0.615625 0.425781 0.062500 0.067187
32 0.689844 0.425000 0.060937 0.065625
22 0.776563 0.425000 0.071875 0.065625
17 0.546875 0.525781 0.059375 0.064062
12 0.628906 0.525781 0.067187 0.064062
31 0.705469 0.525000 0.064062 0.062500
36 0.792188 0.527344 0.071875 0.067187
30 0.874219 0.526563 0.060937 0.065625
27 0.552344 0.638281 0.070312 0.067187
14 0.625781 0.635938 0.060937 0.062500
16 0.697656 0.638281 0.060937 0.067187
1 0.773438 0.638281 0.068750 0.067187
7 0.853125 0.635938 0.062500 0.062500
37 0.546875 0.740625 0.059375 0.062500
34 0.630469 0.745313 0.067187 0.071875
7 0.704688 0.740625 0.062500 0.062500
36 0.782813 0.742969 0.071875 0.067187
26 0.864844 0.742188 0.073438 0.065625
13 0.549219 0.847656 0.064062 0.064062
2 0.626563 0.847656 0.059375 0.064062
30 0.705469 0.846875 0.057813 0.062500
11 0.784375 0.848437 0.059375 0.065625
6 0.865625 0.846875 0.068750 0.062500
