13 0.094531 0.094531 0.064062 0.064062
26 0.180469 0.093750 0.070312 0.062500
5 0.270313 0.094531 0.068750 0.064062
19 0.357031 0.100000 0.064062 0.075000
7 0.432812 0.093750 0.062500 0.062500
12 0.097656 0.208594 0.070312 0.067187
29 0.175000 0.210156 0.046875 0.070312
19 0.236719 0.210938 0.060937 0.071875
34 0.317969 0.209375 0.064062 0.068750
5 0.392188 0.207031 0.068750 0.064062
17 0.473438 0.208594 0.062500 0.067187
8 0.545312 0.206250 0.046875 0.062500
29 0.085938 0.321094 0.046875 0.070312
34 0.153906 0.320312 0.064062 0.068750
10 0.235156 0.321875 0.064062 0.071875
18 0.313281 0.319531 0.067187 0.067187
5 0.390625 0.319531 0.071875 0.067187
16 0.477344 0.319531 0.060937 0.067187
9 0.090625 0.424219 0.056250 0.064062
29 0.156250 0.427344 0.046875 0.070312
9 0.217188 0.424219 0.056250 0.064062
32 0.283594 0.425000 0.060937 0.065625
27 0.366406 0.427344 0.073438 0.070312
15 0.442969 0.431250 0.060937 0.078125
15 0.091406 0.550000 0.057813 0.075000
30 0.166406 0.545312 0.060937 0.065625
5 0.248438 0.544531 0.068750 0.064062
24 0.326562 0.543750 0.068750 0.062500
25 0.410938 0.544531 0.062500 0.064062
18 0.491406 0.544531 0.064062 0.064062
