22 0.098437 0.095312 0.071875 0.065625
27 0.180469 0.097656 0.073438 0.070312
22 0.265625 0.093750 0.068750 0.062500
34 0.344531 0.098437 0.067187 0.071875
5 0.096875 0.200781 0.068750 0.064062
33 0.173437 0.201563 0.062500 0.065625
11 0.254688 0.201563 0.059375 0.065625
34 0.333594 0.204687 0.067187 0.071875
35 0.417187 0.202344 0.075000 0.067187
0 0.499219 0.201563 0.057813 0.065625
15 0.564844 0.206250 0.057813 0.075000
18 0.094531 0.308594 0.064062 0.064062
32 0.171094 0.307812 0.060937 0.062500
12 0.252344 0.308594 0.067187 0.064062
34 0.333594 0.310937 0.064062 0.068750
33 0.415625 0.309375 0.065625 0.065625
24 0.098437 0.415625 0.071875 0.065625
31 0.175781 0.414062 0.064062 0.062500
9 0.251563 0.414844 0.056250 0.064062
0 0.325781 0.415625 0.057813 0.065625
13 0.408594 0.416406 0.067187 0.067187
1 0.489063 0.416406 0.068750 0.067187
11 0.092188 0.515625 0.059375 0.065625
31 0.174219 0.514062 0.064062 0.062500
19 0.246094 0.520312 0.064062 0.075000
2 0.321875 0.516406 0.062500 0.067187
15 0.389844 0.520312 0.057813 0.075000
9 0.092188 0.627344 0.059375 0.067187
12 0.164844 0.625781 0.067187 0.064062
3 0.247656 0.626563 0.057813 0.065625
20 0.319531 0.629687 0.064062 0.071875
0 0.394531 0.628125 0.060937 0.068750
26 0.469531 0.625000 0.070312 0.062500
