28 0.099219 0.100781 0.073438 0.076563
10 0.175781 0.098437 0.064062 0.071875
9 0.243750 0.094531 0.056250 0.064062
9 0.320312 0.094531 0.056250 0.064062
25 0.093750 0.211719 0.062500 0.064062
10 0.174219 0.214062 0.060937 0.068750
7 0.248438 0.210938 0.062500 0.062500
5 0.329688 0.213281 0.071875 0.067187
22 0.410938 0.210938 0.068750 0.062500
10 0.092969 0.320312 0.060937 0.068750
8 0.167187 0.317188 0.046875 0.062500
29 0.226562 0.322656 0.050000 0.073438
5 0.298438 0.319531 0.071875 0.067187
31 0.094531 0.429688 0.064062 0.062500
3 0.172656 0.432812 0.060937 0.068750
27 0.249219 0.432031 0.070312 0.067187
17 0.334375 0.430469 0.059375 0.064062
8 0.404687 0.429688 0.046875 0.062500
29 0.473438 0.433594 0.050000 0.070312
13 0.094531 0.535156 0.064062 0.064062
9 0.164062 0.536719 0.059375 0.067187
17 0.237500 0.536719 0.062500 0.067187
8 0.304688 0.534375 0.046875 0.062500
29 0.364063 0.538281 0.046875 0.070312
16 0.428906 0.535156 0.057813 0.064062
37 0.093750 0.639062 0.062500 0.065625
15 0.167969 0.643750 0.060937 0.075000
24 0.243750 0.637500 0.068750 0.062500
34 0.330469 0.642188 0.067187 0.071875
30 0.403906 0.637500 0.060937 0.062500
20 0.092969 0.757812 0.060937 0.071875
19 0.167969 0.757812 0.060937 0.071875
15 0.247656 0.759375 0.057813 0.075000
34 0.316406 0.756250 0.064062 0.068750
21 0.096875 0.869531 0.068750 0.067187
37 0.176563 0.868750 0.062500 0.065625
7 0.248438 0.868750 0.065625 0.065625
25 0.334375 0.869531 0.065625 0.067187
7 0.407813 0.867188 0.062500 0.062500
19 0.486719 0.871875 0.060937 0.071875
26 0.563281 0.867188 0.070312 0.062500
