2 0.092188 0.094531 0.059375 0.064062
24 0.173437 0.093750 0.068750 0.062500
10 0.249219 0.096875 0.060937 0.068750
21 0.323437 0.096094 0.068750 0.067187
32 0.405469 0.095312 0.060937 0.065625
9 0.092188 0.199219 0.059375 0.067187
11 0.164062 0.200000 0.062500 0.068750
23 0.246875 0.198437 0.065625 0.065625
27 0.333594 0.200781 0.073438 0.070312
33 0.420312 0.200000 0.065625 0.068750
0 0.091406 0.306250 0.057813 0.065625
6 0.164062 0.304688 0.068750 0.062500
6 0.243750 0.304688 0.068750 0.062500
10 0.316406 0.307812 0.060937 0.068750
20 0.386719 0.309375 0.060937 0.071875
10 0.469531 0.309375 0.064062 0.071875
19 0.094531 0.415625 0.064062 0.075000
11 0.171875 0.410938 0.059375 0.065625
35 0.251563 0.410156 0.075000 0.064062
8 0.326562 0.410938 0.050000 0.065625
16 0.397656 0.411719 0.060937 0.067187
28 0.478906 0.416406 0.073438 0.076563
17 0.557813 0.411719 0.062500 0.067187
28 0.097656 0.527344 0.070312 0.073438
19 0.185156 0.528125 0.064062 0.075000
37 0.256250 0.521875 0.059375 0.062500
3 0.322656 0.523438 0.057813 0.065625
