5 0.096875 0.094531 0.068750 0.064062
26 0.178906 0.093750 0.070312 0.062500
15 0.261719 0.100000 0.057813 0.075000
28 0.339844 0.099219 0.070312 0.073438
6 0.417187 0.093750 0.068750 0.062500
22 0.096875 0.210938 0.068750 0.062500
10 0.175781 0.214062 0.060937 0.068750
30 0.250781 0.210938 0.057813 0.062500
11 0.318750 0.214062 0.062500 0.068750
32 0.386719 0.210938 0.057813 0.062500
23 0.457813 0.212500 0.065625 0.065625
21 0.535937 0.213281 0.068750 0.067187
5 0.096875 0.324219 0.068750 0.064062
7 0.178125 0.323437 0.062500 0.062500
34 0.261719 0.326562 0.064062 0.068750
22 0.346875 0.323437 0.068750 0.062500
7 0.431250 0.325000 0.065625 0.065625
24 0.517188 0.325000 0.071875 0.065625
35 0.101562 0.432031 0.078125 0.067187
16 0.178906 0.430469 0.057813 0.064062
26 0.253906 0.431250 0.073438 0.065625
34 0.335156 0.432812 0.064062 0.068750
28 0.411719 0.436719 0.073438 0.076563
27 0.496094 0.433594 0.073438 0.070312
18 0.094531 0.542969 0.064062 0.064062
31 0.174219 0.542188 0.064062 0.062500
14 0.244531 0.542188 0.060937 0.062500
31 0.321094 0.542188 0.064062 0.062500
18 0.396094 0.542969 0.064062 0.064062
8 0.471875 0.542188 0.046875 0.062500
