17 0.092188 0.094531 0.059375 0.064062
2 0.160938 0.096094 0.062500 0.067187
20 0.239844 0.098437 0.064062 0.071875
20 0.317969 0.100000 0.064062 0.075000
32 0.400781 0.095312 0.060937 0.065625
22 0.482812 0.093750 0.068750 0.062500
22 0.570312 0.095312 0.071875 0.065625
19 0.094531 0.218750 0.064062 0.075000
36 0.178125 0.214844 0.071875 0.067187
32 0.263281 0.212500 0.057813 0.062500
11 0.329688 0.214062 0.059375 0.065625
9 0.090625 0.322656 0.056250 0.064062
36 0.171875 0.322656 0.068750 0.064062
7 0.251563 0.323437 0.065625 0.065625
9 0.331250 0.322656 0.059375 0.064062
36 0.415625 0.324219 0.071875 0.067187
18 0.094531 0.424219 0.064062 0.064062
4 0.173437 0.425000 0.059375 0.065625
29 0.246875 0.427344 0.050000 0.070312
19 0.314844 0.429688 0.064062 0.075000
6 0.389062 0.423438 0.068750 0.062500
28 0.480469 0.430469 0.073438 0.076563
17 0.093750 0.544531 0.062500 0.067187
3 0.167969 0.543750 0.057813 0.065625
28 0.249219 0.547656 0.070312 0.073438
0 0.330469 0.543750 0.057813 0.065625
18 0.399219 0.542969 0.064062 0.064062
22 0.476562 0.543750 0.071875 0.065625
14 0.563281 0.543750 0.064062 0.065625
10 0.092969 0.660937 0.060937 0.068750
30 0.167969 0.657813 0.057813 0.062500
16 0.233594 0.658594 0.057813 0.064062
12 0.316406 0.660156 0.070312 0.067187
26 0.407031 0.657813 0.070312 0.062500
21 0.492188 0.658594 0.065625 0.064062
