11 0.093750 0.096875 0.062500 0.068750
3 0.172656 0.095312 0.057813 0.065625
6 0.251563 0.093750 0.068750 0.062500
32 0.330469 0.095312 0.060937 0.065625
30 0.091406 0.195312 0.057813 0.062500
16 0.161719 0.196094 0.057813 0.064062
30 0.233594 0.196875 0.060937 0.065625
13 0.314844 0.196094 0.064062 0.064062
24 0.096875 0.298438 0.068750 0.062500
28 0.175781 0.303906 0.070312 0.073438
29 0.254688 0.302344 0.046875 0.070312
29 0.314063 0.302344 0.050000 0.070312
19 0.378906 0.303125 0.060937 0.071875
36 0.096875 0.410156 0.068750 0.064062
16 0.169531 0.411719 0.060937 0.067187
3 0.239844 0.412500 0.060937 0.068750
37 0.310937 0.409375 0.059375 0.062500
18 0.380469 0.410156 0.064062 0.064062
13 0.094531 0.522656 0.064062 0.064062
30 0.174219 0.523438 0.060937 0.065625
36 0.260937 0.524219 0.071875 0.067187
33 0.339062 0.523438 0.062500 0.065625
1 0.551562 0.096094 0.068750 0.067187
18 0.638281 0.094531 0.064062 0.064062
26 0.714844 0.093750 0.070312 0.062500
7 0.789062 0.093750 0.062500 0.062500
2 0.864062 0.094531 0.059375 0.064062
17 0.548438 0.199219 0.062500 0.067187
13 0.630469 0.197656 0.064062 0.064062
36 0.712500 0.199219 0.071875 0.067187
27 0.800781 0.200781 0.073438 0.070312
26 0.553906 0.310937 0.073438 0.065625
9 0.639062 0.310156 0.056250 0.064062
33 0.715625 0.310937 0.062500 0.065625
16 0.794531 0.310156 0.057813 0.064062
27 0.878906 0.313281 0.073438 0.070312
33 0.548438 0.418750 0.062500 0.065625
14 0.632031 0.418750 0.064062 0.065625
33 0.714063 0.418750 0.062500 0.065625
2 0.792188 0.419531 0.062500 0.067187
14 0.869531 0.417187 0.060937 0.062500
23 0.550000 0.521875 0.065625 0.065625
14 0.627344 0.520312 0.060937 0.062500
2 0.696875 0.522656 0.062500 0.067187
0 0.771094 0.521875 0.060937 0.065625
32 0.844531 0.520312 0.057813 0.062500
6 0.551562 0.626563 0.068750 0.062500
8 0.621875 0.628125 0.050000 0.065625
30 0.696094 0.626563 0.057813 0.062500
14 0.769531 0.626563 0.060937 0.062500
7 0.548438 0.729688 0.062500 0.062500
28 0.632031 0.736719 0.073438 0.076563
21 0.712500 0.730469 0.065625 0.064062
21 0.793750 0.730469 0.065625 0.064062
8 0.864062 0.729688 0.046875 0.062500
8 0.540625 0.850000 0.046875 0.062500
11 0.610938 0.851562 0.062500 0.065625
34 0.694531 0.853125 0.064062 0.068750
34 0.769531 0.853125 0.064062 0.068750
29 0.845313 0.853906 0.050000 0.070312
