37 0.092188 0.093750 0.059375 0.062500
15 0.161719 0.100000 0.057813 0.075000
4 0.232813 0.095312 0.059375 0.065625
13 0.310156 0.096094 0.067187 0.067187
5 0.392188 0.096094 0.071875 0.067187
22 0.473438 0.093750 0.068750 0.062500
24 0.554688 0.093750 0.068750 0.062500
28 0.099219 0.210156 0.073438 0.076563
16 0.183594 0.203906 0.057813 0.064062
22 0.265625 0.203125 0.068750 0.062500
29 0.332813 0.208594 0.050000 0.073438
13 0.403906 0.205469 0.067187 0.067187
15 0.478906 0.209375 0.060937 0.075000
10 0.094531 0.328125 0.064062 0.071875
5 0.178125 0.325781 0.071875 0.067187
20 0.258594 0.329688 0.064062 0.075000
6 0.342187 0.323437 0.068750 0.062500
14 0.425781 0.323437 0.064062 0.062500
29 0.495312 0.327344 0.046875 0.070312
3 0.092969 0.445312 0.060937 0.068750
35 0.171875 0.442969 0.075000 0.064062
7 0.253125 0.442188 0.062500 0.062500
11 0.325000 0.443750 0.059375 0.065625
29 0.396875 0.446094 0.050000 0.070312
37 0.465625 0.443750 0.062500 0.065625
11 0.540625 0.443750 0.059375 0.065625
1 0.096875 0.553906 0.068750 0.067187
3 0.169531 0.553125 0.057813 0.065625
5 0.248438 0.552344 0.068750 0.064062
17 0.329688 0.552344 0.059375 0.064062
7 0.410938 0.551562 0.062500 0.062500
27 0.489844 0.553906 0.070312 0.067187
36 0.578125 0.553906 0.071875 0.067187
8 0.087500 0.653125 0.050000 0.062500
19 0.152344 0.659375 0.064062 0.075000
15 0.230469 0.659375 0.057813 0.075000
23 0.310937 0.653125 0.062500 0.062500
33 0.393750 0.656250 0.065625 0.068750
9 0.092188 0.766406 0.059375 0.064062
6 0.173437 0.765625 0.068750 0.062500
34 0.252344 0.770312 0.067187 0.071875
12 0.335156 0.767969 0.070312 0.067187
34 0.096094 0.882812 0.067187 0.071875
22 0.181250 0.878125 0.068750 0.062500
2 0.259375 0.880469 0.062500 0.067187
14 0.341406 0.879687 0.064062 0.065625
