1 0.098437 0.097656 0.071875 0.070312
28 0.188281 0.099219 0.070312 0.073438
1 0.267188 0.096094 0.068750 0.067187
9 0.342187 0.096094 0.059375 0.067187
19 0.414844 0.098437 0.060937 0.071875
1 0.500000 0.096094 0.068750 0.067187
28 0.097656 0.210156 0.070312 0.073438
12 0.186719 0.205469 0.067187 0.064062
6 0.271875 0.204687 0.068750 0.062500
28 0.361719 0.210156 0.070312 0.073438
25 0.095312 0.319531 0.065625 0.067187
10 0.177344 0.320312 0.060937 0.068750
11 0.257812 0.318750 0.059375 0.065625
27 0.338281 0.319531 0.070312 0.067187
19 0.422656 0.321875 0.060937 0.071875
14 0.503906 0.318750 0.064062 0.065625
7 0.587500 0.317188 0.062500 0.062500
11 0.093750 0.431250 0.062500 0.068750
4 0.176563 0.431250 0.062500 0.068750
17 0.251563 0.428906 0.059375 0.064062
11 0.332813 0.431250 0.062500 0.068750
34 0.403906 0.431250 0.064062 0.068750
17 0.485938 0.428906 0.059375 0.064062
37 0.093750 0.539062 0.062500 0.065625
10 0.171094 0.540625 0.060937 0.068750
36 0.254688 0.538281 0.068750 0.064062
33 0.334375 0.540625 0.065625 0.068750
16 0.411719 0.539844 0.060937 0.067187
30 0.492969 0.539062 0.060937 0.065625
8 0.556250 0.537500 0.050000 0.062500
6 0.098437 0.643750 0.071875 0.065625
32 0.180469 0.643750 0.060937 0.065625
10 0.263281 0.646875 0.064062 0.071875
23 0.339062 0.643750 0.065625 0.065625
28 0.422656 0.649219 0.073438 0.076563
34 0.500781 0.646875 0.067187 0.071875
