32 0.091406 0.093750 0.057813 0.062500
25 0.173437 0.096094 0.065625 0.067187
19 0.255469 0.100000 0.064062 0.075000
24 0.329688 0.093750 0.068750 0.062500
3 0.411719 0.096875 0.060937 0.068750
21 0.096875 0.207031 0.068750 0.067187
31 0.178906 0.204687 0.064062 0.062500
20 0.260156 0.209375 0.060937 0.071875
11 0.339062 0.207813 0.062500 0.068750
17 0.420312 0.207031 0.062500 0.067187
22 0.096875 0.315625 0.068750 0.062500
15 0.180469 0.321875 0.057813 0.075000
2 0.248438 0.316406 0.059375 0.064062
33 0.320312 0.317188 0.062500 0.065625
28 0.407031 0.321094 0.070312 0.073438
28 0.099219 0.433594 0.073438 0.076563
29 0.168750 0.430469 0.046875 0.070312
37 0.235937 0.428125 0.062500 0.065625
26 0.321094 0.426563 0.070312 0.062500
17 0.404687 0.428906 0.062500 0.067187
20 0.092969 0.546875 0.060937 0.071875
10 0.161719 0.545312 0.060937 0.068750
19 0.241406 0.546875 0.060937 0.071875
35 0.317188 0.542969 0.075000 0.064062
1 0.396875 0.544531 0.068750 0.067187
31 0.096094 0.650000 0.067187 0.065625
0 0.172656 0.650000 0.057813 0.065625
3 0.242969 0.650000 0.057813 0.065625
33 0.315625 0.651563 0.065625 0.068750
1 0.393750 0.652344 0.071875 0.070312
34 0.094531 0.765625 0.064062 0.068750
13 0.175781 0.763281 0.064062 0.064062
7 0.256250 0.762500 0.062500 0.062500
7 0.332813 0.762500 0.062500 0.062500
21 0.095312 0.875781 0.065625 0.064062
36 0.176563 0.877344 0.071875 0.067187
21 0.260937 0.875781 0.065625 0.064062
16 0.333594 0.877344 0.060937 0.067187
26 0.417969 0.876563 0.073438 0.065625
15 0.546094 0.100000 0.057813 0.075000
0 0.619531 0.095312 0.057813 0.065625
7 0.701562 0.095312 0.065625 0.065625
35 0.779687 0.094531 0.075000 0.064062
36 0.551562 0.202344 0.068750 0.064062
25 0.639062 0.203906 0.065625 0.067187
12 0.721094 0.202344 0.067187 0.064062
5 0.803125 0.203906 0.071875 0.067187
35 0.892188 0.203906 0.078125 0.067187
24 0.553125 0.306250 0.071875 0.065625
22 0.637500 0.306250 0.071875 0.065625
28 0.724219 0.310156 0.070312 0.073438
24 0.807813 0.304688 0.068750 0.062500
31 0.889844 0.304688 0.064062 0.062500
13 0.549219 0.416406 0.064062 0.064062
12 0.635156 0.416406 0.067187 0.064062
35 0.714063 0.416406 0.075000 0.064062
9 0.795312 0.416406 0.056250 0.064062
10 0.875781 0.418750 0.064062 0.068750
4 0.548438 0.520312 0.062500 0.068750
24 0.632812 0.517188 0.068750 0.062500
15 0.717969 0.523438 0.060937 0.075000
26 0.803906 0.517188 0.070312 0.062500
3 0.883594 0.520312 0.060937 0.068750
2 0.548438 0.627344 0.062500 0.067187
36 0.625000 0.627344 0.071875 0.067187
15 0.707031 0.631250 0.057813 0.075000
5 0.782813 0.625781 0.068750 0.064062
19 0.547656 0.748437 0.060937 0.071875
4 0.620313 0.745313 0.059375 0.065625
25 0.693750 0.746094 0.065625 0.067187
35 0.782813 0.744531 0.075000 0.064062
28 0.877344 0.750781 0.073438 0.076563
21 0.550000 0.861719 0.065625 0.064062
19 0.622656 0.867188 0.064062 0.075000
29 0.692187 0.864844 0.050000 0.070312
18 0.767969 0.861719 0.064062 0.064062
