36 0.096875 0.096094 0.068750 0.067187
13 0.183594 0.094531 0.064062 0.064062
14 0.255469 0.095312 0.064062 0.065625
23 0.335938 0.093750 0.062500 0.062500
10 0.417969 0.098437 0.064062 0.071875
22 0.503125 0.095312 0.071875 0.065625
33 0.581250 0.095312 0.062500 0.065625
3 0.092969 0.212500 0.060937 0.068750
1 0.168750 0.211719 0.068750 0.067187
25 0.253125 0.210156 0.062500 0.064062
20 0.324219 0.215625 0.064062 0.075000
21 0.406250 0.211719 0.068750 0.067187
2 0.484375 0.211719 0.062500 0.067187
1 0.096875 0.319531 0.068750 0.067187
4 0.181250 0.320312 0.062500 0.068750
0 0.255469 0.318750 0.057813 0.065625
16 0.328906 0.317969 0.057813 0.064062
6 0.406250 0.318750 0.071875 0.065625
21 0.492188 0.317969 0.065625 0.064062
1 0.568750 0.319531 0.068750 0.067187
9 0.090625 0.419531 0.056250 0.064062
36 0.170313 0.419531 0.068750 0.064062
13 0.247656 0.419531 0.064062 0.064062
21 0.328125 0.421094 0.068750 0.067187
18 0.408594 0.421094 0.067187 0.067187
30 0.091406 0.523438 0.057813 0.062500
32 0.171094 0.523438 0.060937 0.062500
3 0.244531 0.525000 0.057813 0.065625
10 0.313281 0.528125 0.064062 0.071875
2 0.395313 0.524219 0.059375 0.064062
2 0.475000 0.525781 0.062500 0.067187
7 0.093750 0.635938 0.062500 0.062500
11 0.173437 0.637500 0.062500 0.065625
16 0.242969 0.636719 0.057813 0.064062
14 0.313281 0.637500 0.064062 0.065625
10 0.386719 0.639062 0.060937 0.068750
27 0.460156 0.638281 0.070312 0.067187
9 0.092188 0.747656 0.059375 0.064062
32 0.161719 0.746875 0.060937 0.062500
10 0.239844 0.750000 0.064062 0.068750
4 0.314063 0.748437 0.062500 0.065625
