27 0.099219 0.097656 0.073438 0.070312
33 0.179688 0.096875 0.065625 0.068750
14 0.263281 0.095312 0.064062 0.065625
21 0.339062 0.094531 0.065625 0.064062
11 0.417187 0.095312 0.059375 0.065625
18 0.096094 0.205469 0.067187 0.067187
21 0.182812 0.205469 0.068750 0.067187
3 0.258594 0.206250 0.060937 0.068750
12 0.333594 0.203906 0.067187 0.064062
6 0.098437 0.306250 0.071875 0.065625
37 0.173437 0.304688 0.059375 0.062500
29 0.245312 0.310156 0.050000 0.073438
21 0.320312 0.305469 0.065625 0.064062
23 0.398438 0.306250 0.065625 0.065625
20 0.092969 0.421875 0.060937 0.071875
20 0.163281 0.421875 0.060937 0.071875
16 0.244531 0.419531 0.060937 0.067187
18 0.322656 0.419531 0.067187 0.067187
21 0.095312 0.527344 0.065625 0.064062
30 0.169531 0.526563 0.057813 0.062500
36 0.253125 0.527344 0.068750 0.064062
4 0.331250 0.528125 0.059375 0.065625
13 0.094531 0.633594 0.064062 0.064062
16 0.167969 0.633594 0.057813 0.064062
26 0.246094 0.632812 0.070312 0.062500
1 0.328125 0.635156 0.068750 0.067187
7 0.406250 0.632812 0.062500 0.062500
16 0.091406 0.736719 0.057813 0.064062
7 0.165625 0.735938 0.062500 0.062500
12 0.249219 0.738281 0.070312 0.067187
7 0.332813 0.737500 0.065625 0.065625
5 0.415625 0.738281 0.071875 0.067187
26 0.097656 0.842187 0.070312 0.062500
20 0.171094 0.846875 0.060937 0.071875
1 0.245312 0.846094 0.071875 0.070312
23 0.334375 0.843750 0.065625 0.065625
2 0.409375 0.844531 0.062500 0.067187
2 0.548438 0.094531 0.062500 0.064062
15 0.625781 0.100000 0.057813 0.075000
15 0.699219 0.100000 0.057813 0.075000
4 0.770312 0.095312 0.059375 0.065625
37 0.840625 0.093750 0.059375 0.062500
30 0.547656 0.206250 0.060937 0.065625
13 0.617969 0.205469 0.064062 0.064062
15 0.691406 0.210938 0.057813 0.075000
23 0.768750 0.204687 0.062500 0.062500
33 0.840625 0.206250 0.062500 0.065625
2 0.548438 0.324219 0.062500 0.067187
25 0.631250 0.322656 0.062500 0.064062
26 0.714844 0.321875 0.070312 0.062500
24 0.804688 0.321875 0.068750 0.062500
18 0.892969 0.324219 0.067187 0.067187
10 0.549219 0.435937 0.064062 0.071875
5 0.625000 0.433594 0.071875 0.067187
28 0.714844 0.436719 0.070312 0.073438
4 0.798438 0.432812 0.059375 0.065625
19 0.874219 0.435937 0.060937 0.071875
33 0.548438 0.539062 0.062500 0.065625
15 0.617969 0.545312 0.060937 0.078125
5 0.693750 0.539844 0.071875 0.067187
25 0.781250 0.539844 0.065625 0.067187
2 0.865625 0.538281 0.062500 0.064062
8 0.540625 0.651563 0.046875 0.062500
21 0.609375 0.653906 0.068750 0.067187
36 0.695312 0.653906 0.071875 0.067187
16 0.777344 0.652344 0.057813 0.064062
10 0.853906 0.656250 0.064062 0.071875
