25 0.095312 0.096094 0.065625 0.067187
35 0.185938 0.094531 0.075000 0.064062
26 0.271094 0.095312 0.070312 0.065625
19 0.357031 0.098437 0.060937 0.071875
23 0.435937 0.093750 0.062500 0.062500
5 0.098437 0.211719 0.071875 0.067187
36 0.187500 0.211719 0.071875 0.067187
23 0.268750 0.209375 0.062500 0.062500
16 0.336719 0.210156 0.057813 0.064062
0 0.414844 0.210938 0.057813 0.065625
31 0.094531 0.317188 0.064062 0.062500
2 0.173437 0.317969 0.059375 0.064062
7 0.243750 0.317188 0.062500 0.062500
5 0.328125 0.319531 0.071875 0.067187
31 0.410156 0.317188 0.064062 0.062500
19 0.094531 0.426563 0.064062 0.071875
34 0.167969 0.426563 0.067187 0.071875
2 0.246875 0.422656 0.059375 0.064062
14 0.321094 0.421875 0.060937 0.062500
33 0.393750 0.423438 0.062500 0.065625
16 0.092969 0.539844 0.060937 0.067187
1 0.173437 0.539844 0.068750 0.067187
3 0.255469 0.540625 0.060937 0.068750
2 0.326562 0.538281 0.059375 0.064062
32 0.403906 0.537500 0.060937 0.062500
13 0.094531 0.647656 0.064062 0.064062
22 0.182812 0.648438 0.071875 0.065625
25 0.260937 0.647656 0.062500 0.064062
9 0.340625 0.647656 0.056250 0.064062
20 0.410156 0.651563 0.060937 0.071875
20 0.547656 0.098437 0.060937 0.071875
31 0.625781 0.095312 0.067187 0.065625
19 0.703906 0.100000 0.064062 0.075000
20 0.780469 0.098437 0.060937 0.071875
24 0.854688 0.095312 0.071875 0.065625
36 0.551562 0.213281 0.068750 0.064062
33 0.626563 0.214062 0.062500 0.065625
34 0.711719 0.217188 0.067187 0.071875
10 0.792969 0.217188 0.064062 0.071875
20 0.867969 0.217188 0.064062 0.071875
2 0.546875 0.319531 0.059375 0.064062
17 0.620313 0.319531 0.059375 0.064062
23 0.701562 0.318750 0.062500 0.062500
24 0.781250 0.320312 0.071875 0.065625
18 0.550781 0.425781 0.067187 0.067187
13 0.635156 0.424219 0.064062 0.064062
15 0.717969 0.431250 0.060937 0.078125
5 0.804688 0.425781 0.071875 0.067187
7 0.889062 0.423438 0.062500 0.062500
26 0.552344 0.535937 0.070312 0.062500
7 0.637500 0.537500 0.065625 0.065625
35 0.715625 0.536719 0.075000 0.064062
22 0.807813 0.535937 0.068750 0.062500
6 0.892188 0.537500 0.071875 0.065625
