16 0.091406 0.094531 0.057813 0.064062
6 0.167187 0.093750 0.068750 0.062500
26 0.250781 0.095312 0.073438 0.065625
2 0.326562 0.094531 0.062500 0.064062
5 0.406250 0.094531 0.068750 0.064062
21 0.489063 0.094531 0.065625 0.064062
2 0.573438 0.094531 0.062500 0.064062
24 0.096875 0.195312 0.068750 0.062500
4 0.171875 0.198437 0.062500 0.068750
30 0.244531 0.195312 0.057813 0.062500
7 0.318750 0.196875 0.065625 0.065625
7 0.093750 0.300000 0.062500 0.062500
30 0.167969 0.301563 0.060937 0.065625
15 0.246094 0.306250 0.060937 0.075000
2 0.328125 0.302344 0.062500 0.067187
18 0.400781 0.300781 0.064062 0.064062
12 0.480469 0.302344 0.070312 0.067187
28 0.097656 0.416406 0.070312 0.073438
23 0.184375 0.412500 0.065625 0.065625
26 0.263281 0.410938 0.070312 0.062500
17 0.335938 0.411719 0.059375 0.064062
7 0.093750 0.520312 0.062500 0.062500
11 0.164062 0.521875 0.059375 0.065625
34 0.239844 0.523438 0.064062 0.068750
21 0.320312 0.521094 0.065625 0.064062
8 0.398438 0.520312 0.050000 0.062500
31 0.474219 0.520312 0.064062 0.062500
20 0.555469 0.525000 0.060937 0.071875
17 0.093750 0.632031 0.062500 0.067187
19 0.171094 0.634375 0.060937 0.071875
22 0.253125 0.631250 0.068750 0.065625
6 0.332813 0.629687 0.068750 0.062500
6 0.412500 0.629687 0.068750 0.062500
17 0.092188 0.744531 0.059375 0.064062
1 0.173437 0.746094 0.068750 0.067187
29 0.250000 0.747656 0.046875 0.070312
26 0.328906 0.745313 0.070312 0.065625
34 0.096094 0.854688 0.067187 0.071875
9 0.175000 0.850781 0.056250 0.064062
7 0.253125 0.850000 0.062500 0.062500
36 0.339062 0.852344 0.071875 0.067187
