31 0.094531 0.093750 0.064062 0.062500
17 0.173437 0.094531 0.059375 0.064062
35 0.253125 0.096094 0.078125 0.067187
8 0.328125 0.093750 0.046875 0.062500
9 0.398438 0.094531 0.056250 0.064062
27 0.482031 0.096094 0.070312 0.067187
21 0.096875 0.203906 0.068750 0.067187
33 0.179688 0.203125 0.062500 0.065625
4 0.257812 0.203125 0.059375 0.065625
11 0.331250 0.203125 0.059375 0.065625
31 0.410156 0.201563 0.064062 0.062500
17 0.490625 0.202344 0.059375 0.064062
34 0.572656 0.206250 0.067187 0.071875
19 0.094531 0.321875 0.064062 0.075000
15 0.164844 0.321875 0.057813 0.075000
27 0.239844 0.319531 0.073438 0.070312
10 0.327344 0.318750 0.060937 0.068750
33 0.407813 0.318750 0.065625 0.068750
34 0.096094 0.428125 0.067187 0.071875
32 0.172656 0.423438 0.057813 0.062500
32 0.244531 0.423438 0.057813 0.062500
27 0.322656 0.427344 0.073438 0.070312
35 0.407813 0.424219 0.075000 0.064062
8 0.085938 0.531250 0.046875 0.062500
24 0.154688 0.531250 0.068750 0.062500
21 0.234375 0.533594 0.065625 0.067187
19 0.307031 0.535937 0.060937 0.071875
29 0.381250 0.535156 0.046875 0.070312
23 0.451562 0.531250 0.062500 0.062500
9 0.090625 0.636719 0.056250 0.064062
4 0.159375 0.637500 0.059375 0.065625
7 0.229687 0.637500 0.065625 0.065625
37 0.306250 0.635938 0.059375 0.062500
12 0.388281 0.638281 0.070312 0.067187
22 0.468750 0.637500 0.068750 0.065625
25 0.554688 0.636719 0.062500 0.064062
32 0.092969 0.743750 0.060937 0.065625
14 0.166406 0.742188 0.060937 0.062500
9 0.237500 0.742969 0.059375 0.064062
30 0.311719 0.743750 0.060937 0.065625
35 0.389062 0.742969 0.075000 0.064062
26 0.097656 0.845313 0.070312 0.062500
23 0.184375 0.845313 0.062500 0.062500
13 0.260156 0.846094 0.064062 0.064062
4 0.335938 0.848437 0.062500 0.068750
28 0.416406 0.850781 0.070312 0.073438
4 0.496875 0.848437 0.062500 0.068750
