7 0.093750 0.093750 0.062500 0.062500
15 0.172656 0.100000 0.057813 0.075000
11 0.246875 0.095312 0.059375 0.065625
6 0.326562 0.093750 0.068750 0.062500
24 0.098437 0.203125 0.071875 0.065625
34 0.175781 0.204687 0.064062 0.068750
16 0.249219 0.202344 0.060937 0.064062
21 0.321875 0.202344 0.065625 0.064062
18 0.400781 0.202344 0.064062 0.064062
5 0.484375 0.203906 0.071875 0.067187
9 0.559375 0.202344 0.056250 0.064062
26 0.097656 0.309375 0.070312 0.065625
23 0.184375 0.307812 0.062500 0.062500
4 0.257812 0.310937 0.062500 0.068750
25 0.337500 0.308594 0.062500 0.064062
22 0.415625 0.309375 0.071875 0.065625
6 0.096875 0.415625 0.068750 0.062500
9 0.175000 0.416406 0.056250 0.064062
0 0.244531 0.417187 0.057813 0.065625
32 0.321094 0.417187 0.060937 0.065625
25 0.095312 0.527344 0.065625 0.067187
15 0.167969 0.531250 0.057813 0.075000
14 0.249219 0.526563 0.064062 0.065625
15 0.319531 0.532813 0.060937 0.078125
5 0.398438 0.525781 0.068750 0.064062
