24 0.096875 0.093750 0.068750 0.062500
16 0.177344 0.094531 0.057813 0.064062
26 0.261719 0.093750 0.070312 0.062500
32 0.344531 0.093750 0.057813 0.062500
3 0.413281 0.095312 0.057813 0.065625
2 0.093750 0.203906 0.062500 0.067187
36 0.178125 0.202344 0.068750 0.064062
5 0.262500 0.203906 0.071875 0.067187
37 0.343750 0.201563 0.059375 0.062500
9 0.414062 0.203906 0.059375 0.067187
22 0.496875 0.201563 0.068750 0.062500
37 0.092188 0.312500 0.059375 0.062500
33 0.167187 0.314063 0.062500 0.065625
2 0.242188 0.314844 0.062500 0.067187
8 0.306250 0.312500 0.050000 0.062500
21 0.378125 0.313281 0.065625 0.064062
27 0.097656 0.417969 0.070312 0.067187
18 0.178906 0.417969 0.067187 0.067187
11 0.251563 0.417187 0.059375 0.065625
28 0.330469 0.422656 0.073438 0.076563
13 0.421094 0.417969 0.067187 0.067187
29 0.085938 0.538281 0.046875 0.070312
0 0.153906 0.535937 0.057813 0.065625
35 0.242188 0.536719 0.078125 0.067187
10 0.332031 0.537500 0.060937 0.068750
0 0.402344 0.535937 0.057813 0.065625
2 0.479687 0.535156 0.059375 0.064062
4 0.556250 0.535937 0.059375 0.065625
