16 0.091406 0.094531 0.057813 0.064062
35 0.171875 0.094531 0.075000 0.064062
17 0.253125 0.094531 0.059375 0.064062
0 0.325781 0.096875 0.060937 0.068750
23 0.409375 0.095312 0.065625 0.065625
25 0.093750 0.197656 0.062500 0.064062
17 0.164062 0.197656 0.059375 0.064062
6 0.239063 0.196875 0.068750 0.062500
10 0.311719 0.200000 0.060937 0.068750
1 0.385937 0.199219 0.068750 0.067187
20 0.092969 0.304688 0.060937 0.071875
5 0.176563 0.300781 0.068750 0.064062
35 0.267188 0.300781 0.075000 0.064062
22 0.357812 0.300000 0.068750 0.062500
36 0.445312 0.300781 0.068750 0.064062
0 0.091406 0.412500 0.057813 0.065625
19 0.167969 0.417187 0.064062 0.075000
31 0.247656 0.410938 0.064062 0.062500
3 0.324219 0.412500 0.057813 0.065625
30 0.391406 0.412500 0.060937 0.065625
17 0.092188 0.530469 0.059375 0.064062
25 0.173437 0.530469 0.062500 0.064062
20 0.253906 0.534375 0.060937 0.071875
8 0.321875 0.529687 0.046875 0.062500
14 0.394531 0.529687 0.060937 0.062500
33 0.475000 0.532813 0.065625 0.068750
22 0.562500 0.529687 0.068750 0.062500
27 0.097656 0.638281 0.070312 0.067187
24 0.179688 0.637500 0.071875 0.065625
21 0.265625 0.636719 0.065625 0.064062
35 0.350000 0.636719 0.075000 0.064062
21 0.432812 0.636719 0.065625 0.064062
23 0.504687 0.635938 0.062500 0.062500
14 0.583594 0.637500 0.064062 0.065625
8 0.085938 0.742188 0.046875 0.062500
10 0.150781 0.745313 0.060937 0.068750
29 0.218750 0.746094 0.046875 0.070312
4 0.292187 0.743750 0.062500 0.065625
14 0.369531 0.742188 0.060937 0.062500
34 0.446094 0.745313 0.067187 0.068750
