18 0.094531 0.094531 0.064062 0.064062
11 0.175000 0.095312 0.059375 0.065625
37 0.256250 0.095312 0.062500 0.065625
26 0.335156 0.095312 0.073438 0.065625
9 0.418750 0.094531 0.056250 0.064062
23 0.093750 0.201563 0.062500 0.062500
21 0.170313 0.202344 0.065625 0.064062
10 0.242969 0.204687 0.060937 0.068750
27 0.325781 0.203906 0.070312 0.067187
32 0.407031 0.201563 0.057813 0.062500
5 0.096875 0.313281 0.068750 0.064062
21 0.173437 0.313281 0.065625 0.064062
3 0.247656 0.315625 0.060937 0.068750
35 0.335938 0.313281 0.075000 0.064062
18 0.425781 0.314844 0.067187 0.067187
18 0.094531 0.425781 0.064062 0.064062
35 0.176563 0.427344 0.078125 0.067187
34 0.264844 0.428125 0.064062 0.068750
24 0.339062 0.425000 0.068750 0.062500
35 0.423438 0.425781 0.075000 0.064062
19 0.092969 0.537500 0.060937 0.071875
1 0.171875 0.536719 0.071875 0.070312
24 0.254688 0.532813 0.068750 0.062500
16 0.325781 0.533594 0.057813 0.064062
9 0.393750 0.533594 0.056250 0.064062
6 0.096875 0.643750 0.068750 0.062500
37 0.179688 0.643750 0.062500 0.062500
15 0.258594 0.651563 0.060937 0.078125
15 0.332031 0.650000 0.057813 0.075000
5 0.412500 0.646094 0.071875 0.067187
20 0.549219 0.100000 0.064062 0.075000
18 0.632031 0.094531 0.064062 0.064062
10 0.716406 0.098437 0.064062 0.071875
35 0.796875 0.094531 0.075000 0.064062
33 0.875000 0.095312 0.062500 0.065625
31 0.550781 0.210938 0.067187 0.065625
14 0.624219 0.209375 0.060937 0.062500
0 0.705469 0.212500 0.060937 0.068750
28 0.783594 0.214844 0.070312 0.073438
15 0.860156 0.217188 0.060937 0.078125
0 0.546094 0.323437 0.057813 0.065625
14 0.617969 0.321875 0.060937 0.062500
27 0.696094 0.325781 0.073438 0.070312
30 0.778906 0.321875 0.060937 0.062500
2 0.853125 0.322656 0.059375 0.064062
29 0.540625 0.436719 0.046875 0.070312
33 0.615625 0.434375 0.062500 0.065625
27 0.692969 0.435156 0.070312 0.067187
14 0.769531 0.432812 0.060937 0.062500
0 0.836719 0.434375 0.057813 0.065625
0 0.903906 0.435937 0.060937 0.068750
34 0.550781 0.540625 0.067187 0.071875
6 0.639062 0.537500 0.071875 0.065625
13 0.727344 0.538281 0.067187 0.067187
28 0.813281 0.541406 0.070312 0.073438
