8 0.085938 0.093750 0.046875 0.062500
13 0.158594 0.096094 0.067187 0.067187
1 0.246875 0.097656 0.071875 0.070312
15 0.321094 0.100000 0.057813 0.075000
35 0.395313 0.096094 0.075000 0.067187
37 0.092188 0.207813 0.059375 0.062500
22 0.171875 0.207813 0.068750 0.062500
27 0.255469 0.210156 0.070312 0.067187
29 0.335938 0.211719 0.050000 0.070312
34 0.405469 0.212500 0.067187 0.071875
34 0.096094 0.326562 0.067187 0.071875
31 0.182031 0.321875 0.064062 0.062500
19 0.253906 0.326562 0.060937 0.071875
37 0.331250 0.321875 0.059375 0.062500
25 0.401562 0.322656 0.062500 0.064062
1 0.096875 0.439844 0.068750 0.067187
13 0.180469 0.438281 0.064062 0.064062
13 0.261719 0.438281 0.064062 0.064062
34 0.338281 0.442188 0.067187 0.071875
9 0.418750 0.438281 0.056250 0.064062
12 0.097656 0.549219 0.070312 0.067187
12 0.178906 0.547656 0.067187 0.064062
14 0.257031 0.548438 0.064062 0.065625
2 0.331250 0.547656 0.059375 0.064062
25 0.403125 0.547656 0.062500 0.064062
30 0.546094 0.093750 0.057813 0.062500
22 0.625000 0.095312 0.068750 0.065625
16 0.702344 0.096094 0.060937 0.067187
11 0.778125 0.095312 0.062500 0.065625
24 0.551562 0.201563 0.068750 0.062500
15 0.633594 0.207813 0.057813 0.075000
6 0.704688 0.201563 0.068750 0.062500
34 0.780469 0.204687 0.064062 0.068750
28 0.866406 0.208594 0.073438 0.076563
13 0.550781 0.322656 0.067187 0.067187
11 0.629687 0.323437 0.062500 0.068750
9 0.706250 0.321094 0.056250 0.064062
9 0.782813 0.321094 0.056250 0.064062
25 0.854688 0.321094 0.062500 0.064062
2 0.548438 0.428906 0.062500 0.067187
35 0.628125 0.427344 0.075000 0.064062
19 0.711719 0.432812 0.064062 0.075000
5 0.795312 0.428906 0.071875 0.067187
24 0.882812 0.426563 0.068750 0.062500
6 0.551562 0.535937 0.068750 0.062500
18 0.628906 0.536719 0.064062 0.064062
7 0.701562 0.535937 0.062500 0.062500
20 0.775781 0.542188 0.064062 0.075000
24 0.851562 0.535937 0.068750 0.062500
17 0.548438 0.652344 0.062500 0.067187
9 0.620313 0.652344 0.059375 0.067187
13 0.700781 0.652344 0.067187 0.067187
35 0.779687 0.652344 0.075000 0.067187
31 0.867969 0.650000 0.064062 0.062500
