29 0.085938 0.097656 0.046875 0.070312
10 0.158594 0.096875 0.060937 0.068750
22 0.232813 0.093750 0.068750 0.062500
5 0.315625 0.096094 0.071875 0.067187
0 0.092969 0.201563 0.060937 0.068750
16 0.169531 0.200781 0.060937 0.067187
14 0.250781 0.200000 0.064062 0.065625
34 0.330469 0.201563 0.064062 0.068750
5 0.096875 0.302344 0.068750 0.064062
1 0.176563 0.305469 0.068750 0.070312
11 0.256250 0.304688 0.062500 0.068750
28 0.342969 0.308594 0.073438 0.076563
11 0.093750 0.423438 0.062500 0.068750
7 0.170313 0.420312 0.062500 0.062500
4 0.253125 0.423438 0.062500 0.068750
20 0.327344 0.426563 0.064062 0.075000
30 0.399219 0.420312 0.057813 0.062500
6 0.098437 0.531250 0.071875 0.065625
26 0.178906 0.529687 0.070312 0.062500
14 0.266406 0.531250 0.064062 0.065625
23 0.340625 0.531250 0.065625 0.065625
2 0.093750 0.630469 0.062500 0.067187
18 0.164844 0.628906 0.064062 0.064062
0 0.235156 0.629687 0.060937 0.065625
14 0.310156 0.629687 0.064062 0.065625
33 0.389062 0.629687 0.062500 0.065625
26 0.552344 0.093750 0.070312 0.062500
31 0.635156 0.095312 0.067187 0.065625
24 0.715625 0.093750 0.068750 0.062500
33 0.792188 0.096875 0.065625 0.068750
37 0.868750 0.093750 0.059375 0.062500
37 0.546875 0.195312 0.059375 0.062500
30 0.624219 0.195312 0.057813 0.062500
3 0.700781 0.198437 0.060937 0.068750
23 0.771875 0.196875 0.065625 0.065625
13 0.849219 0.197656 0.067187 0.067187
21 0.550000 0.302344 0.065625 0.064062
32 0.624219 0.303125 0.060937 0.065625
20 0.707031 0.307812 0.064062 0.075000
17 0.789062 0.302344 0.059375 0.064062
9 0.546875 0.419531 0.059375 0.064062
34 0.624219 0.423438 0.067187 0.071875
37 0.706250 0.418750 0.059375 0.062500
20 0.786719 0.423438 0.060937 0.071875
0 0.860156 0.420312 0.057813 0.065625
28 0.553906 0.533594 0.073438 0.076563
4 0.632812 0.529687 0.062500 0.068750
19 0.711719 0.531250 0.060937 0.071875
11 0.781250 0.529687 0.062500 0.068750
34 0.550781 0.643750 0.067187 0.068750
32 0.627344 0.640625 0.057813 0.062500
5 0.698438 0.642969 0.068750 0.067187
17 0.773438 0.641406 0.059375 0.064062
27 0.853906 0.644531 0.073438 0.070312
33 0.550000 0.757812 0.065625 0.068750
9 0.623437 0.757031 0.059375 0.067187
35 0.710938 0.755469 0.075000 0.064062
3 0.789844 0.756250 0.057813 0.065625
36 0.864062 0.757031 0.071875 0.067187
