0 0.091406 0.095312 0.057813 0.065625
11 0.171875 0.096875 0.062500 0.068750
36 0.250000 0.094531 0.068750 0.064062
28 0.335156 0.099219 0.070312 0.073438
4 0.093750 0.207813 0.062500 0.065625
7 0.178125 0.207813 0.065625 0.065625
1 0.257812 0.210156 0.071875 0.070312
17 0.342187 0.208594 0.062500 0.067187
24 0.420312 0.206250 0.068750 0.062500
9 0.092188 0.322656 0.059375 0.067187
37 0.164062 0.320312 0.059375 0.062500
1 0.245312 0.322656 0.068750 0.067187
20 0.317969 0.325000 0.060937 0.071875
4 0.393750 0.321875 0.059375 0.065625
25 0.095312 0.425781 0.065625 0.064062
21 0.171875 0.425781 0.065625 0.064062
19 0.249219 0.429688 0.060937 0.071875
14 0.322656 0.425000 0.060937 0.062500
33 0.401562 0.426563 0.062500 0.065625
12 0.097656 0.536719 0.070312 0.067187
30 0.172656 0.535937 0.060937 0.065625
16 0.244531 0.536719 0.060937 0.067187
29 0.307812 0.538281 0.046875 0.070312
19 0.380469 0.539062 0.060937 0.071875
23 0.093750 0.646875 0.062500 0.062500
11 0.170313 0.650000 0.062500 0.068750
34 0.252344 0.650000 0.064062 0.068750
4 0.325000 0.648438 0.059375 0.065625
29 0.387500 0.650781 0.046875 0.070312
32 0.546094 0.093750 0.057813 0.062500
8 0.607812 0.093750 0.046875 0.062500
12 0.672656 0.094531 0.067187 0.064062
20 0.750781 0.100000 0.064062 0.075000
37 0.831250 0.095312 0.062500 0.065625
25 0.904687 0.094531 0.062500 0.064062
15 0.546094 0.207813 0.057813 0.075000
29 0.617188 0.205469 0.050000 0.070312
30 0.691406 0.203125 0.060937 0.065625
20 0.763281 0.207813 0.064062 0.075000
26 0.850781 0.201563 0.070312 0.062500
13 0.549219 0.319531 0.064062 0.064062
20 0.632031 0.323437 0.060937 0.071875
3 0.699219 0.320312 0.057813 0.065625
16 0.772656 0.319531 0.057813 0.064062
29 0.837500 0.324219 0.050000 0.073438
12 0.550781 0.425781 0.067187 0.064062
34 0.625781 0.429688 0.067187 0.071875
12 0.703906 0.425781 0.067187 0.064062
33 0.785937 0.426563 0.062500 0.065625
9 0.545312 0.539844 0.056250 0.064062
22 0.625000 0.539062 0.068750 0.062500
28 0.703906 0.544531 0.070312 0.073438
5 0.789062 0.539844 0.068750 0.064062
23 0.876563 0.540625 0.065625 0.065625
1 0.553125 0.649219 0.071875 0.070312
21 0.640625 0.646094 0.065625 0.064062
30 0.711719 0.646875 0.060937 0.065625
16 0.786719 0.646094 0.057813 0.064062
10 0.861719 0.648438 0.060937 0.068750
26 0.552344 0.759375 0.070312 0.062500
29 0.618750 0.763281 0.046875 0.070312
30 0.680469 0.759375 0.057813 0.062500
34 0.752344 0.762500 0.064062 0.068750
31 0.830469 0.759375 0.064062 0.062500
