2 0.093750 0.096094 0.062500 0.067187
8 0.160938 0.093750 0.046875 0.062500
28 0.235156 0.099219 0.070312 0.073438
4 0.312500 0.095312 0.059375 0.065625
24 0.096875 0.206250 0.068750 0.062500
12 0.180469 0.207031 0.067187 0.064062
6 0.259375 0.206250 0.068750 0.062500
2 0.342187 0.208594 0.062500 0.067187
8 0.407813 0.206250 0.050000 0.062500
0 0.091406 0.307812 0.057813 0.065625
25 0.168750 0.308594 0.065625 0.067187
21 0.250000 0.307031 0.065625 0.064062
20 0.332031 0.310937 0.060937 0.071875
15 0.403906 0.312500 0.057813 0.075000
35 0.484375 0.308594 0.078125 0.067187
28 0.099219 0.425781 0.073438 0.076563
7 0.178125 0.418750 0.062500 0.062500
31 0.249219 0.418750 0.064062 0.062500
34 0.322656 0.423438 0.067187 0.071875
37 0.395313 0.418750 0.059375 0.062500
35 0.100000 0.533594 0.075000 0.064062
33 0.189062 0.535937 0.065625 0.068750
5 0.276562 0.533594 0.068750 0.064062
29 0.350000 0.538281 0.050000 0.073438
