18 0.096094 0.096094 0.067187 0.067187
22 0.173437 0.095312 0.068750 0.065625
4 0.250000 0.095312 0.059375 0.065625
26 0.335156 0.093750 0.070312 0.062500
9 0.409375 0.096094 0.059375 0.067187
29 0.479687 0.097656 0.046875 0.070312
8 0.085938 0.198437 0.046875 0.062500
19 0.150781 0.203125 0.064062 0.071875
26 0.236719 0.200000 0.073438 0.065625
3 0.310156 0.200000 0.057813 0.065625
12 0.383594 0.199219 0.067187 0.064062
13 0.461719 0.200781 0.067187 0.067187
6 0.539062 0.198437 0.068750 0.062500
26 0.099219 0.312500 0.073438 0.065625
15 0.178906 0.317188 0.060937 0.075000
11 0.253125 0.312500 0.059375 0.065625
11 0.320312 0.312500 0.059375 0.065625
24 0.395313 0.310937 0.068750 0.062500
36 0.096875 0.422656 0.068750 0.064062
22 0.181250 0.421875 0.068750 0.062500
15 0.263281 0.428125 0.057813 0.075000
36 0.335938 0.422656 0.068750 0.064062
14 0.421094 0.421875 0.060937 0.062500
2 0.092188 0.532031 0.059375 0.064062
9 0.164062 0.533594 0.059375 0.067187
8 0.232813 0.531250 0.050000 0.062500
19 0.303906 0.535937 0.064062 0.071875
9 0.385937 0.533594 0.059375 0.067187
16 0.463281 0.532031 0.057813 0.064062
