12 0.096094 0.094531 0.067187 0.064062
25 0.175000 0.094531 0.062500 0.064062
4 0.253125 0.096875 0.062500 0.068750
10 0.335156 0.096875 0.060937 0.068750
1 0.409375 0.097656 0.071875 0.070312
11 0.093750 0.200000 0.062500 0.068750
36 0.170313 0.199219 0.071875 0.067187
21 0.259375 0.199219 0.068750 0.067187
20 0.335156 0.201563 0.060937 0.071875
28 0.410156 0.203906 0.073438 0.076563
37 0.092188 0.317188 0.059375 0.062500
33 0.171875 0.318750 0.062500 0.065625
2 0.242188 0.317969 0.059375 0.064062
0 0.319531 0.318750 0.057813 0.065625
3 0.391406 0.318750 0.057813 0.065625
36 0.098437 0.428906 0.071875 0.067187
32 0.177344 0.426563 0.057813 0.062500
1 0.257812 0.430469 0.071875 0.070312
33 0.337500 0.428125 0.062500 0.065625
10 0.411719 0.429688 0.060937 0.068750
30 0.091406 0.537500 0.057813 0.062500
33 0.167187 0.539062 0.062500 0.065625
0 0.239844 0.540625 0.060937 0.068750
0 0.316406 0.540625 0.060937 0.068750
17 0.387500 0.539844 0.062500 0.067187
17 0.546875 0.094531 0.059375 0.064062
24 0.629687 0.095312 0.068750 0.065625
24 0.718750 0.095312 0.071875 0.065625
2 0.803125 0.094531 0.059375 0.064062
3 0.877344 0.095312 0.057813 0.065625
19 0.547656 0.198437 0.060937 0.071875
6 0.623437 0.195312 0.071875 0.065625
27 0.710156 0.196094 0.070312 0.067187
3 0.789844 0.195312 0.057813 0.065625
20 0.864844 0.198437 0.060937 0.071875
6 0.551562 0.298438 0.068750 0.062500
15 0.630469 0.304688 0.060937 0.075000
2 0.700000 0.300781 0.062500 0.067187
36 0.785937 0.299219 0.068750 0.064062
37 0.548438 0.410938 0.062500 0.065625
26 0.632031 0.409375 0.070312 0.062500
13 0.714844 0.411719 0.067187 0.067187
22 0.795312 0.409375 0.068750 0.062500
13 0.875781 0.410156 0.064062 0.064062
9 0.545312 0.513281 0.056250 0.064062
17 0.618750 0.514844 0.062500 0.067187
3 0.696094 0.515625 0.060937 0.068750
23 0.775000 0.512500 0.062500 0.062500
15 0.547656 0.623437 0.060937 0.078125
3 0.627344 0.617188 0.057813 0.065625
21 0.706250 0.617969 0.068750 0.067187
3 0.791406 0.617188 0.060937 0.065625
