18 0.094531 0.094531 0.064062 0.064062
29 0.164062 0.097656 0.046875 0.070312
21 0.234375 0.096094 0.068750 0.067187
34 0.316406 0.098437 0.067187 0.071875
37 0.390625 0.093750 0.059375 0.062500
0 0.091406 0.200000 0.057813 0.065625
10 0.164844 0.203125 0.064062 0.071875
20 0.239844 0.203125 0.060937 0.071875
18 0.317969 0.199219 0.064062 0.064062
15 0.397656 0.206250 0.060937 0.078125
4 0.092188 0.314063 0.059375 0.065625
12 0.172656 0.313281 0.067187 0.064062
21 0.253125 0.314844 0.068750 0.067187
37 0.335938 0.312500 0.059375 0.062500
26 0.416406 0.312500 0.070312 0.062500
9 0.090625 0.422656 0.056250 0.064062
26 0.171094 0.423438 0.070312 0.065625
34 0.250781 0.425000 0.064062 0.068750
10 0.335156 0.425000 0.064062 0.068750
4 0.407813 0.423438 0.059375 0.065625
3 0.092969 0.535937 0.060937 0.068750
5 0.165625 0.533594 0.068750 0.064062
8 0.231250 0.532813 0.046875 0.062500
5 0.301563 0.533594 0.068750 0.064062
3 0.372656 0.534375 0.057813 0.065625
6 0.448437 0.532813 0.068750 0.062500
31 0.096094 0.639062 0.067187 0.065625
36 0.178125 0.639844 0.071875 0.067187
6 0.265625 0.639062 0.071875 0.065625
19 0.346094 0.642188 0.060937 0.071875
33 0.425000 0.639062 0.062500 0.065625
26 0.097656 0.748437 0.070312 0.062500
27 0.188281 0.752344 0.073438 0.070312
21 0.270313 0.749219 0.065625 0.064062
23 0.345313 0.748437 0.062500 0.062500
27 0.424219 0.752344 0.073438 0.070312
2 0.093750 0.855469 0.062500 0.067187
12 0.166406 0.853906 0.067187 0.064062
37 0.246875 0.854688 0.062500 0.065625
23 0.328125 0.853125 0.062500 0.062500
10 0.408594 0.856250 0.060937 0.068750
8 0.540625 0.093750 0.046875 0.062500
21 0.614062 0.094531 0.065625 0.064062
1 0.693750 0.096094 0.068750 0.067187
22 0.773438 0.093750 0.068750 0.062500
36 0.860938 0.094531 0.068750 0.064062
2 0.548438 0.197656 0.062500 0.067187
32 0.621094 0.195312 0.057813 0.062500
17 0.696875 0.196094 0.059375 0.064062
14 0.764844 0.195312 0.060937 0.062500
5 0.839063 0.197656 0.071875 0.067187
15 0.546094 0.301563 0.057813 0.075000
3 0.614844 0.296875 0.057813 0.065625
37 0.681250 0.295312 0.059375 0.062500
21 0.760938 0.296094 0.065625 0.064062
31 0.846094 0.296875 0.067187 0.065625
16 0.546094 0.411719 0.057813 0.064062
37 0.621875 0.412500 0.062500 0.065625
30 0.703906 0.412500 0.060937 0.065625
23 0.776563 0.410938 0.062500 0.062500
31 0.860156 0.410938 0.064062 0.062500
10 0.549219 0.521875 0.064062 0.071875
18 0.624219 0.517969 0.064062 0.064062
37 0.698438 0.517188 0.059375 0.062500
12 0.782031 0.517969 0.067187 0.064062
9 0.854688 0.519531 0.059375 0.067187
31 0.549219 0.621875 0.064062 0.062500
30 0.625781 0.621875 0.057813 0.062500
32 0.696094 0.621875 0.057813 0.062500
10 0.767969 0.626563 0.064062 0.071875
20 0.846094 0.626563 0.060937 0.071875
7 0.548438 0.735938 0.062500 0.062500
9 0.629687 0.738281 0.059375 0.067187
21 0.701562 0.736719 0.065625 0.064062
8 0.775000 0.735938 0.046875 0.062500
3 0.847656 0.737500 0.060937 0.065625
