36 0.098437 0.096094 0.071875 0.067187
13 0.186719 0.094531 0.064062 0.064062
9 0.265625 0.094531 0.056250 0.064062
30 0.338281 0.095312 0.060937 0.065625
27 0.419531 0.096094 0.070312 0.067187
6 0.500000 0.093750 0.068750 0.062500
2 0.093750 0.202344 0.062500 0.067187
9 0.173437 0.200781 0.056250 0.064062
19 0.246094 0.206250 0.064062 0.075000
23 0.325000 0.200000 0.062500 0.062500
23 0.407813 0.200000 0.062500 0.062500
18 0.482031 0.200781 0.064062 0.064062
30 0.560156 0.201563 0.060937 0.065625
17 0.093750 0.321094 0.062500 0.067187
33 0.173437 0.320312 0.065625 0.065625
32 0.257031 0.320312 0.060937 0.065625
28 0.333594 0.324219 0.070312 0.073438
15 0.091406 0.439063 0.057813 0.075000
35 0.175000 0.433594 0.075000 0.064062
21 0.254688 0.433594 0.065625 0.064062
31 0.336719 0.434375 0.067187 0.065625
29 0.410938 0.436719 0.046875 0.070312
23 0.476562 0.432812 0.062500 0.062500
8 0.540625 0.432812 0.046875 0.062500
21 0.096875 0.544531 0.068750 0.067187
4 0.175000 0.545312 0.062500 0.068750
35 0.259375 0.544531 0.078125 0.067187
10 0.339844 0.546875 0.064062 0.071875
