36 0.096875 0.094531 0.068750 0.064062
20 0.171094 0.098437 0.060937 0.071875
23 0.246875 0.093750 0.062500 0.062500
17 0.323437 0.094531 0.059375 0.064062
25 0.406250 0.096094 0.065625 0.067187
34 0.094531 0.207813 0.064062 0.068750
16 0.167969 0.205469 0.057813 0.064062
29 0.228125 0.208594 0.046875 0.070312
20 0.302344 0.209375 0.060937 0.071875
20 0.094531 0.315625 0.064062 0.075000
6 0.182812 0.310937 0.071875 0.065625
33 0.260937 0.312500 0.065625 0.068750
18 0.339844 0.311719 0.067187 0.067187
20 0.421094 0.314063 0.060937 0.071875
21 0.095312 0.419531 0.065625 0.064062
15 0.169531 0.426563 0.060937 0.078125
2 0.242188 0.421094 0.062500 0.067187
27 0.325781 0.421094 0.070312 0.067187
10 0.410156 0.421875 0.060937 0.068750
3 0.092969 0.537500 0.060937 0.068750
10 0.171094 0.537500 0.060937 0.068750
37 0.239063 0.534375 0.059375 0.062500
12 0.316406 0.536719 0.070312 0.067187
17 0.393750 0.535156 0.059375 0.064062
37 0.093750 0.645312 0.062500 0.065625
23 0.173437 0.645312 0.065625 0.065625
8 0.239063 0.643750 0.046875 0.062500
33 0.309375 0.645312 0.062500 0.065625
31 0.383594 0.645312 0.067187 0.065625
5 0.551562 0.094531 0.068750 0.064062
37 0.634375 0.093750 0.059375 0.062500
29 0.700000 0.097656 0.046875 0.070312
28 0.778906 0.100781 0.073438 0.076563
20 0.857031 0.098437 0.060937 0.071875
29 0.542188 0.210156 0.050000 0.070312
26 0.610156 0.206250 0.070312 0.062500
25 0.685937 0.208594 0.065625 0.067187
36 0.775000 0.208594 0.071875 0.067187
32 0.849219 0.206250 0.057813 0.062500
17 0.546875 0.313281 0.059375 0.064062
8 0.618750 0.312500 0.046875 0.062500
29 0.676562 0.316406 0.050000 0.070312
22 0.756250 0.312500 0.068750 0.062500
25 0.840625 0.313281 0.062500 0.064062
11 0.548438 0.428125 0.062500 0.068750
14 0.621094 0.425000 0.060937 0.062500
25 0.696875 0.425781 0.062500 0.064062
29 0.764062 0.428906 0.046875 0.070312
4 0.831250 0.428125 0.062500 0.068750
36 0.553125 0.530469 0.071875 0.067187
19 0.633594 0.534375 0.064062 0.075000
34 0.719531 0.532813 0.067187 0.071875
37 0.803125 0.528125 0.059375 0.062500
28 0.885156 0.533594 0.070312 0.073438
29 0.540625 0.639844 0.046875 0.070312
33 0.610938 0.639062 0.065625 0.068750
14 0.686719 0.637500 0.064062 0.065625
35 0.775000 0.638281 0.078125 0.067187
30 0.855469 0.635938 0.057813 0.062500
