19 0.092969 0.098437 0.060937 0.071875
33 0.168750 0.095312 0.062500 0.065625
35 0.251563 0.094531 0.075000 0.064062
23 0.328125 0.093750 0.062500 0.062500
12 0.407031 0.094531 0.067187 0.064062
21 0.095312 0.203906 0.065625 0.064062
23 0.178125 0.204687 0.065625 0.065625
20 0.255469 0.209375 0.064062 0.075000
36 0.332813 0.203906 0.068750 0.064062
26 0.422656 0.203125 0.070312 0.062500
17 0.092188 0.322656 0.059375 0.064062
6 0.165625 0.323437 0.071875 0.065625
27 0.250781 0.325781 0.073438 0.070312
27 0.330469 0.324219 0.070312 0.067187
37 0.406250 0.321875 0.059375 0.062500
1 0.096875 0.433594 0.068750 0.067187
30 0.171094 0.431250 0.057813 0.062500
32 0.244531 0.431250 0.057813 0.062500
9 0.321875 0.432031 0.056250 0.064062
0 0.399219 0.432812 0.057813 0.065625
7 0.093750 0.535937 0.062500 0.062500
37 0.175000 0.535937 0.059375 0.062500
21 0.248438 0.536719 0.065625 0.064062
25 0.323437 0.538281 0.065625 0.067187
36 0.409375 0.536719 0.068750 0.064062
33 0.548438 0.095312 0.062500 0.065625
35 0.634375 0.096094 0.075000 0.067187
1 0.714063 0.096094 0.068750 0.067187
36 0.793750 0.094531 0.068750 0.064062
11 0.873437 0.096875 0.062500 0.068750
23 0.550000 0.201563 0.065625 0.065625
3 0.621094 0.203125 0.060937 0.068750
10 0.694531 0.203125 0.060937 0.068750
32 0.766406 0.200000 0.057813 0.062500
23 0.837500 0.201563 0.065625 0.065625
11 0.546875 0.309375 0.059375 0.065625
21 0.626563 0.310156 0.068750 0.067187
11 0.710938 0.309375 0.059375 0.065625
13 0.783594 0.310156 0.067187 0.067187
7 0.867188 0.307812 0.062500 0.062500
37 0.546875 0.407813 0.059375 0.062500
23 0.623437 0.407813 0.062500 0.062500
2 0.698438 0.410156 0.062500 0.067187
5 0.773438 0.410156 0.071875 0.067187
28 0.860156 0.414844 0.073438 0.076563
4 0.546875 0.518750 0.059375 0.065625
3 0.621094 0.518750 0.057813 0.065625
2 0.687500 0.517969 0.059375 0.064062
23 0.765625 0.517188 0.062500 0.062500
