26 0.097656 0.093750 0.070312 0.062500
11 0.182812 0.096875 0.062500 0.068750
36 0.259375 0.094531 0.068750 0.064062
12 0.346094 0.096094 0.070312 0.067187
4 0.425000 0.095312 0.059375 0.065625
11 0.493750 0.095312 0.059375 0.065625
28 0.569531 0.099219 0.070312 0.073438
35 0.100000 0.200781 0.075000 0.064062
8 0.168750 0.200000 0.046875 0.062500
13 0.235156 0.202344 0.067187 0.067187
13 0.319531 0.200781 0.064062 0.064062
0 0.092969 0.306250 0.060937 0.068750
33 0.170313 0.306250 0.065625 0.068750
23 0.256250 0.304688 0.065625 0.065625
34 0.339844 0.306250 0.064062 0.068750
17 0.418750 0.303906 0.059375 0.064062
2 0.490625 0.305469 0.062500 0.067187
24 0.573438 0.304688 0.071875 0.065625
28 0.097656 0.419531 0.070312 0.073438
16 0.182031 0.416406 0.060937 0.067187
34 0.258594 0.418750 0.067187 0.071875
3 0.335156 0.415625 0.057813 0.065625
37 0.401562 0.414062 0.059375 0.062500
28 0.099219 0.533594 0.073438 0.076563
31 0.186719 0.526563 0.064062 0.062500
32 0.264844 0.528125 0.060937 0.065625
4 0.345313 0.528125 0.059375 0.065625
12 0.427344 0.528906 0.070312 0.067187
30 0.510156 0.526563 0.057813 0.062500
21 0.585938 0.527344 0.065625 0.064062
3 0.092969 0.642188 0.060937 0.068750
13 0.164844 0.639844 0.064062 0.064062
2 0.235937 0.641406 0.062500 0.067187
15 0.314844 0.645312 0.060937 0.075000
4 0.093750 0.750000 0.062500 0.068750
8 0.165625 0.746875 0.046875 0.062500
21 0.235937 0.749219 0.068750 0.067187
10 0.319531 0.751563 0.064062 0.071875
21 0.398438 0.747656 0.065625 0.064062
23 0.481250 0.746875 0.062500 0.062500
30 0.550781 0.748437 0.060937 0.065625
