17 0.093750 0.096094 0.062500 0.067187
1 0.179688 0.096094 0.068750 0.067187
9 0.257812 0.094531 0.056250 0.064062
24 0.328125 0.093750 0.068750 0.062500
19 0.402344 0.100000 0.064062 0.075000
25 0.095312 0.207031 0.065625 0.067187
28 0.183594 0.210156 0.070312 0.073438
4 0.257812 0.206250 0.062500 0.065625
16 0.327344 0.205469 0.060937 0.064062
0 0.092969 0.318750 0.060937 0.065625
7 0.171875 0.318750 0.065625 0.065625
15 0.247656 0.323437 0.060937 0.075000
14 0.324219 0.317188 0.060937 0.062500
27 0.099219 0.433594 0.073438 0.070312
28 0.183594 0.436719 0.073438 0.076563
10 0.271094 0.432812 0.064062 0.068750
21 0.350000 0.430469 0.065625 0.064062
21 0.435937 0.432031 0.068750 0.067187
9 0.092188 0.544531 0.059375 0.067187
37 0.165625 0.542188 0.059375 0.062500
34 0.241406 0.545312 0.067187 0.068750
28 0.322656 0.549219 0.073438 0.076563
20 0.092969 0.659375 0.060937 0.071875
29 0.168750 0.658594 0.050000 0.070312
25 0.235937 0.657031 0.065625 0.067187
22 0.315625 0.656250 0.071875 0.065625
33 0.400000 0.656250 0.062500 0.065625
29 0.085938 0.764844 0.046875 0.070312
9 0.151562 0.761719 0.059375 0.064062
5 0.225000 0.761719 0.068750 0.064062
17 0.304688 0.761719 0.059375 0.064062
12 0.388281 0.763281 0.070312 0.067187
27 0.552344 0.096094 0.070312 0.067187
6 0.631250 0.095312 0.071875 0.065625
0 0.717969 0.096875 0.060937 0.068750
11 0.789062 0.095312 0.062500 0.065625
20 0.547656 0.201563 0.060937 0.071875
25 0.620313 0.199219 0.065625 0.067187
7 0.698438 0.196875 0.062500 0.062500
32 0.777344 0.196875 0.057813 0.062500
4 0.851562 0.198437 0.062500 0.065625
31 0.550781 0.303125 0.067187 0.065625
7 0.631250 0.301563 0.062500 0.062500
24 0.712500 0.301563 0.068750 0.062500
33 0.795312 0.303125 0.062500 0.065625
35 0.554688 0.410156 0.075000 0.064062
31 0.632031 0.409375 0.064062 0.062500
19 0.707031 0.414062 0.060937 0.071875
28 0.792969 0.414844 0.070312 0.073438
11 0.865625 0.410938 0.059375 0.065625
24 0.553125 0.520312 0.071875 0.065625
35 0.634375 0.519531 0.075000 0.064062
36 0.717187 0.521094 0.071875 0.067187
10 0.799219 0.521875 0.060937 0.068750
29 0.870313 0.522656 0.050000 0.070312
