22 0.096875 0.093750 0.068750 0.062500
14 0.182031 0.093750 0.060937 0.062500
37 0.256250 0.093750 0.059375 0.062500
15 0.332031 0.101562 0.060937 0.078125
27 0.417969 0.096094 0.070312 0.067187
20 0.094531 0.214062 0.064062 0.071875
14 0.178906 0.210938 0.064062 0.065625
14 0.261719 0.210938 0.064062 0.065625
26 0.346094 0.209375 0.070312 0.062500
26 0.432031 0.209375 0.070312 0.062500
10 0.513281 0.212500 0.064062 0.068750
26 0.099219 0.326562 0.073438 0.065625
16 0.180469 0.325781 0.060937 0.064062
8 0.248438 0.325000 0.050000 0.062500
30 0.313281 0.326562 0.060937 0.065625
6 0.393750 0.325000 0.068750 0.062500
26 0.099219 0.429688 0.073438 0.065625
33 0.182812 0.429688 0.065625 0.065625
30 0.261719 0.429688 0.060937 0.065625
5 0.346875 0.428906 0.068750 0.064062
16 0.419531 0.428906 0.057813 0.064062
19 0.092969 0.535937 0.060937 0.071875
28 0.180469 0.538281 0.073438 0.076563
5 0.264062 0.533594 0.071875 0.067187
4 0.346875 0.534375 0.062500 0.068750
22 0.096875 0.651563 0.068750 0.065625
16 0.180469 0.652344 0.060937 0.067187
35 0.257812 0.650781 0.075000 0.064062
3 0.341406 0.651563 0.057813 0.065625
5 0.414062 0.650781 0.068750 0.064062
36 0.492188 0.650781 0.068750 0.064062
