7 0.095312 0.095312 0.065625 0.065625
20 0.180469 0.098437 0.064062 0.071875
9 0.256250 0.096094 0.059375 0.067187
6 0.331250 0.095312 0.071875 0.065625
4 0.410938 0.095312 0.059375 0.065625
28 0.097656 0.210156 0.070312 0.073438
7 0.182812 0.204687 0.062500 0.062500
20 0.253906 0.209375 0.060937 0.071875
30 0.322656 0.206250 0.060937 0.065625
21 0.404687 0.205469 0.065625 0.064062
4 0.092188 0.318750 0.059375 0.065625
9 0.167187 0.317969 0.059375 0.064062
2 0.235937 0.317969 0.059375 0.064062
14 0.310156 0.317188 0.060937 0.062500
1 0.096875 0.417969 0.068750 0.067187
4 0.173437 0.418750 0.062500 0.068750
25 0.253125 0.417969 0.065625 0.067187
18 0.333594 0.416406 0.064062 0.064062
33 0.417187 0.418750 0.065625 0.068750
18 0.096094 0.522656 0.067187 0.067187
5 0.182812 0.521094 0.068750 0.064062
36 0.267188 0.522656 0.071875 0.067187
8 0.342187 0.520312 0.050000 0.062500
22 0.410938 0.521875 0.071875 0.065625
13 0.094531 0.624219 0.064062 0.064062
25 0.165625 0.624219 0.062500 0.064062
27 0.252344 0.625781 0.070312 0.067187
3 0.330469 0.625000 0.057813 0.065625
0 0.408594 0.625000 0.057813 0.065625
9 0.546875 0.096094 0.059375 0.067187
23 0.626563 0.095312 0.065625 0.065625
24 0.715625 0.095312 0.071875 0.065625
12 0.794531 0.096094 0.070312 0.067187
13 0.878906 0.094531 0.064062 0.064062
32 0.546094 0.200000 0.057813 0.062500
9 0.618750 0.200781 0.056250 0.064062
6 0.693750 0.201563 0.068750 0.065625
13 0.780469 0.200781 0.064062 0.064062
14 0.861719 0.200000 0.060937 0.062500
4 0.548438 0.306250 0.062500 0.068750
11 0.631250 0.304688 0.062500 0.065625
13 0.714844 0.305469 0.067187 0.067187
5 0.803125 0.303906 0.068750 0.064062
27 0.894531 0.307031 0.073438 0.070312
17 0.546875 0.413281 0.059375 0.064062
9 0.612500 0.413281 0.056250 0.064062
0 0.686719 0.414062 0.057813 0.065625
28 0.767969 0.417969 0.070312 0.073438
26 0.552344 0.523438 0.070312 0.062500
28 0.633594 0.528906 0.070312 0.073438
12 0.719531 0.525781 0.070312 0.067187
28 0.800781 0.530469 0.073438 0.076563
29 0.868750 0.527344 0.046875 0.070312
30 0.547656 0.637500 0.060937 0.065625
11 0.629687 0.639062 0.062500 0.068750
10 0.703906 0.639062 0.064062 0.068750
5 0.785937 0.636719 0.068750 0.064062
20 0.863281 0.640625 0.060937 0.071875
17 0.546875 0.747656 0.059375 0.064062
13 0.625781 0.747656 0.064062 0.064062
6 0.701562 0.748437 0.071875 0.065625
36 0.784375 0.747656 0.068750 0.064062
0 0.858594 0.748437 0.060937 0.065625
