3 0.091406 0.095312 0.057813 0.065625
13 0.164844 0.094531 0.064062 0.064062
23 0.248438 0.093750 0.062500 0.062500
13 0.325781 0.094531 0.064062 0.064062
25 0.407813 0.094531 0.062500 0.064062
10 0.094531 0.200000 0.064062 0.071875
33 0.171875 0.196875 0.065625 0.065625
32 0.253906 0.195312 0.057813 0.062500
23 0.334375 0.196875 0.065625 0.065625
28 0.099219 0.310156 0.073438 0.076563
26 0.189844 0.304688 0.073438 0.065625
18 0.278906 0.303906 0.064062 0.064062
18 0.358594 0.303906 0.064062 0.064062
6 0.443750 0.304688 0.071875 0.065625
37 0.528125 0.303125 0.059375 0.062500
30 0.605469 0.303125 0.057813 0.062500
13 0.096094 0.425781 0.067187 0.067187
9 0.171875 0.424219 0.059375 0.064062
30 0.246094 0.423438 0.057813 0.062500
17 0.315625 0.425781 0.062500 0.067187
22 0.400000 0.425000 0.071875 0.065625
30 0.475781 0.423438 0.057813 0.062500
17 0.554688 0.425781 0.062500 0.067187
2 0.092188 0.535156 0.059375 0.064062
30 0.161719 0.535937 0.060937 0.065625
14 0.235156 0.534375 0.060937 0.062500
17 0.304688 0.535156 0.059375 0.064062
31 0.375781 0.534375 0.064062 0.062500
27 0.458594 0.536719 0.070312 0.067187
18 0.544531 0.535156 0.064062 0.064062
32 0.092969 0.635938 0.060937 0.065625
23 0.175000 0.634375 0.062500 0.062500
4 0.254688 0.635938 0.059375 0.065625
21 0.331250 0.636719 0.068750 0.067187
36 0.417187 0.636719 0.071875 0.067187
