29 0.087500 0.097656 0.050000 0.070312
15 0.155469 0.101562 0.060937 0.078125
14 0.230469 0.093750 0.060937 0.062500
7 0.314063 0.095312 0.065625 0.065625
30 0.396094 0.095312 0.060937 0.065625
4 0.473438 0.096875 0.062500 0.068750
22 0.098437 0.215625 0.071875 0.065625
10 0.180469 0.218750 0.064062 0.071875
9 0.250000 0.214844 0.056250 0.064062
30 0.317969 0.214062 0.057813 0.062500
36 0.396875 0.214844 0.068750 0.064062
36 0.482812 0.216406 0.068750 0.067187
0 0.560156 0.217188 0.060937 0.068750
30 0.091406 0.326562 0.057813 0.062500
15 0.164844 0.332813 0.057813 0.075000
14 0.244531 0.326562 0.060937 0.062500
19 0.321094 0.331250 0.060937 0.071875
4 0.092188 0.437500 0.059375 0.065625
0 0.164844 0.437500 0.057813 0.065625
7 0.246875 0.437500 0.065625 0.065625
33 0.318750 0.437500 0.062500 0.065625
34 0.397656 0.439063 0.064062 0.068750
36 0.482812 0.438281 0.071875 0.067187
4 0.093750 0.543750 0.062500 0.068750
19 0.166406 0.545312 0.060937 0.071875
29 0.228125 0.544531 0.046875 0.070312
9 0.298438 0.541406 0.056250 0.064062
25 0.367188 0.542969 0.065625 0.067187
26 0.442969 0.540625 0.070312 0.062500
33 0.520312 0.542188 0.062500 0.065625
