2 0.093750 0.096094 0.062500 0.067187
4 0.173437 0.095312 0.059375 0.065625
24 0.251563 0.095312 0.071875 0.065625
24 0.331250 0.093750 0.068750 0.062500
30 0.410156 0.093750 0.057813 0.062500
7 0.095312 0.204687 0.065625 0.065625
22 0.170313 0.203125 0.068750 0.062500
27 0.261719 0.207031 0.073438 0.070312
29 0.340625 0.207031 0.050000 0.070312
20 0.094531 0.320312 0.064062 0.075000
9 0.175000 0.314844 0.056250 0.064062
33 0.246875 0.317188 0.065625 0.068750
23 0.325000 0.314063 0.062500 0.062500
7 0.404687 0.314063 0.062500 0.062500
5 0.482812 0.314844 0.068750 0.064062
3 0.566406 0.315625 0.057813 0.065625
17 0.093750 0.432031 0.062500 0.067187
19 0.171094 0.434375 0.060937 0.071875
30 0.244531 0.429688 0.057813 0.062500
32 0.321094 0.431250 0.060937 0.065625
14 0.092969 0.545312 0.060937 0.062500
11 0.170313 0.548438 0.062500 0.068750
1 0.243750 0.547656 0.068750 0.067187
30 0.316406 0.546875 0.060937 0.065625
36 0.400000 0.546094 0.068750 0.064062
28 0.099219 0.663281 0.073438 0.073438
34 0.177344 0.662500 0.067187 0.071875
37 0.260937 0.657813 0.059375 0.062500
14 0.330469 0.657813 0.060937 0.062500
