36 0.098437 0.096094 0.071875 0.067187
4 0.173437 0.095312 0.059375 0.065625
32 0.242969 0.093750 0.057813 0.062500
21 0.321875 0.096094 0.068750 0.067187
18 0.396094 0.094531 0.064062 0.064062
15 0.469531 0.100000 0.060937 0.075000
7 0.545312 0.093750 0.062500 0.062500
3 0.091406 0.209375 0.057813 0.065625
8 0.157812 0.207813 0.050000 0.062500
25 0.235937 0.210156 0.065625 0.067187
23 0.315625 0.209375 0.065625 0.065625
35 0.406250 0.210156 0.078125 0.067187
5 0.501563 0.210156 0.071875 0.067187
26 0.097656 0.318750 0.070312 0.062500
0 0.182031 0.320312 0.057813 0.065625
34 0.260156 0.321875 0.064062 0.068750
16 0.339844 0.321094 0.060937 0.067187
28 0.422656 0.324219 0.070312 0.073438
28 0.097656 0.441406 0.070312 0.073438
25 0.182812 0.438281 0.065625 0.067187
13 0.267969 0.436719 0.064062 0.064062
17 0.348438 0.436719 0.059375 0.064062
34 0.419531 0.440625 0.067187 0.071875
11 0.093750 0.556250 0.062500 0.068750
32 0.163281 0.553125 0.057813 0.062500
0 0.228906 0.554688 0.057813 0.065625
1 0.301563 0.555469 0.068750 0.067187
