25 0.093750 0.094531 0.062500 0.064062
29 0.165625 0.097656 0.050000 0.070312
27 0.239844 0.097656 0.073438 0.070312
12 0.327344 0.094531 0.067187 0.064062
18 0.405469 0.094531 0.064062 0.064062
35 0.100000 0.208594 0.075000 0.064062
37 0.178125 0.207813 0.059375 0.062500
4 0.246875 0.209375 0.059375 0.065625
19 0.321094 0.212500 0.060937 0.071875
32 0.392969 0.209375 0.060937 0.065625
18 0.094531 0.319531 0.064062 0.064062
26 0.171094 0.320312 0.073438 0.065625
29 0.239063 0.322656 0.046875 0.070312
6 0.309375 0.318750 0.068750 0.062500
28 0.389844 0.324219 0.070312 0.073438
19 0.092969 0.429688 0.060937 0.071875
26 0.171094 0.426563 0.073438 0.065625
25 0.257812 0.425781 0.062500 0.064062
10 0.341406 0.429688 0.064062 0.071875
22 0.429688 0.426563 0.071875 0.065625
25 0.095312 0.541406 0.065625 0.067187
17 0.178125 0.539844 0.059375 0.064062
34 0.257031 0.542188 0.064062 0.068750
31 0.338281 0.540625 0.067187 0.065625
9 0.414062 0.539844 0.056250 0.064062
8 0.085938 0.650000 0.046875 0.062500
15 0.149219 0.656250 0.057813 0.075000
5 0.234375 0.652344 0.071875 0.067187
27 0.327344 0.653906 0.073438 0.070312
0 0.546094 0.095312 0.057813 0.065625
37 0.620313 0.093750 0.059375 0.062500
34 0.703906 0.098437 0.067187 0.071875
4 0.778125 0.096875 0.062500 0.068750
11 0.548438 0.207813 0.062500 0.065625
28 0.625781 0.211719 0.070312 0.073438
23 0.710938 0.206250 0.062500 0.062500
11 0.785937 0.207813 0.059375 0.065625
21 0.865625 0.207031 0.065625 0.064062
14 0.547656 0.315625 0.060937 0.062500
15 0.624219 0.321875 0.057813 0.075000
5 0.698438 0.316406 0.068750 0.064062
23 0.778125 0.315625 0.062500 0.062500
30 0.860156 0.317188 0.060937 0.065625
14 0.549219 0.428125 0.064062 0.065625
11 0.625000 0.428125 0.059375 0.065625
7 0.704688 0.426563 0.062500 0.062500
32 0.782031 0.426563 0.057813 0.062500
7 0.860938 0.426563 0.062500 0.062500
9 0.545312 0.535156 0.056250 0.064062
11 0.620313 0.537500 0.062500 0.068750
12 0.696094 0.535156 0.067187 0.064062
19 0.774219 0.540625 0.064062 0.075000
8 0.843750 0.534375 0.046875 0.062500
7 0.548438 0.648438 0.062500 0.062500
31 0.630469 0.650000 0.064062 0.065625
3 0.705469 0.651563 0.060937 0.068750
12 0.778906 0.649219 0.067187 0.064062
