19 0.094531 0.100000 0.064062 0.075000
11 0.173437 0.095312 0.059375 0.065625
27 0.260156 0.097656 0.073438 0.070312
34 0.344531 0.096875 0.064062 0.068750
33 0.423438 0.095312 0.062500 0.065625
5 0.098437 0.211719 0.071875 0.067187
21 0.181250 0.210156 0.065625 0.064062
6 0.256250 0.209375 0.068750 0.062500
1 0.337500 0.211719 0.068750 0.067187
4 0.417187 0.210938 0.059375 0.065625
3 0.091406 0.314063 0.057813 0.065625
35 0.170313 0.313281 0.075000 0.064062
36 0.262500 0.313281 0.068750 0.064062
36 0.343750 0.313281 0.068750 0.064062
30 0.425781 0.312500 0.057813 0.062500
24 0.098437 0.421875 0.071875 0.065625
14 0.177344 0.420312 0.060937 0.062500
33 0.256250 0.421875 0.062500 0.065625
5 0.335938 0.422656 0.071875 0.067187
29 0.403125 0.424219 0.046875 0.070312
1 0.096875 0.530469 0.068750 0.067187
33 0.181250 0.529687 0.062500 0.065625
3 0.255469 0.529687 0.057813 0.065625
27 0.339844 0.532031 0.073438 0.070312
28 0.424219 0.535156 0.073438 0.076563
16 0.091406 0.644531 0.057813 0.064062
22 0.164062 0.645312 0.071875 0.065625
27 0.252344 0.647656 0.073438 0.070312
37 0.337500 0.643750 0.059375 0.062500
15 0.413281 0.651563 0.060937 0.078125
2 0.092188 0.764844 0.059375 0.064062
12 0.172656 0.764844 0.067187 0.064062
37 0.245312 0.764062 0.059375 0.062500
3 0.313281 0.765625 0.057813 0.065625
26 0.097656 0.865625 0.070312 0.062500
5 0.181250 0.867969 0.071875 0.067187
5 0.268750 0.866406 0.068750 0.064062
4 0.350000 0.868750 0.062500 0.068750
25 0.428125 0.866406 0.062500 0.064062
3 0.547656 0.096875 0.060937 0.068750
19 0.624219 0.098437 0.060937 0.071875
1 0.709375 0.096094 0.068750 0.067187
13 0.789844 0.094531 0.064062 0.064062
25 0.865625 0.094531 0.062500 0.064062
8 0.540625 0.209375 0.046875 0.062500
12 0.616406 0.210156 0.067187 0.064062
30 0.699219 0.210938 0.060937 0.065625
19 0.778906 0.214062 0.060937 0.071875
12 0.853906 0.210156 0.067187 0.064062
1 0.551562 0.325781 0.068750 0.067187
13 0.638281 0.325781 0.067187 0.067187
32 0.711719 0.325000 0.060937 0.065625
8 0.784375 0.323437 0.046875 0.062500
3 0.844531 0.325000 0.057813 0.065625
34 0.550781 0.437500 0.067187 0.071875
26 0.632031 0.432812 0.070312 0.062500
12 0.713281 0.433594 0.067187 0.064062
33 0.798438 0.434375 0.062500 0.065625
25 0.875000 0.433594 0.065625 0.064062
1 0.551562 0.539844 0.068750 0.067187
11 0.632812 0.539062 0.059375 0.065625
5 0.706250 0.538281 0.068750 0.064062
23 0.784375 0.539062 0.065625 0.065625
