26 0.097656 0.093750 0.070312 0.062500
21 0.173437 0.094531 0.065625 0.064062
34 0.257031 0.098437 0.067187 0.071875
27 0.344531 0.097656 0.073438 0.070312
32 0.422656 0.093750 0.057813 0.062500
20 0.094531 0.207813 0.064062 0.075000
26 0.182031 0.203125 0.070312 0.065625
5 0.265625 0.202344 0.068750 0.064062
21 0.343750 0.202344 0.065625 0.064062
21 0.096875 0.313281 0.068750 0.067187
16 0.177344 0.313281 0.060937 0.067187
27 0.263281 0.314844 0.073438 0.070312
37 0.343750 0.312500 0.062500 0.065625
28 0.430469 0.316406 0.070312 0.073438
25 0.514062 0.311719 0.062500 0.064062
9 0.090625 0.424219 0.056250 0.064062
34 0.172656 0.428125 0.067187 0.071875
26 0.253906 0.425000 0.070312 0.065625
33 0.335938 0.425000 0.062500 0.065625
34 0.094531 0.534375 0.064062 0.068750
13 0.177344 0.533594 0.067187 0.067187
17 0.257812 0.533594 0.062500 0.067187
37 0.339062 0.531250 0.059375 0.062500
