28 0.097656 0.099219 0.070312 0.073438
4 0.179688 0.096875 0.062500 0.068750
28 0.258594 0.100781 0.073438 0.076563
22 0.339062 0.093750 0.068750 0.062500
13 0.421094 0.094531 0.064062 0.064062
24 0.495312 0.093750 0.068750 0.062500
33 0.093750 0.212500 0.062500 0.065625
5 0.170313 0.213281 0.068750 0.067187
19 0.242969 0.215625 0.060937 0.071875
7 0.320312 0.210938 0.062500 0.062500
12 0.397656 0.211719 0.067187 0.064062
6 0.475000 0.210938 0.068750 0.062500
14 0.094531 0.326562 0.064062 0.065625
10 0.175781 0.329688 0.064062 0.071875
22 0.262500 0.326562 0.071875 0.065625
19 0.344531 0.329688 0.060937 0.071875
32 0.413281 0.325000 0.057813 0.062500
7 0.484375 0.325000 0.062500 0.062500
17 0.554688 0.325781 0.059375 0.064062
2 0.092188 0.439844 0.059375 0.064062
5 0.176563 0.441406 0.071875 0.067187
12 0.255469 0.441406 0.070312 0.067187
24 0.343750 0.440625 0.068750 0.065625
12 0.419531 0.439844 0.067187 0.064062
13 0.096094 0.552344 0.067187 0.067187
28 0.182031 0.557031 0.073438 0.076563
13 0.267969 0.550781 0.064062 0.064062
30 0.341406 0.551562 0.060937 0.065625
14 0.416406 0.550000 0.060937 0.062500
32 0.491406 0.551562 0.060937 0.065625
16 0.567969 0.552344 0.060937 0.067187
20 0.092969 0.671875 0.060937 0.071875
20 0.163281 0.671875 0.060937 0.071875
32 0.232031 0.668750 0.060937 0.065625
27 0.310156 0.669531 0.070312 0.067187
35 0.393750 0.667969 0.075000 0.064062
5 0.484375 0.667969 0.068750 0.064062
29 0.557813 0.672656 0.050000 0.073438
18 0.094531 0.777344 0.064062 0.064062
0 0.175781 0.778125 0.057813 0.065625
27 0.258594 0.780469 0.073438 0.070312
36 0.340625 0.778906 0.071875 0.067187
21 0.431250 0.778906 0.068750 0.067187
26 0.510156 0.778125 0.073438 0.065625
37 0.092188 0.887500 0.059375 0.062500
21 0.175000 0.888281 0.065625 0.064062
4 0.256250 0.889062 0.059375 0.065625
8 0.325000 0.887500 0.050000 0.062500
4 0.395313 0.889062 0.059375 0.065625
33 0.468750 0.889062 0.062500 0.065625
