10 0.094531 0.098437 0.064062 0.071875
15 0.166406 0.100000 0.057813 0.075000
6 0.245312 0.095312 0.071875 0.065625
13 0.325781 0.094531 0.064062 0.064062
35 0.412500 0.096094 0.078125 0.067187
30 0.492969 0.093750 0.057813 0.062500
9 0.090625 0.210156 0.056250 0.064062
8 0.162500 0.209375 0.046875 0.062500
8 0.218750 0.210938 0.050000 0.065625
5 0.285938 0.210156 0.068750 0.064062
33 0.359375 0.210938 0.062500 0.065625
9 0.090625 0.317969 0.056250 0.064062
25 0.168750 0.317969 0.062500 0.064062
27 0.246094 0.321094 0.073438 0.070312
36 0.326562 0.319531 0.071875 0.067187
34 0.405469 0.320312 0.064062 0.068750
31 0.486719 0.317188 0.064062 0.062500
8 0.085938 0.426563 0.046875 0.062500
15 0.150781 0.434375 0.060937 0.078125
17 0.228125 0.427344 0.059375 0.064062
6 0.307812 0.428125 0.071875 0.065625
7 0.385937 0.426563 0.062500 0.062500
7 0.470313 0.428125 0.065625 0.065625
27 0.550781 0.428906 0.070312 0.067187
10 0.094531 0.553125 0.064062 0.071875
20 0.169531 0.554688 0.064062 0.075000
15 0.246094 0.554688 0.057813 0.075000
7 0.314063 0.548438 0.062500 0.062500
20 0.386719 0.553125 0.060937 0.071875
30 0.463281 0.548438 0.057813 0.062500
30 0.535156 0.548438 0.057813 0.062500
