37 0.092188 0.093750 0.059375 0.062500
11 0.167187 0.096875 0.062500 0.068750
12 0.249219 0.096094 0.070312 0.067187
33 0.331250 0.096875 0.065625 0.068750
32 0.400781 0.093750 0.057813 0.062500
34 0.096094 0.204687 0.067187 0.071875
16 0.169531 0.200781 0.057813 0.064062
2 0.242188 0.202344 0.062500 0.067187
4 0.317188 0.201563 0.059375 0.065625
27 0.099219 0.311719 0.073438 0.070312
28 0.182031 0.313281 0.070312 0.073438
23 0.270313 0.309375 0.065625 0.065625
13 0.353906 0.310156 0.067187 0.067187
3 0.091406 0.423438 0.057813 0.065625
28 0.167969 0.427344 0.070312 0.073438
16 0.244531 0.424219 0.060937 0.067187
10 0.319531 0.425000 0.060937 0.068750
17 0.092188 0.533594 0.059375 0.064062
25 0.160938 0.533594 0.062500 0.064062
35 0.250000 0.535156 0.078125 0.067187
16 0.335156 0.535156 0.060937 0.067187
35 0.420312 0.533594 0.075000 0.064062
24 0.096875 0.637500 0.068750 0.062500
18 0.178906 0.638281 0.064062 0.064062
27 0.257031 0.641406 0.073438 0.070312
14 0.346094 0.639062 0.064062 0.065625
17 0.417187 0.638281 0.059375 0.064062
7 0.550000 0.095312 0.065625 0.065625
24 0.635938 0.095312 0.071875 0.065625
25 0.712500 0.094531 0.062500 0.064062
27 0.792969 0.097656 0.073438 0.070312
27 0.552344 0.202344 0.070312 0.067187
23 0.629687 0.200000 0.062500 0.062500
8 0.703125 0.200000 0.046875 0.062500
9 0.768750 0.200781 0.059375 0.064062
3 0.849219 0.203125 0.060937 0.068750
1 0.551562 0.310156 0.068750 0.067187
3 0.622656 0.309375 0.057813 0.065625
27 0.705469 0.310156 0.070312 0.067187
32 0.786719 0.309375 0.060937 0.065625
36 0.862500 0.308594 0.068750 0.064062
7 0.550000 0.410938 0.065625 0.065625
25 0.626563 0.410156 0.062500 0.064062
33 0.698438 0.412500 0.065625 0.068750
12 0.782031 0.410156 0.067187 0.064062
17 0.548438 0.514844 0.062500 0.067187
17 0.628125 0.513281 0.059375 0.064062
26 0.705469 0.514062 0.073438 0.065625
33 0.785937 0.515625 0.065625 0.068750
