13 0.096094 0.096094 0.067187 0.067187
3 0.177344 0.095312 0.057813 0.065625
4 0.246875 0.095312 0.059375 0.065625
5 0.328125 0.094531 0.068750 0.064062
20 0.408594 0.098437 0.064062 0.071875
19 0.489844 0.100000 0.064062 0.075000
15 0.558594 0.100000 0.057813 0.075000
21 0.095312 0.208594 0.065625 0.064062
19 0.178906 0.212500 0.064062 0.071875
19 0.258594 0.212500 0.060937 0.071875
33 0.342187 0.209375 0.065625 0.065625
22 0.421875 0.207813 0.068750 0.062500
19 0.502344 0.214062 0.064062 0.075000
8 0.579688 0.207813 0.050000 0.062500
35 0.100000 0.321094 0.075000 0.067187
19 0.177344 0.325000 0.064062 0.075000
27 0.253906 0.322656 0.073438 0.070312
25 0.334375 0.319531 0.062500 0.064062
12 0.414844 0.321094 0.070312 0.067187
33 0.503125 0.321875 0.065625 0.068750
30 0.091406 0.426563 0.057813 0.062500
30 0.163281 0.426563 0.057813 0.062500
26 0.242969 0.428125 0.073438 0.065625
7 0.326562 0.428125 0.065625 0.065625
10 0.410156 0.431250 0.064062 0.071875
8 0.484375 0.426563 0.050000 0.062500
15 0.092969 0.542188 0.060937 0.078125
16 0.166406 0.535156 0.057813 0.064062
34 0.238281 0.539062 0.067187 0.071875
28 0.327344 0.541406 0.073438 0.076563
22 0.410938 0.535937 0.071875 0.065625
