25 0.093750 0.094531 0.062500 0.064062
3 0.171094 0.095312 0.057813 0.065625
3 0.244531 0.096875 0.060937 0.068750
12 0.321094 0.096094 0.070312 0.067187
13 0.402344 0.096094 0.067187 0.067187
16 0.475781 0.094531 0.057813 0.064062
16 0.092969 0.202344 0.060937 0.067187
36 0.175000 0.200781 0.068750 0.064062
30 0.250781 0.200000 0.057813 0.062500
26 0.336719 0.201563 0.073438 0.065625
22 0.415625 0.200000 0.068750 0.062500
9 0.492188 0.202344 0.059375 0.067187
18 0.575781 0.202344 0.067187 0.067187
22 0.096875 0.301563 0.068750 0.065625
34 0.172656 0.303125 0.064062 0.068750
16 0.244531 0.302344 0.060937 0.067187
37 0.320312 0.300000 0.062500 0.062500
16 0.392969 0.302344 0.060937 0.067187
7 0.093750 0.401562 0.062500 0.062500
15 0.169531 0.407813 0.060937 0.075000
19 0.242969 0.407813 0.064062 0.075000
18 0.322656 0.402344 0.064062 0.064062
32 0.392969 0.401562 0.057813 0.062500
21 0.468750 0.402344 0.065625 0.064062
27 0.546094 0.405469 0.070312 0.070312
12 0.096094 0.516406 0.067187 0.064062
37 0.168750 0.517188 0.062500 0.065625
9 0.242188 0.517969 0.059375 0.067187
7 0.323437 0.517188 0.065625 0.065625
11 0.396875 0.518750 0.062500 0.068750
