14 0.092969 0.093750 0.060937 0.062500
11 0.164062 0.096875 0.062500 0.068750
27 0.239844 0.097656 0.073438 0.070312
21 0.320312 0.096094 0.068750 0.067187
2 0.092188 0.205469 0.059375 0.064062
10 0.160156 0.207813 0.060937 0.068750
23 0.240625 0.206250 0.065625 0.065625
36 0.328125 0.205469 0.068750 0.064062
9 0.409375 0.205469 0.056250 0.064062
20 0.094531 0.320312 0.064062 0.075000
14 0.175781 0.315625 0.064062 0.065625
31 0.255469 0.314063 0.064062 0.062500
25 0.328125 0.316406 0.065625 0.067187
4 0.407813 0.315625 0.059375 0.065625
31 0.094531 0.426563 0.064062 0.062500
22 0.176563 0.428125 0.071875 0.065625
35 0.265625 0.427344 0.075000 0.064062
26 0.347656 0.426563 0.070312 0.062500
12 0.428906 0.427344 0.067187 0.064062
31 0.094531 0.525000 0.064062 0.062500
17 0.170313 0.527344 0.062500 0.067187
4 0.250000 0.526563 0.059375 0.065625
26 0.332031 0.525000 0.070312 0.062500
6 0.412500 0.525000 0.068750 0.062500
33 0.093750 0.631250 0.062500 0.065625
14 0.175781 0.631250 0.064062 0.065625
8 0.250000 0.629687 0.046875 0.062500
18 0.316406 0.630469 0.064062 0.064062
22 0.401562 0.629687 0.068750 0.062500
24 0.096875 0.740625 0.068750 0.065625
2 0.171875 0.739844 0.059375 0.064062
18 0.244531 0.739844 0.064062 0.064062
22 0.331250 0.739062 0.068750 0.062500
16 0.416406 0.741406 0.060937 0.067187
22 0.098437 0.848437 0.071875 0.065625
26 0.189844 0.848437 0.073438 0.065625
34 0.269531 0.851562 0.067187 0.071875
23 0.342187 0.846875 0.062500 0.062500
12 0.414844 0.847656 0.067187 0.064062
5 0.551562 0.094531 0.068750 0.064062
37 0.629687 0.093750 0.059375 0.062500
19 0.699219 0.098437 0.060937 0.071875
13 0.778906 0.094531 0.064062 0.064062
1 0.865625 0.096094 0.068750 0.067187
14 0.547656 0.201563 0.060937 0.062500
33 0.625000 0.203125 0.062500 0.065625
37 0.700000 0.201563 0.059375 0.062500
15 0.774219 0.207813 0.057813 0.075000
1 0.856250 0.205469 0.071875 0.070312
37 0.546875 0.318750 0.059375 0.062500
12 0.621094 0.319531 0.067187 0.064062
1 0.709375 0.322656 0.071875 0.070312
8 0.781250 0.318750 0.046875 0.062500
10 0.857031 0.323437 0.064062 0.071875
36 0.553125 0.435156 0.071875 0.067187
7 0.629687 0.434375 0.065625 0.065625
1 0.717187 0.435156 0.068750 0.067187
8 0.795312 0.432812 0.046875 0.062500
22 0.867188 0.432812 0.068750 0.062500
23 0.550000 0.534375 0.065625 0.065625
26 0.630469 0.534375 0.073438 0.065625
32 0.711719 0.532813 0.057813 0.062500
11 0.792188 0.535937 0.062500 0.068750
10 0.874219 0.537500 0.064062 0.071875
17 0.546875 0.642969 0.059375 0.064062
18 0.621094 0.642969 0.064062 0.064062
9 0.695312 0.644531 0.059375 0.067187
33 0.773438 0.643750 0.062500 0.065625
3 0.546094 0.743750 0.057813 0.065625
29 0.618750 0.746094 0.050000 0.070312
30 0.689844 0.743750 0.060937 0.065625
4 0.767188 0.743750 0.059375 0.065625
29 0.840625 0.746094 0.050000 0.070312
26 0.553906 0.846875 0.073438 0.065625
30 0.638281 0.845313 0.057813 0.062500
7 0.717187 0.846875 0.065625 0.065625
8 0.785937 0.845313 0.046875 0.062500
