2 0.092188 0.094531 0.059375 0.064062
16 0.167969 0.096094 0.060937 0.067187
20 0.239844 0.098437 0.060937 0.071875
37 0.309375 0.093750 0.059375 0.062500
7 0.384375 0.095312 0.065625 0.065625
31 0.094531 0.207813 0.064062 0.062500
24 0.182812 0.209375 0.071875 0.065625
37 0.267188 0.207813 0.059375 0.062500
33 0.343750 0.209375 0.062500 0.065625
37 0.418750 0.207813 0.059375 0.062500
2 0.093750 0.313281 0.062500 0.067187
2 0.170313 0.311719 0.059375 0.064062
18 0.252344 0.311719 0.064062 0.064062
3 0.324219 0.312500 0.057813 0.065625
18 0.403906 0.311719 0.064062 0.064062
37 0.092188 0.414062 0.059375 0.062500
31 0.166406 0.415625 0.064062 0.065625
18 0.244531 0.414844 0.064062 0.064062
21 0.326562 0.414844 0.065625 0.064062
13 0.096094 0.516406 0.067187 0.067187
20 0.167969 0.518750 0.060937 0.071875
8 0.232813 0.514062 0.046875 0.062500
2 0.303125 0.514844 0.059375 0.064062
30 0.374219 0.515625 0.060937 0.065625
16 0.092969 0.632031 0.060937 0.067187
26 0.178906 0.631250 0.073438 0.065625
4 0.259375 0.632812 0.062500 0.068750
8 0.323437 0.629687 0.046875 0.062500
12 0.552344 0.096094 0.070312 0.067187
23 0.628125 0.093750 0.062500 0.062500
29 0.700000 0.099219 0.050000 0.073438
14 0.772656 0.093750 0.060937 0.062500
36 0.553125 0.202344 0.071875 0.067187
23 0.639062 0.201563 0.065625 0.065625
26 0.725781 0.200000 0.070312 0.062500
8 0.796875 0.200000 0.046875 0.062500
20 0.863281 0.204687 0.060937 0.071875
23 0.548438 0.306250 0.062500 0.062500
3 0.619531 0.307812 0.057813 0.065625
2 0.696875 0.308594 0.062500 0.067187
31 0.769531 0.306250 0.064062 0.062500
9 0.845313 0.308594 0.059375 0.067187
3 0.546094 0.415625 0.057813 0.065625
12 0.616406 0.414844 0.067187 0.064062
15 0.691406 0.420312 0.057813 0.075000
27 0.764844 0.416406 0.070312 0.067187
11 0.840625 0.415625 0.059375 0.065625
14 0.549219 0.525000 0.064062 0.065625
36 0.634375 0.524219 0.068750 0.064062
14 0.708594 0.523438 0.060937 0.062500
16 0.777344 0.524219 0.057813 0.064062
3 0.850781 0.526563 0.060937 0.068750
24 0.553125 0.631250 0.071875 0.065625
6 0.631250 0.629687 0.068750 0.062500
1 0.717187 0.632031 0.068750 0.067187
16 0.799219 0.632031 0.060937 0.067187
6 0.878125 0.629687 0.068750 0.062500
