36 0.098437 0.096094 0.071875 0.067187
32 0.183594 0.093750 0.057813 0.062500
37 0.254688 0.093750 0.059375 0.062500
14 0.335156 0.095312 0.064062 0.065625
23 0.412500 0.093750 0.062500 0.062500
5 0.493750 0.096094 0.071875 0.067187
18 0.580469 0.096094 0.067187 0.067187
17 0.092188 0.197656 0.059375 0.064062
31 0.172656 0.196875 0.064062 0.062500
36 0.253125 0.197656 0.068750 0.064062
22 0.334375 0.196875 0.068750 0.062500
4 0.093750 0.301563 0.062500 0.068750
12 0.169531 0.299219 0.067187 0.064062
3 0.247656 0.300000 0.057813 0.065625
10 0.321094 0.301563 0.060937 0.068750
11 0.395313 0.300000 0.059375 0.065625
10 0.094531 0.404687 0.064062 0.071875
18 0.178906 0.400781 0.064062 0.064062
9 0.256250 0.400781 0.056250 0.064062
31 0.325781 0.401562 0.064062 0.065625
11 0.395313 0.401562 0.059375 0.065625
13 0.094531 0.510156 0.064062 0.064062
7 0.176563 0.509375 0.062500 0.062500
26 0.255469 0.510938 0.070312 0.065625
25 0.342187 0.510156 0.062500 0.064062
23 0.415625 0.509375 0.062500 0.062500
