15 0.091406 0.100000 0.057813 0.075000
20 0.164844 0.100000 0.064062 0.075000
30 0.244531 0.095312 0.060937 0.065625
35 0.325000 0.094531 0.075000 0.064062
22 0.098437 0.209375 0.071875 0.065625
21 0.176563 0.210156 0.068750 0.067187
20 0.261719 0.212500 0.060937 0.071875
36 0.337500 0.210156 0.068750 0.067187
16 0.091406 0.317969 0.057813 0.064062
37 0.165625 0.317188 0.059375 0.062500
10 0.233594 0.320312 0.060937 0.068750
28 0.310156 0.322656 0.070312 0.073438
20 0.092969 0.431250 0.060937 0.071875
13 0.169531 0.428906 0.067187 0.067187
14 0.244531 0.426563 0.060937 0.062500
29 0.315625 0.430469 0.046875 0.070312
8 0.376563 0.426563 0.046875 0.062500
24 0.096875 0.540625 0.068750 0.062500
21 0.182812 0.541406 0.065625 0.064062
26 0.261719 0.540625 0.070312 0.062500
8 0.329688 0.540625 0.046875 0.062500
25 0.095312 0.642969 0.065625 0.067187
29 0.168750 0.644531 0.046875 0.070312
24 0.237500 0.640625 0.068750 0.062500
2 0.310937 0.642969 0.062500 0.067187
5 0.395313 0.641406 0.068750 0.064062
22 0.098437 0.751563 0.071875 0.065625
14 0.178906 0.750000 0.060937 0.062500
0 0.257031 0.751563 0.057813 0.065625
6 0.335938 0.750000 0.068750 0.062500
29 0.087500 0.858594 0.050000 0.070312
31 0.164844 0.856250 0.067187 0.065625
3 0.239844 0.856250 0.057813 0.065625
16 0.310156 0.855469 0.057813 0.064062
35 0.398438 0.857031 0.078125 0.067187
17 0.546875 0.094531 0.059375 0.064062
36 0.621875 0.094531 0.068750 0.064062
19 0.703906 0.098437 0.060937 0.071875
13 0.778906 0.094531 0.064062 0.064062
9 0.850000 0.094531 0.059375 0.064062
9 0.545312 0.203906 0.056250 0.064062
9 0.612500 0.205469 0.059375 0.067187
37 0.692187 0.203125 0.059375 0.062500
33 0.764062 0.204687 0.062500 0.065625
33 0.548438 0.306250 0.062500 0.065625
30 0.619531 0.306250 0.060937 0.065625
10 0.694531 0.309375 0.064062 0.071875
15 0.774219 0.310937 0.057813 0.075000
5 0.551562 0.419531 0.068750 0.064062
12 0.632031 0.421094 0.070312 0.067187
15 0.714844 0.425000 0.060937 0.075000
35 0.790625 0.419531 0.075000 0.064062
26 0.552344 0.526563 0.070312 0.062500
37 0.628125 0.526563 0.062500 0.062500
22 0.704688 0.526563 0.068750 0.062500
35 0.795312 0.527344 0.075000 0.064062
14 0.883594 0.528125 0.064062 0.065625
36 0.551562 0.632031 0.068750 0.064062
16 0.630469 0.632031 0.057813 0.064062
26 0.705469 0.631250 0.070312 0.062500
25 0.784375 0.633594 0.065625 0.067187
36 0.862500 0.633594 0.071875 0.067187
