26 0.097656 0.093750 0.070312 0.062500
15 0.180469 0.100000 0.057813 0.075000
18 0.249219 0.094531 0.064062 0.064062
20 0.324219 0.098437 0.060937 0.071875
18 0.405469 0.096094 0.067187 0.067187
29 0.085938 0.210156 0.046875 0.070312
35 0.168750 0.208594 0.078125 0.067187
18 0.252344 0.208594 0.067187 0.067187
25 0.334375 0.207031 0.062500 0.064062
26 0.097656 0.317188 0.070312 0.062500
26 0.185156 0.318750 0.070312 0.065625
28 0.267969 0.322656 0.070312 0.073438
11 0.345313 0.318750 0.059375 0.065625
27 0.425781 0.319531 0.070312 0.067187
5 0.096875 0.425781 0.068750 0.064062
24 0.175000 0.425000 0.068750 0.062500
19 0.260156 0.429688 0.060937 0.071875
20 0.335156 0.429688 0.060937 0.071875
14 0.408594 0.426563 0.064062 0.065625
34 0.096094 0.537500 0.067187 0.071875
27 0.174219 0.536719 0.070312 0.070312
30 0.250781 0.534375 0.060937 0.065625
8 0.320312 0.532813 0.050000 0.062500
0 0.547656 0.095312 0.060937 0.065625
0 0.622656 0.095312 0.057813 0.065625
4 0.698438 0.095312 0.059375 0.065625
15 0.766406 0.100000 0.057813 0.075000
30 0.836719 0.093750 0.057813 0.062500
28 0.552344 0.216406 0.070312 0.073438
17 0.635938 0.211719 0.059375 0.064062
27 0.711719 0.214844 0.073438 0.070312
31 0.789844 0.210938 0.064062 0.062500
31 0.550781 0.320312 0.067187 0.065625
30 0.625781 0.318750 0.057813 0.062500
33 0.706250 0.320312 0.062500 0.065625
33 0.781250 0.321875 0.065625 0.068750
14 0.864844 0.320312 0.064062 0.065625
10 0.547656 0.428125 0.060937 0.068750
19 0.628906 0.429688 0.060937 0.071875
32 0.696094 0.425000 0.057813 0.062500
32 0.761719 0.425000 0.057813 0.062500
11 0.839063 0.426563 0.059375 0.065625
1 0.551562 0.539844 0.068750 0.067187
19 0.632031 0.542188 0.060937 0.071875
17 0.710938 0.539844 0.062500 0.067187
22 0.793750 0.539062 0.071875 0.065625
37 0.868750 0.537500 0.059375 0.062500
28 0.552344 0.647656 0.070312 0.073438
37 0.628125 0.643750 0.062500 0.065625
7 0.698438 0.642188 0.062500 0.062500
4 0.775000 0.643750 0.059375 0.065625
10 0.850781 0.646875 0.064062 0.071875
3 0.547656 0.759375 0.060937 0.068750
24 0.628125 0.757812 0.071875 0.065625
9 0.709375 0.757031 0.056250 0.064062
2 0.778125 0.757031 0.059375 0.064062
9 0.853125 0.757031 0.056250 0.064062
5 0.551562 0.858594 0.068750 0.064062
22 0.635938 0.859375 0.071875 0.065625
17 0.717187 0.860156 0.062500 0.067187
9 0.787500 0.858594 0.056250 0.064062
14 0.858594 0.859375 0.064062 0.065625
