27 0.099219 0.097656 0.073438 0.070312
32 0.182031 0.095312 0.060937 0.065625
18 0.257031 0.094531 0.064062 0.064062
26 0.341406 0.093750 0.070312 0.062500
37 0.426563 0.093750 0.059375 0.062500
5 0.098437 0.207031 0.071875 0.067187
28 0.189844 0.210156 0.070312 0.073438
0 0.266406 0.206250 0.057813 0.065625
11 0.343750 0.207813 0.062500 0.068750
25 0.417187 0.205469 0.062500 0.064062
8 0.087500 0.314063 0.050000 0.062500
8 0.153125 0.314063 0.046875 0.062500
30 0.225781 0.315625 0.060937 0.065625
35 0.315625 0.316406 0.078125 0.067187
11 0.396875 0.315625 0.059375 0.065625
14 0.092969 0.415625 0.060937 0.062500
9 0.164062 0.417969 0.059375 0.067187
2 0.242188 0.416406 0.059375 0.064062
12 0.319531 0.417969 0.070312 0.067187
19 0.394531 0.420312 0.060937 0.071875
26 0.099219 0.528125 0.073438 0.065625
3 0.177344 0.529687 0.060937 0.068750
6 0.254688 0.528125 0.071875 0.065625
32 0.335156 0.526563 0.060937 0.062500
8 0.407813 0.526563 0.046875 0.062500
12 0.096094 0.639844 0.067187 0.064062
14 0.174219 0.639062 0.060937 0.062500
15 0.241406 0.645312 0.057813 0.075000
11 0.320312 0.640625 0.059375 0.065625
17 0.546875 0.094531 0.059375 0.064062
14 0.614844 0.093750 0.060937 0.062500
23 0.695312 0.093750 0.062500 0.062500
36 0.778125 0.094531 0.068750 0.064062
1 0.553125 0.203906 0.071875 0.070312
21 0.642188 0.200781 0.065625 0.064062
27 0.730469 0.202344 0.070312 0.067187
17 0.803125 0.200781 0.059375 0.064062
4 0.875000 0.203125 0.062500 0.068750
12 0.552344 0.310156 0.070312 0.067187
26 0.633594 0.307812 0.070312 0.062500
23 0.709375 0.309375 0.065625 0.065625
17 0.782813 0.308594 0.059375 0.064062
24 0.854688 0.307812 0.068750 0.062500
10 0.549219 0.418750 0.064062 0.071875
29 0.623437 0.419531 0.050000 0.073438
24 0.695312 0.414062 0.068750 0.062500
14 0.769531 0.415625 0.064062 0.065625
31 0.846094 0.415625 0.067187 0.065625
35 0.554688 0.528906 0.075000 0.064062
5 0.635938 0.528906 0.068750 0.064062
36 0.725000 0.528906 0.068750 0.064062
29 0.796875 0.533594 0.050000 0.073438
4 0.859375 0.529687 0.059375 0.065625
5 0.551562 0.635156 0.068750 0.064062
13 0.628906 0.636719 0.067187 0.067187
15 0.700781 0.640625 0.060937 0.075000
9 0.771875 0.635156 0.056250 0.064062
0 0.844531 0.637500 0.060937 0.068750
1 0.553125 0.750781 0.071875 0.070312
33 0.631250 0.748437 0.062500 0.065625
15 0.713281 0.754687 0.060937 0.078125
29 0.785937 0.750781 0.046875 0.070312
26 0.858594 0.748437 0.073438 0.065625
33 0.550000 0.871875 0.065625 0.068750
30 0.625781 0.870313 0.060937 0.065625
1 0.700000 0.871094 0.068750 0.067187
16 0.780469 0.869531 0.057813 0.064062
37 0.851562 0.870313 0.062500 0.065625
