4 0.092188 0.095312 0.059375 0.065625
24 0.171875 0.093750 0.068750 0.062500
29 0.243750 0.097656 0.046875 0.070312
35 0.318750 0.096094 0.075000 0.067187
19 0.408594 0.100000 0.064062 0.075000
27 0.097656 0.207031 0.070312 0.067187
30 0.174219 0.206250 0.060937 0.065625
28 0.258594 0.210156 0.070312 0.073438
26 0.341406 0.206250 0.073438 0.065625
26 0.097656 0.318750 0.070312 0.062500
20 0.182031 0.323437 0.060937 0.071875
30 0.250781 0.318750 0.057813 0.062500
35 0.325000 0.319531 0.075000 0.064062
26 0.411719 0.318750 0.070312 0.062500
4 0.093750 0.428125 0.062500 0.068750
36 0.176563 0.427344 0.071875 0.067187
12 0.255469 0.425781 0.067187 0.064062
18 0.333594 0.427344 0.067187 0.067187
0 0.091406 0.532813 0.057813 0.065625
15 0.163281 0.539062 0.060937 0.078125
27 0.247656 0.533594 0.070312 0.067187
33 0.328125 0.532813 0.062500 0.065625
37 0.403125 0.531250 0.059375 0.062500
20 0.092969 0.648438 0.060937 0.071875
21 0.178125 0.646094 0.068750 0.067187
36 0.256250 0.644531 0.068750 0.064062
14 0.332031 0.643750 0.060937 0.062500
36 0.404687 0.644531 0.068750 0.064062
13 0.094531 0.750781 0.064062 0.064062
36 0.181250 0.750781 0.068750 0.064062
27 0.266406 0.752344 0.070312 0.067187
2 0.340625 0.750781 0.059375 0.064062
10 0.417969 0.753125 0.060937 0.068750
23 0.093750 0.856250 0.062500 0.062500
36 0.178125 0.858594 0.071875 0.067187
33 0.262500 0.857812 0.062500 0.065625
20 0.341406 0.860938 0.060937 0.071875
27 0.416406 0.858594 0.070312 0.067187
3 0.547656 0.096875 0.060937 0.068750
24 0.632812 0.095312 0.071875 0.065625
3 0.711719 0.096875 0.060937 0.068750
18 0.789844 0.094531 0.064062 0.064062
21 0.870313 0.094531 0.065625 0.064062
25 0.550000 0.205469 0.065625 0.067187
3 0.632031 0.204687 0.057813 0.065625
34 0.711719 0.206250 0.064062 0.068750
14 0.785156 0.203125 0.060937 0.062500
25 0.856250 0.203906 0.062500 0.064062
17 0.546875 0.311719 0.059375 0.064062
26 0.628906 0.312500 0.070312 0.065625
22 0.717187 0.312500 0.071875 0.065625
29 0.793750 0.314844 0.050000 0.070312
0 0.547656 0.420312 0.060937 0.065625
21 0.618750 0.419531 0.065625 0.064062
13 0.692969 0.419531 0.064062 0.064062
37 0.771875 0.418750 0.059375 0.062500
34 0.852344 0.423438 0.067187 0.071875
27 0.552344 0.532031 0.070312 0.067187
34 0.630469 0.534375 0.067187 0.071875
16 0.702344 0.530469 0.057813 0.064062
11 0.781250 0.532813 0.062500 0.068750
21 0.551562 0.646094 0.068750 0.067187
19 0.632031 0.648438 0.060937 0.071875
13 0.703906 0.646094 0.067187 0.067187
36 0.790625 0.644531 0.068750 0.064062
4 0.867188 0.646875 0.062500 0.068750
31 0.549219 0.754687 0.064062 0.062500
19 0.628906 0.760938 0.064062 0.075000
28 0.710156 0.760156 0.070312 0.073438
20 0.796094 0.760938 0.064062 0.075000
3 0.877344 0.757812 0.060937 0.068750
36 0.551562 0.871094 0.068750 0.064062
25 0.629687 0.871094 0.062500 0.064062
8 0.696875 0.870313 0.046875 0.062500
15 0.771094 0.878125 0.060937 0.078125
5 0.846875 0.871094 0.068750 0.064062
