33 0.093750 0.095312 0.062500 0.065625
21 0.178125 0.094531 0.065625 0.064062
17 0.256250 0.094531 0.059375 0.064062
3 0.330469 0.096875 0.060937 0.068750
1 0.407813 0.096094 0.068750 0.067187
15 0.092969 0.214062 0.060937 0.078125
29 0.160938 0.210156 0.046875 0.070312
19 0.236719 0.212500 0.064062 0.075000
10 0.321094 0.210938 0.064062 0.071875
22 0.096875 0.320312 0.068750 0.062500
14 0.175781 0.320312 0.060937 0.062500
17 0.248438 0.321094 0.059375 0.064062
12 0.325781 0.321094 0.067187 0.064062
33 0.407813 0.321875 0.062500 0.065625
15 0.091406 0.426563 0.057813 0.075000
0 0.171094 0.421875 0.060937 0.065625
12 0.247656 0.422656 0.070312 0.067187
28 0.335156 0.425781 0.070312 0.073438
34 0.096094 0.542188 0.067187 0.071875
20 0.172656 0.542188 0.060937 0.071875
1 0.256250 0.541406 0.071875 0.070312
35 0.346875 0.538281 0.075000 0.064062
27 0.427344 0.539844 0.070312 0.067187
32 0.092969 0.646875 0.060937 0.065625
28 0.174219 0.650781 0.070312 0.073438
22 0.265625 0.646875 0.071875 0.065625
8 0.332813 0.645312 0.046875 0.062500
4 0.396875 0.646875 0.059375 0.065625
17 0.092188 0.763281 0.059375 0.064062
14 0.174219 0.764062 0.064062 0.065625
10 0.250781 0.767188 0.064062 0.071875
28 0.330469 0.767969 0.070312 0.073438
3 0.408594 0.765625 0.060937 0.068750
35 0.100000 0.875781 0.075000 0.064062
36 0.185938 0.875781 0.068750 0.064062
9 0.260937 0.875781 0.056250 0.064062
20 0.333594 0.881250 0.064062 0.075000
17 0.409375 0.875781 0.059375 0.064062
1 0.553125 0.097656 0.071875 0.070312
5 0.639062 0.096094 0.071875 0.067187
6 0.720313 0.095312 0.071875 0.065625
12 0.803906 0.094531 0.067187 0.064062
20 0.880469 0.098437 0.060937 0.071875
21 0.551562 0.205469 0.068750 0.067187
18 0.633594 0.203906 0.064062 0.064062
25 0.707812 0.203906 0.062500 0.064062
37 0.784375 0.203125 0.059375 0.062500
16 0.546094 0.308594 0.057813 0.064062
23 0.626563 0.307812 0.062500 0.062500
28 0.707031 0.313281 0.070312 0.073438
13 0.792969 0.308594 0.064062 0.064062
10 0.871094 0.312500 0.064062 0.071875
9 0.545312 0.416406 0.056250 0.064062
33 0.620313 0.417187 0.062500 0.065625
26 0.694531 0.415625 0.070312 0.062500
2 0.776563 0.416406 0.059375 0.064062
31 0.850781 0.415625 0.064062 0.062500
23 0.548438 0.521875 0.062500 0.062500
32 0.624219 0.521875 0.057813 0.062500
24 0.700000 0.521875 0.068750 0.062500
34 0.778906 0.526563 0.067187 0.071875
7 0.860938 0.523438 0.065625 0.065625
