4 0.092188 0.095312 0.059375 0.065625
7 0.164062 0.095312 0.065625 0.065625
21 0.237500 0.094531 0.065625 0.064062
30 0.307031 0.093750 0.057813 0.062500
4 0.092188 0.196875 0.059375 0.065625
32 0.164844 0.195312 0.057813 0.062500
21 0.237500 0.197656 0.068750 0.067187
19 0.321094 0.201563 0.064062 0.075000
10 0.399219 0.200000 0.064062 0.071875
27 0.097656 0.308594 0.070312 0.067187
28 0.182031 0.311719 0.070312 0.073438
2 0.257812 0.307031 0.059375 0.064062
21 0.340625 0.308594 0.065625 0.067187
12 0.097656 0.422656 0.070312 0.067187
22 0.178125 0.420312 0.068750 0.062500
0 0.253906 0.421875 0.057813 0.065625
12 0.330469 0.422656 0.070312 0.067187
29 0.409375 0.424219 0.046875 0.070312
7 0.476562 0.421875 0.065625 0.065625
27 0.099219 0.528906 0.073438 0.070312
23 0.181250 0.525000 0.062500 0.062500
24 0.257812 0.526563 0.071875 0.065625
12 0.338281 0.527344 0.070312 0.067187
28 0.424219 0.530469 0.070312 0.073438
15 0.508594 0.531250 0.057813 0.075000
