3 0.091406 0.095312 0.057813 0.065625
13 0.161719 0.094531 0.064062 0.064062
12 0.238281 0.096094 0.070312 0.067187
37 0.314063 0.093750 0.059375 0.062500
26 0.097656 0.203125 0.070312 0.065625
5 0.184375 0.202344 0.068750 0.064062
15 0.266406 0.209375 0.060937 0.078125
11 0.348438 0.204687 0.062500 0.068750
1 0.431250 0.205469 0.071875 0.070312
8 0.087500 0.312500 0.050000 0.062500
20 0.150781 0.317188 0.060937 0.071875
9 0.226562 0.313281 0.056250 0.064062
3 0.294531 0.315625 0.060937 0.068750
17 0.375000 0.313281 0.059375 0.064062
3 0.091406 0.428125 0.057813 0.065625
4 0.167187 0.428125 0.059375 0.065625
2 0.234375 0.427344 0.059375 0.064062
29 0.304688 0.430469 0.046875 0.070312
3 0.367969 0.429688 0.060937 0.068750
25 0.093750 0.539844 0.062500 0.064062
32 0.167969 0.539062 0.057813 0.062500
8 0.239063 0.539062 0.050000 0.062500
16 0.313281 0.539844 0.057813 0.064062
7 0.392188 0.539062 0.062500 0.062500
7 0.093750 0.643750 0.062500 0.062500
5 0.179688 0.644531 0.068750 0.064062
2 0.253125 0.646094 0.062500 0.067187
9 0.328125 0.644531 0.056250 0.064062
5 0.551562 0.094531 0.068750 0.064062
5 0.639062 0.096094 0.071875 0.067187
16 0.717969 0.094531 0.057813 0.064062
1 0.789062 0.096094 0.068750 0.067187
15 0.861719 0.100000 0.060937 0.075000
22 0.553125 0.210938 0.071875 0.065625
7 0.639062 0.209375 0.062500 0.062500
8 0.701562 0.209375 0.046875 0.062500
27 0.774219 0.213281 0.073438 0.070312
21 0.859375 0.210156 0.065625 0.064062
10 0.547656 0.315625 0.060937 0.068750
24 0.620313 0.312500 0.068750 0.062500
28 0.705469 0.317969 0.070312 0.073438
0 0.789844 0.314063 0.057813 0.065625
10 0.857031 0.315625 0.060937 0.068750
15 0.546094 0.429688 0.057813 0.075000
15 0.625781 0.431250 0.060937 0.078125
8 0.692187 0.423438 0.046875 0.062500
30 0.761719 0.423438 0.057813 0.062500
27 0.841406 0.427344 0.073438 0.070312
34 0.549219 0.543750 0.064062 0.068750
34 0.627344 0.543750 0.064062 0.068750
36 0.712500 0.542969 0.071875 0.067187
11 0.785937 0.542188 0.059375 0.065625
22 0.865625 0.540625 0.068750 0.062500
