20 0.094531 0.100000 0.064062 0.075000
36 0.171875 0.094531 0.068750 0.064062
23 0.254688 0.093750 0.062500 0.062500
34 0.327344 0.096875 0.064062 0.068750
1 0.407813 0.097656 0.071875 0.070312
20 0.092969 0.209375 0.060937 0.071875
31 0.164844 0.204687 0.064062 0.062500
37 0.245312 0.204687 0.059375 0.062500
33 0.320312 0.206250 0.062500 0.065625
4 0.396875 0.206250 0.059375 0.065625
26 0.097656 0.309375 0.070312 0.062500
28 0.182031 0.316406 0.073438 0.076563
22 0.265625 0.309375 0.068750 0.062500
0 0.346094 0.310937 0.057813 0.065625
25 0.417187 0.310156 0.062500 0.064062
1 0.098437 0.432031 0.071875 0.070312
32 0.182031 0.429688 0.060937 0.065625
36 0.267188 0.430469 0.071875 0.067187
16 0.346094 0.428906 0.057813 0.064062
6 0.426563 0.429688 0.071875 0.065625
33 0.093750 0.537500 0.062500 0.065625
24 0.173437 0.537500 0.071875 0.065625
17 0.251563 0.536719 0.059375 0.064062
32 0.322656 0.535937 0.057813 0.062500
21 0.400000 0.536719 0.065625 0.064062
6 0.098437 0.640625 0.071875 0.065625
8 0.176563 0.639062 0.046875 0.062500
6 0.256250 0.640625 0.071875 0.065625
7 0.337500 0.640625 0.065625 0.065625
9 0.417187 0.639844 0.056250 0.064062
18 0.096094 0.739844 0.067187 0.067187
36 0.175000 0.738281 0.068750 0.064062
30 0.246094 0.737500 0.057813 0.062500
20 0.324219 0.743750 0.064062 0.075000
11 0.400000 0.739062 0.059375 0.065625
26 0.553906 0.095312 0.073438 0.065625
11 0.637500 0.096875 0.062500 0.068750
37 0.718750 0.093750 0.059375 0.062500
20 0.792969 0.098437 0.060937 0.071875
21 0.550000 0.210156 0.065625 0.064062
29 0.617188 0.213281 0.046875 0.070312
30 0.686719 0.209375 0.057813 0.062500
24 0.760938 0.209375 0.068750 0.062500
9 0.834375 0.210156 0.059375 0.064062
20 0.547656 0.317188 0.060937 0.071875
1 0.631250 0.314844 0.068750 0.067187
31 0.711719 0.314063 0.067187 0.065625
19 0.786719 0.317188 0.060937 0.071875
36 0.870313 0.314844 0.071875 0.067187
19 0.547656 0.429688 0.060937 0.071875
5 0.626563 0.427344 0.071875 0.067187
30 0.708594 0.425000 0.057813 0.062500
36 0.785937 0.425781 0.068750 0.064062
3 0.861719 0.426563 0.057813 0.065625
31 0.549219 0.535937 0.064062 0.062500
20 0.619531 0.540625 0.060937 0.071875
10 0.696094 0.539062 0.060937 0.068750
33 0.768750 0.539062 0.065625 0.068750
21 0.851562 0.536719 0.065625 0.064062
7 0.548438 0.650000 0.062500 0.062500
34 0.630469 0.654687 0.067187 0.071875
1 0.715625 0.652344 0.068750 0.067187
16 0.791406 0.650781 0.060937 0.064062
26 0.872656 0.650000 0.070312 0.062500
3 0.546094 0.756250 0.057813 0.065625
31 0.624219 0.754687 0.064062 0.062500
29 0.695312 0.758594 0.050000 0.070312
20 0.758594 0.759375 0.060937 0.071875
10 0.830469 0.757812 0.060937 0.068750
4 0.546875 0.870313 0.059375 0.065625
15 0.624219 0.875000 0.057813 0.075000
22 0.698438 0.868750 0.068750 0.062500
30 0.777344 0.868750 0.057813 0.062500
24 0.853125 0.870313 0.071875 0.065625
