15 0.092969 0.100000 0.060937 0.075000
4 0.170313 0.095312 0.059375 0.065625
34 0.244531 0.096875 0.064062 0.068750
23 0.320312 0.095312 0.065625 0.065625
11 0.393750 0.095312 0.059375 0.065625
9 0.092188 0.211719 0.059375 0.067187
8 0.154688 0.209375 0.046875 0.062500
13 0.222656 0.210156 0.064062 0.064062
5 0.301563 0.210156 0.068750 0.064062
9 0.375000 0.210156 0.056250 0.064062
4 0.442188 0.212500 0.062500 0.068750
0 0.092969 0.317188 0.060937 0.068750
13 0.174219 0.314844 0.064062 0.064062
37 0.251563 0.314063 0.059375 0.062500
7 0.325000 0.315625 0.065625 0.065625
13 0.096094 0.421094 0.067187 0.067187
15 0.167969 0.425000 0.057813 0.075000
27 0.241406 0.421094 0.070312 0.067187
14 0.319531 0.418750 0.060937 0.062500
1 0.096875 0.528906 0.068750 0.067187
37 0.168750 0.526563 0.059375 0.062500
14 0.238281 0.526563 0.060937 0.062500
37 0.318750 0.526563 0.059375 0.062500
36 0.396875 0.528906 0.071875 0.067187
17 0.546875 0.094531 0.059375 0.064062
1 0.621875 0.096094 0.068750 0.067187
27 0.703906 0.097656 0.073438 0.070312
23 0.790625 0.095312 0.065625 0.065625
34 0.872656 0.096875 0.064062 0.068750
13 0.549219 0.197656 0.064062 0.064062
36 0.635938 0.197656 0.068750 0.064062
7 0.714063 0.196875 0.062500 0.062500
11 0.785937 0.198437 0.062500 0.065625
26 0.871094 0.196875 0.070312 0.062500
17 0.548438 0.302344 0.062500 0.067187
14 0.621094 0.300000 0.060937 0.062500
24 0.696875 0.300000 0.068750 0.062500
21 0.779687 0.302344 0.068750 0.067187
8 0.540625 0.400000 0.046875 0.062500
24 0.609375 0.400000 0.068750 0.062500
9 0.692187 0.400781 0.056250 0.064062
20 0.771094 0.404687 0.060937 0.071875
10 0.549219 0.509375 0.064062 0.068750
12 0.627344 0.507031 0.067187 0.064062
33 0.710938 0.507812 0.062500 0.065625
31 0.789844 0.506250 0.064062 0.062500
4 0.548438 0.614062 0.062500 0.065625
0 0.616406 0.614062 0.057813 0.065625
9 0.692187 0.613281 0.056250 0.064062
8 0.764062 0.612500 0.046875 0.062500
15 0.547656 0.726562 0.060937 0.078125
18 0.630469 0.721094 0.067187 0.067187
2 0.703125 0.719531 0.059375 0.064062
22 0.776563 0.718750 0.068750 0.062500
34 0.860156 0.723437 0.067187 0.071875
