25 0.093750 0.094531 0.062500 0.064062
30 0.172656 0.095312 0.060937 0.065625
21 0.250000 0.096094 0.068750 0.067187
27 0.328906 0.097656 0.073438 0.070312
32 0.413281 0.093750 0.057813 0.062500
23 0.482812 0.093750 0.062500 0.062500
32 0.091406 0.200000 0.057813 0.062500
9 0.160938 0.200781 0.056250 0.064062
36 0.240625 0.200781 0.068750 0.064062
21 0.328125 0.200781 0.065625 0.064062
14 0.403906 0.201563 0.064062 0.065625
30 0.480469 0.201563 0.060937 0.065625
17 0.562500 0.202344 0.062500 0.067187
35 0.101562 0.305469 0.078125 0.067187
2 0.182812 0.305469 0.062500 0.067187
14 0.257031 0.303125 0.060937 0.062500
21 0.337500 0.303906 0.065625 0.064062
14 0.094531 0.409375 0.064062 0.065625
3 0.169531 0.410938 0.060937 0.068750
22 0.253125 0.407813 0.068750 0.062500
19 0.332031 0.412500 0.060937 0.071875
15 0.399219 0.414062 0.057813 0.075000
0 0.092969 0.529687 0.060937 0.068750
26 0.171094 0.526563 0.070312 0.062500
28 0.252344 0.532031 0.070312 0.073438
6 0.339062 0.528125 0.071875 0.065625
37 0.092188 0.642188 0.059375 0.062500
9 0.165625 0.644531 0.059375 0.067187
7 0.235937 0.642188 0.062500 0.062500
36 0.317188 0.642969 0.068750 0.064062
9 0.092188 0.749219 0.059375 0.064062
19 0.174219 0.753125 0.064062 0.071875
3 0.244531 0.750000 0.057813 0.065625
32 0.321094 0.748437 0.057813 0.062500
9 0.092188 0.866406 0.059375 0.067187
14 0.166406 0.864062 0.060937 0.062500
33 0.243750 0.865625 0.065625 0.065625
14 0.317969 0.864062 0.060937 0.062500
29 0.379688 0.867969 0.046875 0.070312
