8 0.087500 0.093750 0.050000 0.062500
23 0.159375 0.095312 0.065625 0.065625
30 0.232031 0.093750 0.060937 0.062500
1 0.304688 0.096094 0.068750 0.067187
37 0.385937 0.093750 0.059375 0.062500
35 0.100000 0.194531 0.075000 0.064062
14 0.183594 0.193750 0.060937 0.062500
2 0.265625 0.196094 0.062500 0.067187
18 0.347656 0.194531 0.064062 0.064062
4 0.417187 0.195312 0.059375 0.065625
7 0.093750 0.301563 0.062500 0.062500
34 0.166406 0.304688 0.064062 0.068750
31 0.250781 0.301563 0.064062 0.062500
22 0.329688 0.303125 0.071875 0.065625
35 0.420312 0.302344 0.075000 0.064062
4 0.093750 0.407813 0.062500 0.068750
6 0.170313 0.406250 0.071875 0.065625
6 0.254688 0.404687 0.068750 0.062500
32 0.327344 0.404687 0.057813 0.062500
28 0.402344 0.410156 0.070312 0.073438
27 0.492969 0.407031 0.070312 0.067187
34 0.094531 0.525000 0.064062 0.068750
23 0.175000 0.523438 0.065625 0.065625
36 0.253125 0.522656 0.068750 0.064062
15 0.333594 0.529687 0.060937 0.078125
37 0.407813 0.521875 0.059375 0.062500
32 0.091406 0.635938 0.057813 0.062500
21 0.162500 0.636719 0.065625 0.064062
28 0.238281 0.641406 0.070312 0.073438
18 0.327344 0.638281 0.067187 0.067187
35 0.407813 0.636719 0.075000 0.064062
26 0.492969 0.637500 0.070312 0.065625
7 0.093750 0.748437 0.062500 0.062500
31 0.177344 0.748437 0.064062 0.062500
36 0.259375 0.750781 0.071875 0.067187
25 0.337500 0.750781 0.065625 0.067187
17 0.417187 0.749219 0.059375 0.064062
34 0.499219 0.751563 0.067187 0.068750
