26 0.099219 0.095312 0.073438 0.065625
4 0.181250 0.095312 0.059375 0.065625
32 0.255469 0.093750 0.057813 0.062500
33 0.331250 0.096875 0.065625 0.068750
26 0.410156 0.093750 0.070312 0.062500
18 0.494531 0.094531 0.064062 0.064062
5 0.573438 0.094531 0.068750 0.064062
11 0.092188 0.200000 0.059375 0.065625
1 0.178125 0.202344 0.071875 0.070312
3 0.252344 0.200000 0.057813 0.065625
1 0.331250 0.200781 0.068750 0.067187
18 0.414844 0.200781 0.067187 0.067187
6 0.096875 0.312500 0.068750 0.062500
26 0.185156 0.312500 0.070312 0.062500
7 0.268750 0.314063 0.065625 0.065625
26 0.357031 0.312500 0.070312 0.062500
10 0.438281 0.315625 0.060937 0.068750
15 0.514844 0.318750 0.057813 0.075000
9 0.592187 0.313281 0.056250 0.064062
29 0.087500 0.425781 0.050000 0.070312
13 0.164844 0.422656 0.064062 0.064062
3 0.247656 0.425000 0.060937 0.068750
1 0.328125 0.424219 0.068750 0.067187
1 0.412500 0.424219 0.068750 0.067187
5 0.493750 0.424219 0.071875 0.067187
32 0.092969 0.526563 0.060937 0.065625
16 0.161719 0.527344 0.060937 0.067187
17 0.234375 0.525781 0.062500 0.064062
35 0.321875 0.527344 0.078125 0.067187
34 0.413281 0.528125 0.064062 0.068750
6 0.498437 0.526563 0.071875 0.065625
19 0.575781 0.529687 0.060937 0.071875
12 0.097656 0.636719 0.070312 0.067187
4 0.179688 0.635938 0.059375 0.065625
4 0.257812 0.635938 0.059375 0.065625
31 0.336719 0.634375 0.064062 0.062500
24 0.415625 0.635938 0.071875 0.065625
19 0.094531 0.748437 0.064062 0.075000
8 0.164062 0.743750 0.050000 0.065625
8 0.232813 0.743750 0.050000 0.065625
23 0.298438 0.742188 0.062500 0.062500
25 0.378125 0.742969 0.062500 0.064062
