31 0.094531 0.093750 0.064062 0.062500
33 0.168750 0.095312 0.062500 0.065625
22 0.253125 0.095312 0.071875 0.065625
24 0.339062 0.093750 0.068750 0.062500
27 0.099219 0.203906 0.073438 0.070312
27 0.182031 0.202344 0.070312 0.067187
26 0.266406 0.201563 0.073438 0.065625
36 0.351562 0.202344 0.071875 0.067187
2 0.431250 0.200781 0.059375 0.064062
16 0.091406 0.311719 0.057813 0.064062
27 0.166406 0.314844 0.073438 0.070312
0 0.249219 0.312500 0.057813 0.065625
21 0.326562 0.311719 0.065625 0.064062
35 0.409375 0.313281 0.078125 0.067187
7 0.093750 0.417187 0.062500 0.062500
23 0.167187 0.417187 0.062500 0.062500
19 0.249219 0.421875 0.060937 0.071875
3 0.316406 0.418750 0.057813 0.065625
6 0.392188 0.418750 0.071875 0.065625
20 0.094531 0.535937 0.064062 0.075000
33 0.165625 0.531250 0.062500 0.065625
13 0.241406 0.530469 0.064062 0.064062
27 0.322656 0.532031 0.070312 0.067187
9 0.398438 0.530469 0.059375 0.064062
19 0.547656 0.098437 0.060937 0.071875
19 0.617969 0.098437 0.064062 0.071875
32 0.689844 0.093750 0.057813 0.062500
2 0.767188 0.094531 0.059375 0.064062
21 0.550000 0.203906 0.065625 0.064062
30 0.624219 0.204687 0.060937 0.065625
5 0.704688 0.205469 0.071875 0.067187
33 0.789062 0.204687 0.062500 0.065625
2 0.860938 0.203906 0.059375 0.064062
7 0.548438 0.303125 0.062500 0.062500
26 0.633594 0.304688 0.073438 0.065625
29 0.715625 0.307031 0.050000 0.070312
14 0.780469 0.303125 0.060937 0.062500
6 0.856250 0.303125 0.068750 0.062500
25 0.550000 0.414844 0.065625 0.067187
34 0.627344 0.415625 0.064062 0.068750
36 0.714063 0.414844 0.071875 0.067187
24 0.798438 0.414062 0.071875 0.065625
15 0.878906 0.418750 0.057813 0.075000
29 0.542188 0.532031 0.050000 0.073438
0 0.605469 0.529687 0.060937 0.068750
28 0.682031 0.533594 0.073438 0.076563
19 0.758594 0.532813 0.064062 0.075000
20 0.828906 0.531250 0.060937 0.071875
33 0.550000 0.646875 0.065625 0.068750
17 0.632812 0.646094 0.062500 0.067187
8 0.698438 0.643750 0.046875 0.062500
31 0.766406 0.645312 0.064062 0.065625
28 0.846094 0.649219 0.070312 0.073438
0 0.546094 0.759375 0.057813 0.065625
10 0.621094 0.762500 0.064062 0.071875
33 0.698438 0.759375 0.062500 0.065625
18 0.771094 0.758594 0.064062 0.064062
0 0.547656 0.865625 0.060937 0.068750
13 0.630469 0.864844 0.067187 0.067187
4 0.710938 0.864062 0.059375 0.065625
1 0.782813 0.864844 0.068750 0.067187
