20 0.092969 0.098437 0.060937 0.071875
30 0.164844 0.093750 0.057813 0.062500
36 0.239063 0.094531 0.068750 0.064062
14 0.322656 0.093750 0.060937 0.062500
27 0.099219 0.210156 0.073438 0.070312
25 0.175000 0.207031 0.062500 0.064062
8 0.245312 0.207813 0.050000 0.065625
13 0.314844 0.207031 0.064062 0.064062
16 0.092969 0.322656 0.060937 0.067187
8 0.156250 0.320312 0.046875 0.062500
12 0.227344 0.322656 0.070312 0.067187
8 0.293750 0.320312 0.046875 0.062500
17 0.360938 0.321094 0.062500 0.064062
12 0.435156 0.321094 0.067187 0.064062
9 0.092188 0.430469 0.059375 0.067187
29 0.157812 0.432031 0.050000 0.070312
8 0.228125 0.428125 0.050000 0.062500
33 0.303125 0.429688 0.062500 0.065625
6 0.390625 0.429688 0.071875 0.065625
3 0.469531 0.429688 0.057813 0.065625
24 0.098437 0.540625 0.071875 0.065625
25 0.182812 0.539844 0.062500 0.064062
20 0.255469 0.545312 0.064062 0.075000
1 0.337500 0.542969 0.071875 0.070312
20 0.414844 0.543750 0.060937 0.071875
23 0.093750 0.654687 0.062500 0.062500
27 0.172656 0.658594 0.073438 0.070312
11 0.250000 0.657813 0.062500 0.068750
3 0.321094 0.656250 0.057813 0.065625
22 0.096875 0.767188 0.068750 0.062500
13 0.175781 0.767969 0.064062 0.064062
35 0.260937 0.769531 0.078125 0.067187
16 0.341406 0.767969 0.057813 0.064062
