34 0.096094 0.098437 0.067187 0.071875
29 0.160938 0.097656 0.046875 0.070312
18 0.230469 0.096094 0.067187 0.067187
23 0.304688 0.093750 0.062500 0.062500
3 0.091406 0.201563 0.057813 0.065625
22 0.165625 0.201563 0.071875 0.065625
21 0.246875 0.200781 0.065625 0.064062
20 0.317969 0.204687 0.060937 0.071875
32 0.396094 0.200000 0.057813 0.062500
17 0.092188 0.307031 0.059375 0.064062
32 0.163281 0.306250 0.057813 0.062500
19 0.232031 0.310937 0.060937 0.071875
34 0.308594 0.310937 0.067187 0.071875
14 0.388281 0.306250 0.060937 0.062500
16 0.091406 0.422656 0.057813 0.064062
35 0.167187 0.424219 0.075000 0.067187
14 0.246094 0.423438 0.064062 0.065625
1 0.328125 0.424219 0.068750 0.067187
35 0.410938 0.422656 0.075000 0.064062
22 0.096875 0.526563 0.068750 0.062500
32 0.177344 0.528125 0.060937 0.065625
22 0.257812 0.526563 0.068750 0.062500
19 0.341406 0.531250 0.060937 0.071875
35 0.100000 0.636719 0.075000 0.064062
34 0.191406 0.640625 0.067187 0.071875
29 0.260937 0.641406 0.050000 0.073438
10 0.325781 0.639062 0.060937 0.068750
5 0.410938 0.638281 0.071875 0.067187
14 0.094531 0.753125 0.064062 0.065625
8 0.160938 0.753125 0.050000 0.065625
23 0.237500 0.753125 0.065625 0.065625
22 0.312500 0.751563 0.068750 0.062500
35 0.396875 0.753906 0.078125 0.067187
24 0.553125 0.095312 0.071875 0.065625
36 0.640625 0.096094 0.071875 0.067187
1 0.721875 0.096094 0.068750 0.067187
30 0.803906 0.093750 0.057813 0.062500
16 0.877344 0.094531 0.057813 0.064062
30 0.547656 0.198437 0.060937 0.065625
15 0.625781 0.203125 0.057813 0.075000
35 0.712500 0.199219 0.078125 0.067187
21 0.804688 0.199219 0.068750 0.067187
23 0.879687 0.196875 0.062500 0.062500
6 0.551562 0.307812 0.068750 0.062500
7 0.626563 0.309375 0.065625 0.065625
24 0.707812 0.309375 0.071875 0.065625
0 0.791406 0.309375 0.057813 0.065625
28 0.875781 0.313281 0.070312 0.073438
8 0.542188 0.420312 0.050000 0.065625
28 0.622656 0.424219 0.070312 0.073438
21 0.704688 0.419531 0.065625 0.064062
0 0.777344 0.420312 0.057813 0.065625
29 0.845313 0.422656 0.046875 0.070312
30 0.546094 0.531250 0.057813 0.062500
3 0.622656 0.532813 0.057813 0.065625
24 0.703125 0.532813 0.068750 0.065625
8 0.773438 0.531250 0.046875 0.062500
2 0.846875 0.532031 0.059375 0.064062
