30 0.091406 0.093750 0.057813 0.062500
15 0.160156 0.100000 0.057813 0.075000
30 0.235156 0.093750 0.057813 0.062500
9 0.303125 0.094531 0.056250 0.064062
34 0.372656 0.098437 0.067187 0.071875
28 0.099219 0.208594 0.073438 0.076563
0 0.182031 0.203125 0.057813 0.065625
20 0.260156 0.206250 0.060937 0.071875
2 0.337500 0.203906 0.062500 0.067187
1 0.410938 0.203906 0.068750 0.067187
16 0.091406 0.314844 0.057813 0.064062
8 0.159375 0.314063 0.046875 0.062500
18 0.230469 0.314844 0.064062 0.064062
33 0.309375 0.315625 0.062500 0.065625
26 0.099219 0.423438 0.073438 0.065625
29 0.168750 0.425781 0.046875 0.070312
16 0.228906 0.422656 0.057813 0.064062
0 0.299219 0.425000 0.060937 0.068750
17 0.092188 0.532031 0.059375 0.064062
8 0.154688 0.531250 0.050000 0.062500
17 0.226562 0.532031 0.059375 0.064062
27 0.311719 0.533594 0.070312 0.067187
31 0.550781 0.095312 0.067187 0.065625
6 0.631250 0.093750 0.068750 0.062500
27 0.714844 0.096094 0.070312 0.067187
28 0.796094 0.099219 0.073438 0.073438
37 0.876563 0.093750 0.059375 0.062500
34 0.549219 0.210938 0.064062 0.068750
5 0.634375 0.210156 0.071875 0.067187
10 0.711719 0.212500 0.064062 0.071875
14 0.788281 0.207813 0.060937 0.062500
1 0.865625 0.210156 0.068750 0.067187
11 0.546875 0.318750 0.059375 0.065625
20 0.616406 0.323437 0.064062 0.075000
21 0.701562 0.319531 0.068750 0.067187
21 0.779687 0.319531 0.068750 0.067187
24 0.870313 0.318750 0.071875 0.065625
20 0.549219 0.440625 0.064062 0.075000
0 0.621094 0.435937 0.057813 0.065625
19 0.702344 0.440625 0.064062 0.075000
10 0.777344 0.439063 0.064062 0.071875
22 0.859375 0.434375 0.068750 0.062500
26 0.552344 0.553125 0.070312 0.062500
22 0.634375 0.553125 0.068750 0.062500
31 0.721094 0.554688 0.067187 0.065625
36 0.801562 0.555469 0.071875 0.067187
16 0.875781 0.553906 0.057813 0.064062
36 0.551562 0.653906 0.068750 0.064062
2 0.637500 0.655469 0.062500 0.067187
3 0.714844 0.654687 0.060937 0.065625
19 0.785156 0.657813 0.064062 0.071875
20 0.861719 0.659375 0.064062 0.075000
27 0.552344 0.772656 0.070312 0.067187
29 0.618750 0.774219 0.046875 0.070312
6 0.684375 0.771875 0.068750 0.065625
7 0.768750 0.771875 0.065625 0.065625
22 0.853125 0.770312 0.068750 0.062500
