17 0.092188 0.094531 0.059375 0.064062
19 0.169531 0.098437 0.060937 0.071875
32 0.249219 0.093750 0.057813 0.062500
4 0.328125 0.095312 0.062500 0.065625
37 0.406250 0.095312 0.062500 0.065625
36 0.096875 0.199219 0.068750 0.064062
5 0.178125 0.199219 0.068750 0.064062
11 0.253125 0.200000 0.059375 0.065625
36 0.328125 0.200781 0.071875 0.067187
19 0.094531 0.306250 0.064062 0.071875
34 0.166406 0.304688 0.064062 0.068750
37 0.245312 0.301563 0.059375 0.062500
25 0.321875 0.302344 0.062500 0.064062
28 0.403906 0.307031 0.070312 0.073438
30 0.485156 0.301563 0.057813 0.062500
11 0.562500 0.303125 0.059375 0.065625
26 0.097656 0.407813 0.070312 0.062500
31 0.174219 0.407813 0.064062 0.062500
34 0.249219 0.412500 0.067187 0.071875
14 0.330469 0.407813 0.060937 0.062500
20 0.413281 0.414062 0.064062 0.075000
22 0.098437 0.517188 0.071875 0.065625
15 0.175781 0.521875 0.057813 0.075000
37 0.245312 0.515625 0.059375 0.062500
35 0.331250 0.516406 0.075000 0.064062
32 0.411719 0.517188 0.060937 0.065625
37 0.092188 0.634375 0.059375 0.062500
19 0.161719 0.639062 0.060937 0.071875
35 0.248438 0.635156 0.075000 0.064062
22 0.334375 0.634375 0.068750 0.062500
4 0.409375 0.635938 0.059375 0.065625
37 0.092188 0.750000 0.059375 0.062500
35 0.178125 0.752344 0.078125 0.067187
13 0.267969 0.750781 0.064062 0.064062
30 0.339844 0.750000 0.057813 0.062500
27 0.422656 0.752344 0.070312 0.067187
32 0.505469 0.751563 0.060937 0.065625
21 0.096875 0.857031 0.068750 0.067187
18 0.183594 0.857031 0.067187 0.067187
10 0.264844 0.857812 0.060937 0.068750
28 0.341406 0.860156 0.070312 0.073438
30 0.425781 0.856250 0.060937 0.065625
