18 0.096094 0.096094 0.067187 0.067187
11 0.175000 0.096875 0.062500 0.068750
31 0.252344 0.093750 0.064062 0.062500
31 0.324219 0.093750 0.064062 0.062500
3 0.397656 0.095312 0.057813 0.065625
7 0.093750 0.201563 0.062500 0.062500
17 0.175000 0.202344 0.059375 0.064062
17 0.246875 0.202344 0.059375 0.064062
7 0.317188 0.201563 0.062500 0.062500
8 0.390625 0.201563 0.050000 0.062500
25 0.095312 0.305469 0.065625 0.067187
1 0.175000 0.305469 0.068750 0.067187
4 0.260937 0.306250 0.062500 0.068750
34 0.336719 0.307812 0.067187 0.071875
36 0.414062 0.305469 0.071875 0.067187
17 0.092188 0.411719 0.059375 0.064062
35 0.179688 0.413281 0.078125 0.067187
35 0.270313 0.413281 0.078125 0.067187
27 0.358594 0.413281 0.070312 0.067187
22 0.440625 0.412500 0.071875 0.065625
16 0.091406 0.516406 0.057813 0.064062
32 0.160156 0.515625 0.057813 0.062500
8 0.232813 0.515625 0.046875 0.062500
17 0.306250 0.517969 0.062500 0.067187
29 0.370312 0.519531 0.046875 0.070312
36 0.448437 0.516406 0.068750 0.064062
25 0.095312 0.625781 0.065625 0.067187
28 0.178906 0.628906 0.070312 0.073438
37 0.262500 0.623437 0.059375 0.062500
33 0.340625 0.626563 0.065625 0.068750
9 0.417187 0.624219 0.059375 0.064062
37 0.092188 0.734375 0.059375 0.062500
15 0.161719 0.742188 0.060937 0.078125
30 0.228906 0.734375 0.057813 0.062500
16 0.299219 0.736719 0.060937 0.067187
13 0.382031 0.735156 0.064062 0.064062
5 0.551562 0.094531 0.068750 0.064062
1 0.635938 0.096094 0.068750 0.067187
35 0.728125 0.096094 0.078125 0.067187
2 0.809375 0.096094 0.062500 0.067187
16 0.880469 0.096094 0.060937 0.067187
6 0.551562 0.196875 0.068750 0.065625
31 0.627344 0.195312 0.064062 0.062500
4 0.707812 0.198437 0.062500 0.068750
25 0.781250 0.196094 0.062500 0.064062
8 0.540625 0.301563 0.046875 0.062500
4 0.603125 0.303125 0.059375 0.065625
12 0.683594 0.303906 0.070312 0.067187
37 0.765625 0.301563 0.059375 0.062500
35 0.853125 0.302344 0.075000 0.064062
10 0.547656 0.406250 0.060937 0.068750
22 0.634375 0.404687 0.071875 0.065625
17 0.720313 0.403906 0.059375 0.064062
8 0.792188 0.403125 0.046875 0.062500
21 0.857812 0.403906 0.065625 0.064062
19 0.549219 0.517188 0.064062 0.075000
34 0.622656 0.514062 0.064062 0.068750
27 0.705469 0.513281 0.070312 0.067187
19 0.780469 0.515625 0.060937 0.071875
5 0.857812 0.511719 0.068750 0.064062
23 0.548438 0.618750 0.062500 0.062500
23 0.629687 0.618750 0.062500 0.062500
20 0.708594 0.623437 0.060937 0.071875
26 0.789844 0.620313 0.070312 0.065625
18 0.871094 0.619531 0.064062 0.064062
29 0.540625 0.738281 0.046875 0.070312
34 0.614844 0.737500 0.064062 0.068750
14 0.688281 0.735938 0.064062 0.065625
36 0.762500 0.735156 0.068750 0.064062
18 0.849219 0.736719 0.067187 0.067187
11 0.548438 0.850000 0.062500 0.068750
6 0.629687 0.846875 0.068750 0.062500
10 0.710156 0.850000 0.060937 0.068750
10 0.791406 0.851562 0.064062 0.071875
13 0.875781 0.849219 0.067187 0.067187
