22 0.096875 0.093750 0.068750 0.062500
37 0.173437 0.093750 0.059375 0.062500
5 0.257812 0.096094 0.071875 0.067187
17 0.335938 0.094531 0.059375 0.064062
3 0.403906 0.095312 0.057813 0.065625
12 0.096094 0.203906 0.067187 0.064062
33 0.181250 0.206250 0.065625 0.068750
7 0.262500 0.203125 0.062500 0.062500
18 0.346094 0.205469 0.067187 0.067187
31 0.094531 0.309375 0.064062 0.062500
32 0.172656 0.310937 0.060937 0.065625
11 0.251563 0.312500 0.062500 0.068750
28 0.335156 0.314844 0.070312 0.073438
15 0.092969 0.429688 0.060937 0.078125
35 0.170313 0.424219 0.078125 0.067187
8 0.246875 0.423438 0.050000 0.065625
2 0.317188 0.422656 0.059375 0.064062
2 0.389062 0.422656 0.059375 0.064062
36 0.096875 0.533594 0.068750 0.064062
13 0.183594 0.533594 0.064062 0.064062
26 0.258594 0.532813 0.070312 0.062500
29 0.328125 0.536719 0.046875 0.070312
37 0.390625 0.532813 0.059375 0.062500
15 0.092969 0.651563 0.060937 0.075000
29 0.167187 0.649219 0.046875 0.070312
31 0.241406 0.645312 0.064062 0.062500
35 0.329688 0.646094 0.075000 0.064062
4 0.407813 0.646875 0.059375 0.065625
21 0.095312 0.755469 0.065625 0.064062
34 0.169531 0.759375 0.067187 0.071875
12 0.258594 0.757031 0.070312 0.067187
33 0.343750 0.757812 0.065625 0.068750
12 0.430469 0.755469 0.067187 0.064062
20 0.094531 0.871875 0.064062 0.075000
8 0.160938 0.865625 0.046875 0.062500
0 0.225781 0.868750 0.060937 0.068750
4 0.304688 0.868750 0.062500 0.068750
29 0.381250 0.871094 0.050000 0.073438
8 0.442188 0.865625 0.046875 0.062500
21 0.551562 0.096094 0.068750 0.067187
16 0.636719 0.094531 0.060937 0.064062
11 0.715625 0.095312 0.059375 0.065625
3 0.783594 0.095312 0.057813 0.065625
12 0.867969 0.096094 0.070312 0.067187
24 0.551562 0.195312 0.068750 0.062500
9 0.626563 0.197656 0.059375 0.067187
24 0.709375 0.196875 0.071875 0.065625
34 0.789844 0.198437 0.064062 0.068750
18 0.869531 0.197656 0.067187 0.067187
30 0.546094 0.296875 0.057813 0.062500
17 0.623437 0.297656 0.062500 0.064062
36 0.706250 0.297656 0.068750 0.064062
5 0.785937 0.297656 0.068750 0.064062
32 0.867969 0.296875 0.057813 0.062500
31 0.550781 0.400000 0.067187 0.065625
23 0.635938 0.400000 0.065625 0.065625
36 0.714063 0.399219 0.068750 0.064062
21 0.789062 0.399219 0.065625 0.064062
33 0.868750 0.401562 0.065625 0.068750
20 0.547656 0.506250 0.060937 0.071875
22 0.634375 0.503125 0.071875 0.065625
7 0.715625 0.501563 0.062500 0.062500
17 0.798438 0.503906 0.062500 0.067187
30 0.877344 0.501563 0.057813 0.062500
20 0.549219 0.615625 0.064062 0.075000
1 0.631250 0.611719 0.068750 0.067187
33 0.715625 0.612500 0.065625 0.068750
36 0.790625 0.610156 0.068750 0.064062
17 0.875000 0.611719 0.062500 0.067187
