12 0.096094 0.094531 0.067187 0.064062
13 0.182031 0.096094 0.067187 0.067187
17 0.253125 0.094531 0.059375 0.064062
12 0.327344 0.094531 0.067187 0.064062
4 0.409375 0.096875 0.062500 0.068750
1 0.096875 0.205469 0.068750 0.067187
24 0.182812 0.204687 0.071875 0.065625
0 0.261719 0.204687 0.057813 0.065625
33 0.335938 0.204687 0.062500 0.065625
26 0.097656 0.303125 0.070312 0.062500
4 0.181250 0.304688 0.059375 0.065625
33 0.262500 0.306250 0.065625 0.068750
19 0.342969 0.309375 0.064062 0.075000
4 0.092188 0.418750 0.059375 0.065625
11 0.164062 0.418750 0.059375 0.065625
3 0.235156 0.420312 0.060937 0.068750
24 0.318750 0.417187 0.068750 0.062500
4 0.393750 0.418750 0.059375 0.065625
30 0.092969 0.526563 0.060937 0.062500
12 0.174219 0.528906 0.067187 0.067187
35 0.254688 0.528906 0.078125 0.067187
5 0.346875 0.527344 0.068750 0.064062
