28 0.097656 0.099219 0.070312 0.073438
2 0.178125 0.096094 0.062500 0.067187
29 0.246875 0.097656 0.046875 0.070312
35 0.317188 0.096094 0.075000 0.067187
24 0.404687 0.095312 0.068750 0.065625
25 0.093750 0.202344 0.062500 0.064062
23 0.171875 0.201563 0.062500 0.062500
33 0.254688 0.203125 0.062500 0.065625
14 0.335156 0.201563 0.060937 0.062500
9 0.090625 0.311719 0.056250 0.064062
23 0.168750 0.312500 0.065625 0.065625
0 0.239844 0.312500 0.060937 0.065625
33 0.323437 0.312500 0.065625 0.065625
20 0.402344 0.315625 0.060937 0.071875
19 0.092969 0.421875 0.060937 0.071875
20 0.169531 0.421875 0.060937 0.071875
16 0.239844 0.419531 0.060937 0.067187
34 0.311719 0.420312 0.064062 0.068750
1 0.396875 0.419531 0.068750 0.067187
17 0.093750 0.530469 0.062500 0.067187
6 0.175000 0.528125 0.068750 0.062500
22 0.256250 0.529687 0.071875 0.065625
26 0.342969 0.528125 0.070312 0.062500
3 0.422656 0.529687 0.057813 0.065625
11 0.093750 0.634375 0.062500 0.068750
26 0.171094 0.631250 0.070312 0.062500
16 0.247656 0.633594 0.060937 0.067187
24 0.329688 0.632812 0.071875 0.065625
26 0.097656 0.739062 0.070312 0.062500
6 0.187500 0.739062 0.068750 0.062500
30 0.264844 0.739062 0.060937 0.062500
27 0.341406 0.741406 0.070312 0.067187
2 0.548438 0.096094 0.062500 0.067187
16 0.619531 0.096094 0.060937 0.067187
18 0.694531 0.094531 0.064062 0.064062
36 0.768750 0.094531 0.068750 0.064062
19 0.846094 0.098437 0.060937 0.071875
0 0.546094 0.200000 0.057813 0.065625
30 0.613281 0.198437 0.057813 0.062500
13 0.685156 0.199219 0.064062 0.064062
22 0.768750 0.198437 0.068750 0.062500
2 0.850000 0.200781 0.062500 0.067187
4 0.546875 0.303125 0.059375 0.065625
37 0.620313 0.301563 0.059375 0.062500
35 0.700000 0.302344 0.075000 0.064062
26 0.792969 0.301563 0.070312 0.062500
16 0.869531 0.302344 0.057813 0.064062
13 0.549219 0.405469 0.064062 0.064062
34 0.632031 0.409375 0.067187 0.071875
6 0.718750 0.404687 0.068750 0.062500
32 0.796094 0.404687 0.057813 0.062500
27 0.882031 0.408594 0.073438 0.070312
10 0.547656 0.520312 0.060937 0.068750
36 0.629687 0.517969 0.068750 0.064062
7 0.714063 0.518750 0.065625 0.065625
16 0.791406 0.517969 0.057813 0.064062
26 0.863281 0.517188 0.070312 0.062500
37 0.546875 0.618750 0.059375 0.062500
27 0.621094 0.622656 0.073438 0.070312
4 0.707812 0.620313 0.062500 0.065625
33 0.778125 0.620313 0.062500 0.065625
0 0.858594 0.620313 0.057813 0.065625
3 0.546094 0.728125 0.057813 0.065625
7 0.623437 0.726562 0.062500 0.062500
33 0.695312 0.729688 0.065625 0.068750
4 0.775000 0.728125 0.059375 0.065625
12 0.858594 0.728906 0.070312 0.067187
