0 0.091406 0.095312 0.057813 0.065625
34 0.167969 0.096875 0.064062 0.068750
35 0.250000 0.096094 0.078125 0.067187
2 0.335938 0.094531 0.059375 0.064062
22 0.418750 0.093750 0.068750 0.062500
12 0.096094 0.202344 0.067187 0.064062
20 0.171094 0.206250 0.060937 0.071875
35 0.259375 0.202344 0.075000 0.064062
6 0.339062 0.201563 0.068750 0.062500
3 0.092969 0.309375 0.060937 0.068750
3 0.171094 0.307812 0.057813 0.065625
19 0.246094 0.312500 0.064062 0.075000
8 0.318750 0.306250 0.046875 0.062500
17 0.387500 0.308594 0.062500 0.067187
34 0.096094 0.418750 0.067187 0.071875
35 0.176563 0.414844 0.075000 0.064062
37 0.265625 0.415625 0.062500 0.065625
28 0.341406 0.421094 0.073438 0.076563
3 0.424219 0.415625 0.057813 0.065625
36 0.506250 0.416406 0.071875 0.067187
23 0.582812 0.415625 0.065625 0.065625
20 0.092969 0.535937 0.060937 0.071875
6 0.168750 0.531250 0.068750 0.062500
0 0.242969 0.532813 0.057813 0.065625
28 0.324219 0.538281 0.073438 0.076563
27 0.408594 0.535156 0.073438 0.070312
