7 0.093750 0.093750 0.062500 0.062500
3 0.167969 0.095312 0.057813 0.065625
0 0.244531 0.095312 0.057813 0.065625
27 0.325781 0.097656 0.073438 0.070312
35 0.101562 0.207031 0.078125 0.067187
3 0.180469 0.206250 0.057813 0.065625
30 0.258594 0.204687 0.060937 0.062500
6 0.332813 0.206250 0.071875 0.065625
16 0.416406 0.207031 0.060937 0.067187
6 0.493750 0.204687 0.068750 0.062500
33 0.579688 0.206250 0.062500 0.065625
22 0.096875 0.304688 0.068750 0.062500
9 0.170313 0.307031 0.059375 0.067187
26 0.252344 0.304688 0.070312 0.062500
24 0.340625 0.304688 0.068750 0.062500
33 0.426563 0.307812 0.065625 0.068750
10 0.499219 0.307812 0.060937 0.068750
18 0.582031 0.305469 0.064062 0.064062
35 0.101562 0.411719 0.078125 0.067187
32 0.189844 0.410938 0.060937 0.065625
26 0.264844 0.410938 0.073438 0.065625
6 0.348438 0.409375 0.068750 0.062500
27 0.433594 0.413281 0.073438 0.070312
2 0.092188 0.513281 0.059375 0.064062
32 0.167969 0.514062 0.060937 0.065625
6 0.250000 0.514062 0.071875 0.065625
31 0.335156 0.514062 0.067187 0.065625
9 0.414062 0.513281 0.056250 0.064062
0 0.488281 0.514062 0.057813 0.065625
13 0.563281 0.513281 0.064062 0.064062
9 0.090625 0.611719 0.056250 0.064062
24 0.160938 0.610938 0.068750 0.062500
19 0.244531 0.617188 0.064062 0.075000
16 0.322656 0.613281 0.060937 0.067187
33 0.401562 0.612500 0.062500 0.065625
8 0.465625 0.610938 0.046875 0.062500
26 0.542969 0.612500 0.070312 0.065625
23 0.093750 0.728125 0.062500 0.062500
32 0.171094 0.728125 0.057813 0.062500
21 0.253125 0.728906 0.065625 0.064062
35 0.343750 0.728906 0.075000 0.064062
1 0.426563 0.730469 0.068750 0.067187
32 0.092969 0.837500 0.060937 0.062500
14 0.171094 0.839063 0.064062 0.065625
0 0.242969 0.839063 0.057813 0.065625
7 0.320312 0.839063 0.065625 0.065625
