37 0.093750 0.095312 0.062500 0.065625
32 0.175781 0.095312 0.060937 0.065625
20 0.246094 0.098437 0.060937 0.071875
15 0.317969 0.100000 0.057813 0.075000
31 0.394531 0.095312 0.067187 0.065625
28 0.482031 0.100781 0.073438 0.076563
14 0.558594 0.095312 0.064062 0.065625
34 0.094531 0.215625 0.064062 0.068750
2 0.175000 0.214844 0.062500 0.067187
4 0.246875 0.214062 0.062500 0.065625
2 0.326562 0.214844 0.062500 0.067187
9 0.401562 0.213281 0.056250 0.064062
17 0.475000 0.213281 0.059375 0.064062
36 0.560937 0.214844 0.071875 0.067187
31 0.094531 0.321875 0.064062 0.062500
6 0.181250 0.321875 0.068750 0.062500
10 0.264844 0.325000 0.060937 0.068750
1 0.339062 0.325781 0.071875 0.070312
20 0.092969 0.429688 0.060937 0.071875
3 0.169531 0.426563 0.057813 0.065625
6 0.253125 0.425000 0.068750 0.062500
22 0.335938 0.426563 0.071875 0.065625
0 0.414844 0.426563 0.057813 0.065625
16 0.091406 0.539844 0.057813 0.064062
14 0.161719 0.539062 0.060937 0.062500
29 0.226562 0.542969 0.046875 0.070312
32 0.294531 0.539062 0.060937 0.062500
2 0.364063 0.541406 0.062500 0.067187
34 0.438281 0.542188 0.064062 0.068750
15 0.508594 0.545312 0.057813 0.075000
