1 0.098437 0.097656 0.071875 0.070312
16 0.174219 0.094531 0.057813 0.064062
8 0.243750 0.093750 0.046875 0.062500
23 0.307812 0.093750 0.062500 0.062500
36 0.385937 0.096094 0.071875 0.067187
26 0.472656 0.093750 0.070312 0.062500
18 0.555469 0.094531 0.064062 0.064062
31 0.096094 0.206250 0.067187 0.065625
19 0.172656 0.210938 0.064062 0.075000
35 0.253125 0.205469 0.075000 0.064062
2 0.339062 0.207031 0.062500 0.067187
33 0.414062 0.207813 0.065625 0.068750
37 0.487500 0.204687 0.059375 0.062500
10 0.092969 0.321875 0.060937 0.068750
10 0.167969 0.321875 0.060937 0.068750
1 0.240625 0.321094 0.068750 0.067187
31 0.322656 0.318750 0.064062 0.062500
1 0.401562 0.321094 0.068750 0.067187
20 0.094531 0.426563 0.064062 0.075000
23 0.175000 0.421875 0.065625 0.065625
8 0.251563 0.420312 0.050000 0.062500
32 0.319531 0.420312 0.057813 0.062500
20 0.092969 0.542188 0.060937 0.071875
2 0.168750 0.538281 0.059375 0.064062
25 0.239063 0.538281 0.062500 0.064062
33 0.317188 0.539062 0.062500 0.065625
34 0.392969 0.542188 0.067187 0.071875
6 0.473438 0.537500 0.068750 0.062500
25 0.556250 0.539844 0.065625 0.067187
16 0.091406 0.649219 0.057813 0.064062
5 0.165625 0.650781 0.071875 0.067187
36 0.253125 0.650781 0.071875 0.067187
13 0.341406 0.649219 0.064062 0.064062
33 0.095312 0.757812 0.065625 0.065625
5 0.171875 0.758594 0.071875 0.067187
32 0.258594 0.757812 0.060937 0.065625
11 0.329688 0.757812 0.059375 0.065625
25 0.403125 0.757031 0.062500 0.064062
