23 0.095312 0.095312 0.065625 0.065625
29 0.162500 0.099219 0.050000 0.073438
17 0.234375 0.094531 0.059375 0.064062
20 0.316406 0.098437 0.064062 0.071875
7 0.398438 0.095312 0.065625 0.065625
25 0.093750 0.207031 0.062500 0.064062
5 0.178125 0.207031 0.068750 0.064062
31 0.263281 0.207813 0.067187 0.065625
27 0.347656 0.208594 0.070312 0.067187
10 0.092969 0.320312 0.060937 0.068750
36 0.176563 0.317969 0.068750 0.064062
15 0.253906 0.323437 0.057813 0.075000
8 0.326562 0.317188 0.050000 0.062500
4 0.393750 0.318750 0.059375 0.065625
0 0.091406 0.434375 0.057813 0.065625
32 0.157031 0.432812 0.057813 0.062500
21 0.237500 0.433594 0.065625 0.064062
21 0.321875 0.433594 0.065625 0.064062
14 0.399219 0.434375 0.064062 0.065625
25 0.095312 0.544531 0.065625 0.067187
14 0.175781 0.543750 0.064062 0.065625
14 0.249219 0.543750 0.064062 0.065625
32 0.319531 0.542188 0.057813 0.062500
16 0.546094 0.094531 0.057813 0.064062
31 0.621094 0.093750 0.064062 0.062500
14 0.700781 0.093750 0.060937 0.062500
3 0.769531 0.095312 0.057813 0.065625
3 0.838281 0.096875 0.060937 0.068750
21 0.551562 0.200781 0.068750 0.067187
27 0.642969 0.202344 0.073438 0.070312
5 0.728125 0.199219 0.068750 0.064062
3 0.810156 0.200000 0.057813 0.065625
21 0.889062 0.199219 0.065625 0.064062
1 0.553125 0.314844 0.071875 0.070312
2 0.635938 0.313281 0.062500 0.067187
26 0.716406 0.310937 0.070312 0.062500
0 0.800781 0.312500 0.057813 0.065625
34 0.549219 0.428125 0.064062 0.068750
10 0.621094 0.429688 0.064062 0.071875
1 0.703125 0.427344 0.068750 0.067187
31 0.780469 0.425000 0.064062 0.062500
5 0.856250 0.425781 0.068750 0.064062
6 0.551562 0.532813 0.068750 0.062500
30 0.635156 0.534375 0.060937 0.065625
33 0.710938 0.534375 0.062500 0.065625
3 0.783594 0.534375 0.057813 0.065625
2 0.546875 0.642969 0.059375 0.064062
33 0.621875 0.645312 0.065625 0.068750
33 0.706250 0.645312 0.065625 0.068750
3 0.786719 0.643750 0.057813 0.065625
24 0.862500 0.642188 0.068750 0.062500
3 0.547656 0.754687 0.060937 0.068750
0 0.614844 0.753125 0.057813 0.065625
4 0.689063 0.753125 0.059375 0.065625
8 0.756250 0.751563 0.046875 0.062500
37 0.548438 0.864062 0.062500 0.062500
13 0.630469 0.866406 0.067187 0.067187
4 0.714063 0.867188 0.062500 0.068750
20 0.792969 0.868750 0.060937 0.071875
