18 0.096094 0.096094 0.067187 0.067187
36 0.178125 0.094531 0.068750 0.064062
4 0.262500 0.096875 0.062500 0.068750
3 0.339844 0.095312 0.057813 0.065625
7 0.409375 0.095312 0.065625 0.065625
33 0.487500 0.096875 0.065625 0.068750
1 0.568750 0.097656 0.071875 0.070312
19 0.094531 0.204687 0.064062 0.075000
0 0.175781 0.200000 0.057813 0.065625
33 0.245312 0.200000 0.062500 0.065625
13 0.325781 0.200781 0.067187 0.067187
15 0.397656 0.206250 0.060937 0.078125
29 0.471875 0.202344 0.046875 0.070312
28 0.099219 0.317969 0.073438 0.076563
6 0.190625 0.310937 0.068750 0.062500
19 0.274219 0.315625 0.060937 0.071875
8 0.350000 0.312500 0.050000 0.065625
34 0.425781 0.315625 0.067187 0.071875
6 0.510938 0.312500 0.071875 0.065625
1 0.098437 0.430469 0.071875 0.070312
12 0.183594 0.427344 0.067187 0.064062
28 0.272656 0.432031 0.070312 0.073438
26 0.357031 0.428125 0.073438 0.065625
29 0.434375 0.432031 0.050000 0.073438
20 0.094531 0.543750 0.064062 0.075000
2 0.165625 0.538281 0.059375 0.064062
18 0.238281 0.539844 0.067187 0.067187
22 0.323437 0.539062 0.071875 0.065625
3 0.403906 0.539062 0.057813 0.065625
23 0.476562 0.539062 0.065625 0.065625
17 0.556250 0.538281 0.059375 0.064062
36 0.096875 0.655469 0.068750 0.064062
29 0.173437 0.658594 0.046875 0.070312
30 0.244531 0.654687 0.057813 0.062500
5 0.321875 0.655469 0.068750 0.064062
3 0.403906 0.656250 0.057813 0.065625
37 0.481250 0.654687 0.059375 0.062500
