36 0.096875 0.094531 0.068750 0.064062
37 0.182812 0.095312 0.062500 0.065625
12 0.264844 0.094531 0.067187 0.064062
17 0.345313 0.094531 0.059375 0.064062
5 0.423438 0.096094 0.071875 0.067187
21 0.095312 0.197656 0.065625 0.064062
21 0.170313 0.199219 0.068750 0.067187
18 0.249219 0.197656 0.064062 0.064062
10 0.327344 0.200000 0.060937 0.068750
9 0.403125 0.197656 0.056250 0.064062
8 0.085938 0.303125 0.046875 0.062500
28 0.164844 0.308594 0.070312 0.073438
7 0.240625 0.303125 0.062500 0.062500
21 0.317188 0.303906 0.065625 0.064062
14 0.400781 0.304688 0.064062 0.065625
31 0.094531 0.420312 0.064062 0.062500
37 0.170313 0.420312 0.059375 0.062500
26 0.250781 0.421875 0.073438 0.065625
23 0.334375 0.420312 0.062500 0.062500
16 0.402344 0.421094 0.057813 0.064062
37 0.093750 0.525000 0.062500 0.065625
11 0.165625 0.526563 0.062500 0.068750
37 0.242188 0.525000 0.062500 0.065625
29 0.314063 0.527344 0.050000 0.070312
19 0.382031 0.528125 0.060937 0.071875
8 0.454688 0.523438 0.046875 0.062500
22 0.096875 0.631250 0.068750 0.062500
11 0.181250 0.632812 0.059375 0.065625
27 0.258594 0.633594 0.070312 0.067187
26 0.342969 0.632812 0.073438 0.065625
21 0.431250 0.632031 0.065625 0.064062
16 0.091406 0.732031 0.057813 0.064062
29 0.157812 0.736719 0.050000 0.073438
15 0.227344 0.737500 0.057813 0.075000
19 0.303906 0.735938 0.060937 0.071875
35 0.392188 0.733594 0.075000 0.067187
32 0.546094 0.093750 0.057813 0.062500
7 0.620313 0.095312 0.065625 0.065625
14 0.702344 0.093750 0.060937 0.062500
27 0.786719 0.096094 0.070312 0.067187
1 0.865625 0.096094 0.068750 0.067187
2 0.546875 0.196094 0.059375 0.064062
37 0.620313 0.195312 0.059375 0.062500
15 0.689844 0.201563 0.060937 0.075000
10 0.767969 0.200000 0.064062 0.071875
11 0.842187 0.198437 0.062500 0.068750
13 0.549219 0.314844 0.064062 0.064062
14 0.627344 0.314063 0.060937 0.062500
25 0.701562 0.314844 0.062500 0.064062
36 0.778125 0.316406 0.071875 0.067187
23 0.856250 0.314063 0.062500 0.062500
5 0.553125 0.416406 0.071875 0.067187
25 0.628125 0.414844 0.062500 0.064062
35 0.709375 0.416406 0.078125 0.067187
4 0.785937 0.415625 0.059375 0.065625
16 0.855469 0.414844 0.057813 0.064062
24 0.553125 0.525000 0.071875 0.065625
21 0.637500 0.524219 0.065625 0.064062
11 0.712500 0.525000 0.059375 0.065625
19 0.785156 0.528125 0.060937 0.071875
28 0.858594 0.528906 0.070312 0.073438
30 0.546094 0.632812 0.057813 0.062500
30 0.624219 0.632812 0.057813 0.062500
31 0.696094 0.632812 0.064062 0.062500
25 0.767188 0.633594 0.062500 0.064062
