11 0.092188 0.095312 0.059375 0.065625
24 0.168750 0.095312 0.071875 0.065625
27 0.250781 0.096094 0.070312 0.067187
32 0.335156 0.093750 0.057813 0.062500
18 0.408594 0.094531 0.064062 0.064062
14 0.485156 0.095312 0.064062 0.065625
31 0.096094 0.201563 0.067187 0.065625
9 0.179688 0.202344 0.059375 0.067187
3 0.257031 0.201563 0.060937 0.065625
23 0.337500 0.201563 0.065625 0.065625
0 0.410156 0.201563 0.060937 0.065625
17 0.485938 0.200781 0.059375 0.064062
20 0.561719 0.204687 0.060937 0.071875
36 0.098437 0.314844 0.071875 0.067187
35 0.185938 0.314844 0.075000 0.067187
19 0.264844 0.317188 0.064062 0.071875
1 0.342187 0.314844 0.068750 0.067187
21 0.096875 0.422656 0.068750 0.067187
9 0.176563 0.422656 0.059375 0.067187
27 0.255469 0.424219 0.073438 0.070312
27 0.344531 0.422656 0.070312 0.067187
36 0.423438 0.421094 0.068750 0.064062
13 0.500781 0.422656 0.067187 0.067187
37 0.584375 0.420312 0.059375 0.062500
0 0.091406 0.529687 0.057813 0.065625
10 0.160156 0.532813 0.064062 0.071875
2 0.235937 0.528906 0.059375 0.064062
13 0.310156 0.528906 0.064062 0.064062
34 0.383594 0.531250 0.064062 0.068750
6 0.467187 0.528125 0.068750 0.062500
17 0.543750 0.528906 0.059375 0.064062
10 0.092969 0.643750 0.060937 0.068750
13 0.171094 0.641406 0.064062 0.064062
23 0.245312 0.642188 0.065625 0.065625
23 0.317188 0.640625 0.062500 0.062500
37 0.398438 0.640625 0.059375 0.062500
23 0.476562 0.640625 0.062500 0.062500
32 0.092969 0.746875 0.060937 0.065625
29 0.156250 0.750781 0.050000 0.073438
32 0.219531 0.745313 0.057813 0.062500
18 0.300781 0.747656 0.067187 0.067187
37 0.378125 0.745313 0.059375 0.062500
9 0.090625 0.855469 0.056250 0.064062
23 0.162500 0.854688 0.062500 0.062500
13 0.239844 0.855469 0.064062 0.064062
27 0.325781 0.858594 0.073438 0.070312
0 0.408594 0.856250 0.057813 0.065625
27 0.489844 0.857031 0.070312 0.067187
18 0.572656 0.855469 0.064062 0.064062
