15 0.092969 0.100000 0.060937 0.075000
6 0.168750 0.093750 0.068750 0.062500
23 0.243750 0.093750 0.062500 0.062500
26 0.327344 0.093750 0.070312 0.062500
23 0.093750 0.210938 0.062500 0.062500
3 0.167969 0.214062 0.060937 0.068750
32 0.241406 0.210938 0.057813 0.062500
35 0.318750 0.213281 0.075000 0.067187
33 0.395313 0.212500 0.062500 0.065625
32 0.472656 0.210938 0.057813 0.062500
9 0.543750 0.213281 0.059375 0.067187
17 0.092188 0.319531 0.059375 0.064062
25 0.171875 0.319531 0.062500 0.064062
17 0.254688 0.321094 0.062500 0.067187
2 0.325000 0.319531 0.062500 0.064062
27 0.097656 0.424219 0.070312 0.067187
24 0.178125 0.421875 0.068750 0.062500
18 0.260156 0.422656 0.064062 0.064062
7 0.339062 0.423438 0.065625 0.065625
12 0.421094 0.424219 0.070312 0.067187
2 0.507812 0.424219 0.062500 0.067187
35 0.100000 0.525781 0.075000 0.064062
16 0.177344 0.527344 0.060937 0.067187
2 0.259375 0.527344 0.062500 0.067187
35 0.342187 0.525781 0.075000 0.064062
29 0.410938 0.528906 0.046875 0.070312
15 0.478906 0.531250 0.057813 0.075000
31 0.096094 0.643750 0.067187 0.065625
11 0.171875 0.643750 0.059375 0.065625
25 0.243750 0.642969 0.062500 0.064062
32 0.313281 0.642188 0.057813 0.062500
