17 0.092188 0.094531 0.059375 0.064062
35 0.179688 0.094531 0.075000 0.064062
3 0.258594 0.095312 0.057813 0.065625
3 0.338281 0.096875 0.060937 0.068750
7 0.415625 0.093750 0.062500 0.062500
21 0.095312 0.199219 0.065625 0.064062
2 0.168750 0.200781 0.062500 0.067187
29 0.240625 0.202344 0.046875 0.070312
20 0.310156 0.203125 0.060937 0.071875
27 0.392969 0.202344 0.073438 0.070312
21 0.095312 0.305469 0.065625 0.064062
20 0.167969 0.310937 0.064062 0.075000
17 0.239063 0.305469 0.059375 0.064062
17 0.314063 0.307031 0.062500 0.067187
5 0.389062 0.307031 0.071875 0.067187
36 0.098437 0.417969 0.071875 0.067187
18 0.182031 0.416406 0.064062 0.064062
24 0.265625 0.415625 0.068750 0.062500
28 0.353906 0.422656 0.073438 0.076563
8 0.425000 0.417187 0.050000 0.065625
5 0.096875 0.530469 0.068750 0.064062
15 0.178906 0.535937 0.057813 0.075000
1 0.251563 0.533594 0.071875 0.070312
8 0.328125 0.529687 0.046875 0.062500
14 0.394531 0.529687 0.060937 0.062500
35 0.100000 0.647656 0.075000 0.064062
12 0.180469 0.647656 0.067187 0.064062
28 0.257031 0.652344 0.070312 0.073438
6 0.343750 0.646875 0.068750 0.062500
8 0.410938 0.646875 0.050000 0.062500
19 0.092969 0.760938 0.060937 0.071875
22 0.170313 0.756250 0.068750 0.062500
35 0.257812 0.757031 0.075000 0.064062
6 0.345313 0.757812 0.071875 0.065625
33 0.421875 0.757812 0.062500 0.065625
9 0.090625 0.872656 0.056250 0.064062
10 0.166406 0.875000 0.060937 0.068750
25 0.235937 0.872656 0.062500 0.064062
19 0.308594 0.876563 0.060937 0.071875
21 0.382812 0.872656 0.065625 0.064062
24 0.553125 0.095312 0.071875 0.065625
6 0.637500 0.093750 0.068750 0.062500
34 0.722656 0.096875 0.064062 0.068750
30 0.803906 0.095312 0.060937 0.065625
37 0.873437 0.093750 0.059375 0.062500
7 0.550000 0.206250 0.065625 0.065625
17 0.628125 0.205469 0.059375 0.064062
24 0.710938 0.204687 0.068750 0.062500
17 0.785937 0.207031 0.062500 0.067187
14 0.864844 0.204687 0.060937 0.062500
16 0.547656 0.311719 0.060937 0.067187
4 0.618750 0.312500 0.062500 0.068750
8 0.682813 0.309375 0.046875 0.062500
20 0.755469 0.315625 0.064062 0.075000
28 0.838281 0.316406 0.073438 0.076563
37 0.546875 0.426563 0.059375 0.062500
25 0.621875 0.427344 0.062500 0.064062
1 0.700000 0.430469 0.071875 0.070312
25 0.787500 0.427344 0.062500 0.064062
9 0.864062 0.427344 0.056250 0.064062
24 0.551562 0.529687 0.068750 0.062500
12 0.638281 0.532031 0.070312 0.067187
12 0.724219 0.530469 0.067187 0.064062
11 0.806250 0.531250 0.062500 0.065625
6 0.893750 0.531250 0.071875 0.065625
15 0.546094 0.645312 0.057813 0.075000
33 0.617188 0.642188 0.065625 0.068750
15 0.688281 0.646875 0.060937 0.078125
11 0.757812 0.642188 0.062500 0.068750
0 0.836719 0.640625 0.057813 0.065625
