36 0.096875 0.094531 0.068750 0.064062
4 0.170313 0.095312 0.062500 0.065625
22 0.248438 0.095312 0.068750 0.065625
35 0.334375 0.094531 0.075000 0.064062
34 0.422656 0.098437 0.067187 0.071875
11 0.093750 0.204687 0.062500 0.068750
15 0.172656 0.209375 0.060937 0.078125
25 0.243750 0.203906 0.065625 0.067187
13 0.322656 0.203906 0.067187 0.067187
24 0.406250 0.203125 0.071875 0.065625
10 0.094531 0.320312 0.064062 0.071875
19 0.166406 0.320312 0.060937 0.071875
1 0.240625 0.317969 0.068750 0.067187
24 0.326562 0.315625 0.068750 0.062500
37 0.406250 0.315625 0.059375 0.062500
8 0.085938 0.428125 0.046875 0.062500
7 0.157812 0.429688 0.065625 0.065625
16 0.239844 0.428906 0.057813 0.064062
30 0.313281 0.428125 0.057813 0.062500
33 0.387500 0.429688 0.062500 0.065625
12 0.096094 0.535156 0.067187 0.064062
29 0.170313 0.538281 0.046875 0.070312
23 0.234375 0.534375 0.062500 0.062500
33 0.314063 0.537500 0.065625 0.068750
25 0.396875 0.536719 0.065625 0.067187
22 0.098437 0.642188 0.071875 0.065625
6 0.189062 0.642188 0.071875 0.065625
23 0.275000 0.642188 0.065625 0.065625
9 0.356250 0.642969 0.059375 0.067187
6 0.434375 0.642188 0.071875 0.065625
20 0.549219 0.100000 0.064062 0.075000
29 0.623437 0.097656 0.046875 0.070312
4 0.687500 0.095312 0.059375 0.065625
8 0.757812 0.093750 0.050000 0.062500
25 0.550000 0.214844 0.065625 0.067187
7 0.625000 0.212500 0.062500 0.062500
3 0.694531 0.215625 0.060937 0.068750
3 0.761719 0.214062 0.057813 0.065625
31 0.842969 0.214062 0.067187 0.065625
34 0.549219 0.328125 0.064062 0.068750
16 0.630469 0.325781 0.057813 0.064062
2 0.709375 0.327344 0.062500 0.067187
26 0.789844 0.326562 0.073438 0.065625
11 0.865625 0.326562 0.059375 0.065625
16 0.546094 0.436719 0.057813 0.064062
34 0.624219 0.439063 0.064062 0.068750
37 0.701562 0.435937 0.059375 0.062500
12 0.778906 0.438281 0.070312 0.067187
17 0.856250 0.436719 0.059375 0.064062
0 0.546094 0.546875 0.057813 0.065625
8 0.620313 0.545312 0.050000 0.062500
2 0.684375 0.547656 0.062500 0.067187
26 0.764844 0.545312 0.070312 0.062500
7 0.851562 0.545312 0.062500 0.062500
20 0.549219 0.659375 0.064062 0.075000
10 0.624219 0.656250 0.060937 0.068750
37 0.700000 0.653125 0.059375 0.062500
9 0.775000 0.653906 0.056250 0.064062
4 0.851562 0.656250 0.062500 0.068750
