34 0.096094 0.098437 0.067187 0.071875
23 0.175000 0.095312 0.065625 0.065625
33 0.253125 0.096875 0.065625 0.068750
16 0.333594 0.096094 0.060937 0.067187
6 0.096875 0.209375 0.068750 0.062500
18 0.175781 0.211719 0.067187 0.067187
17 0.248438 0.210156 0.059375 0.064062
5 0.323437 0.210156 0.068750 0.064062
26 0.097656 0.310937 0.070312 0.062500
5 0.184375 0.311719 0.068750 0.064062
26 0.272656 0.312500 0.073438 0.065625
24 0.354687 0.312500 0.071875 0.065625
25 0.434375 0.313281 0.065625 0.067187
10 0.092969 0.418750 0.060937 0.068750
26 0.175781 0.417187 0.073438 0.065625
30 0.252344 0.415625 0.060937 0.062500
9 0.320312 0.416406 0.056250 0.064062
25 0.093750 0.527344 0.062500 0.064062
0 0.164844 0.528125 0.057813 0.065625
12 0.247656 0.527344 0.067187 0.064062
8 0.312500 0.526563 0.046875 0.062500
20 0.382031 0.531250 0.064062 0.071875
15 0.458594 0.534375 0.060937 0.078125
4 0.535937 0.528125 0.059375 0.065625
19 0.094531 0.651563 0.064062 0.075000
22 0.170313 0.645312 0.068750 0.062500
15 0.247656 0.651563 0.060937 0.075000
30 0.322656 0.646875 0.060937 0.065625
24 0.396875 0.645312 0.068750 0.062500
