37 0.092188 0.093750 0.059375 0.062500
30 0.166406 0.095312 0.060937 0.065625
9 0.232813 0.094531 0.056250 0.064062
37 0.301563 0.095312 0.062500 0.065625
5 0.379688 0.094531 0.068750 0.064062
13 0.464844 0.096094 0.067187 0.067187
15 0.549219 0.100000 0.060937 0.075000
9 0.090625 0.203906 0.056250 0.064062
26 0.166406 0.203125 0.070312 0.062500
25 0.242188 0.205469 0.065625 0.067187
34 0.319531 0.206250 0.064062 0.068750
23 0.395313 0.203125 0.062500 0.062500
1 0.096875 0.308594 0.068750 0.070312
28 0.185156 0.310156 0.070312 0.073438
8 0.259375 0.306250 0.050000 0.065625
19 0.324219 0.310937 0.064062 0.075000
20 0.407031 0.309375 0.060937 0.071875
27 0.489844 0.308594 0.073438 0.070312
25 0.567187 0.307031 0.065625 0.067187
22 0.096875 0.420312 0.068750 0.062500
14 0.178906 0.420312 0.060937 0.062500
31 0.257031 0.420312 0.064062 0.062500
25 0.331250 0.422656 0.065625 0.067187
6 0.418750 0.421875 0.071875 0.065625
10 0.094531 0.525000 0.064062 0.071875
25 0.173437 0.522656 0.065625 0.067187
5 0.248438 0.521094 0.068750 0.064062
18 0.325781 0.521094 0.064062 0.064062
2 0.092188 0.633594 0.059375 0.064062
23 0.167187 0.632812 0.062500 0.062500
23 0.246875 0.634375 0.065625 0.065625
30 0.327344 0.632812 0.057813 0.062500
24 0.403125 0.632812 0.068750 0.062500
