35 0.101562 0.096094 0.078125 0.067187
22 0.195312 0.093750 0.068750 0.062500
31 0.277344 0.093750 0.064062 0.062500
30 0.352344 0.095312 0.060937 0.065625
35 0.101562 0.207031 0.078125 0.067187
34 0.191406 0.207813 0.064062 0.068750
8 0.265625 0.204687 0.046875 0.062500
20 0.333594 0.209375 0.060937 0.071875
14 0.405469 0.204687 0.060937 0.062500
16 0.091406 0.314844 0.057813 0.064062
20 0.167969 0.318750 0.060937 0.071875
31 0.242969 0.315625 0.067187 0.065625
35 0.329688 0.316406 0.078125 0.067187
34 0.410156 0.317188 0.064062 0.068750
2 0.092188 0.419531 0.059375 0.064062
15 0.171094 0.426563 0.060937 0.078125
35 0.253125 0.421094 0.075000 0.067187
37 0.339062 0.418750 0.059375 0.062500
10 0.407031 0.421875 0.060937 0.068750
3 0.092969 0.534375 0.060937 0.068750
21 0.176563 0.533594 0.068750 0.067187
21 0.265625 0.533594 0.068750 0.067187
14 0.346094 0.531250 0.060937 0.062500
30 0.547656 0.095312 0.060937 0.065625
7 0.620313 0.093750 0.062500 0.062500
5 0.703125 0.094531 0.068750 0.064062
14 0.780469 0.093750 0.060937 0.062500
35 0.556250 0.196094 0.078125 0.067187
1 0.646875 0.196094 0.068750 0.067187
37 0.726562 0.193750 0.059375 0.062500
7 0.804688 0.195312 0.065625 0.065625
29 0.540625 0.308594 0.046875 0.070312
20 0.602344 0.309375 0.060937 0.071875
28 0.686719 0.311719 0.073438 0.076563
25 0.765625 0.305469 0.062500 0.064062
37 0.546875 0.414062 0.059375 0.062500
20 0.617969 0.418750 0.060937 0.071875
2 0.689063 0.416406 0.062500 0.067187
3 0.763281 0.415625 0.057813 0.065625
1 0.840625 0.416406 0.068750 0.067187
15 0.546094 0.534375 0.057813 0.075000
34 0.619531 0.532813 0.067187 0.071875
24 0.706250 0.528125 0.068750 0.062500
8 0.775000 0.529687 0.050000 0.065625
29 0.839063 0.532031 0.050000 0.070312
17 0.546875 0.638281 0.059375 0.064062
9 0.618750 0.638281 0.056250 0.064062
27 0.703906 0.641406 0.073438 0.070312
29 0.776563 0.642969 0.050000 0.073438
18 0.847656 0.638281 0.064062 0.064062
10 0.549219 0.759375 0.064062 0.071875
0 0.627344 0.756250 0.057813 0.065625
33 0.696875 0.756250 0.062500 0.065625
12 0.777344 0.755469 0.067187 0.064062
