0 0.091406 0.095312 0.057813 0.065625
18 0.169531 0.094531 0.064062 0.064062
6 0.246875 0.093750 0.068750 0.062500
9 0.325000 0.094531 0.056250 0.064062
28 0.397656 0.099219 0.070312 0.073438
11 0.479687 0.096875 0.062500 0.068750
23 0.095312 0.203125 0.065625 0.065625
29 0.170313 0.205469 0.046875 0.070312
28 0.241406 0.207031 0.073438 0.073438
17 0.320312 0.202344 0.059375 0.064062
7 0.400000 0.201563 0.062500 0.062500
3 0.477344 0.203125 0.057813 0.065625
18 0.094531 0.314844 0.064062 0.064062
34 0.169531 0.317188 0.064062 0.068750
1 0.246875 0.317969 0.071875 0.070312
23 0.331250 0.314063 0.062500 0.062500
3 0.399219 0.315625 0.057813 0.065625
22 0.096875 0.417187 0.068750 0.062500
27 0.183594 0.419531 0.070312 0.067187
29 0.254688 0.421094 0.046875 0.070312
24 0.331250 0.418750 0.071875 0.065625
31 0.094531 0.529687 0.064062 0.062500
35 0.179688 0.530469 0.075000 0.064062
11 0.257812 0.531250 0.059375 0.065625
5 0.331250 0.532031 0.071875 0.067187
