24 0.096875 0.093750 0.068750 0.062500
33 0.181250 0.096875 0.065625 0.068750
22 0.267188 0.093750 0.068750 0.062500
24 0.346875 0.095312 0.071875 0.065625
32 0.091406 0.203125 0.057813 0.062500
9 0.170313 0.205469 0.059375 0.067187
4 0.251563 0.206250 0.062500 0.068750
26 0.335156 0.204687 0.073438 0.065625
18 0.416406 0.203906 0.064062 0.064062
22 0.490625 0.203125 0.068750 0.062500
25 0.095312 0.317969 0.065625 0.067187
34 0.177344 0.320312 0.067187 0.071875
7 0.259375 0.315625 0.062500 0.062500
19 0.335156 0.321875 0.064062 0.075000
7 0.418750 0.317188 0.065625 0.065625
5 0.096875 0.427344 0.068750 0.064062
10 0.177344 0.429688 0.060937 0.068750
26 0.258594 0.426563 0.070312 0.062500
36 0.335938 0.428906 0.068750 0.067187
12 0.419531 0.427344 0.067187 0.064062
13 0.094531 0.530469 0.064062 0.064062
24 0.178125 0.531250 0.071875 0.065625
16 0.250781 0.530469 0.057813 0.064062
24 0.332813 0.531250 0.068750 0.065625
24 0.423438 0.531250 0.071875 0.065625
