30 0.091406 0.093750 0.057813 0.062500
15 0.164844 0.101562 0.060937 0.078125
5 0.240625 0.094531 0.068750 0.064062
7 0.321875 0.095312 0.065625 0.065625
32 0.092969 0.209375 0.060937 0.065625
3 0.160156 0.209375 0.057813 0.065625
29 0.221875 0.211719 0.046875 0.070312
37 0.282813 0.207813 0.059375 0.062500
36 0.096875 0.322656 0.068750 0.064062
12 0.183594 0.322656 0.067187 0.064062
27 0.272656 0.325781 0.073438 0.070312
22 0.364063 0.321875 0.068750 0.062500
21 0.096875 0.438281 0.068750 0.067187
5 0.178125 0.436719 0.068750 0.064062
35 0.265625 0.436719 0.075000 0.064062
23 0.353125 0.437500 0.065625 0.065625
28 0.097656 0.550781 0.070312 0.073438
33 0.182812 0.546875 0.062500 0.065625
37 0.259375 0.545312 0.059375 0.062500
11 0.334375 0.546875 0.059375 0.065625
14 0.413281 0.545312 0.060937 0.062500
0 0.091406 0.662500 0.057813 0.065625
20 0.161719 0.665625 0.060937 0.071875
6 0.239063 0.662500 0.071875 0.065625
24 0.323437 0.662500 0.071875 0.065625
9 0.400000 0.661719 0.056250 0.064062
1 0.553125 0.097656 0.071875 0.070312
36 0.640625 0.096094 0.071875 0.067187
9 0.725000 0.094531 0.056250 0.064062
36 0.804688 0.094531 0.068750 0.064062
11 0.546875 0.200000 0.059375 0.065625
35 0.629687 0.199219 0.075000 0.064062
25 0.712500 0.200781 0.065625 0.067187
1 0.792188 0.200781 0.068750 0.067187
20 0.549219 0.304688 0.064062 0.071875
17 0.631250 0.300781 0.059375 0.064062
8 0.692187 0.300000 0.046875 0.062500
13 0.760156 0.302344 0.067187 0.067187
6 0.551562 0.417187 0.068750 0.065625
9 0.625000 0.416406 0.056250 0.064062
11 0.703125 0.417187 0.059375 0.065625
15 0.772656 0.423438 0.060937 0.078125
29 0.840625 0.419531 0.046875 0.070312
0 0.908594 0.417187 0.057813 0.065625
8 0.542188 0.534375 0.050000 0.062500
7 0.610938 0.534375 0.062500 0.062500
16 0.678906 0.535156 0.057813 0.064062
3 0.750781 0.535937 0.057813 0.065625
26 0.825781 0.535937 0.073438 0.065625
