31 0.094531 0.093750 0.064062 0.062500
21 0.179688 0.094531 0.065625 0.064062
14 0.263281 0.095312 0.064062 0.065625
13 0.342969 0.094531 0.064062 0.064062
0 0.419531 0.095312 0.057813 0.065625
1 0.096875 0.194531 0.068750 0.067187
20 0.178906 0.198437 0.064062 0.075000
23 0.256250 0.193750 0.065625 0.065625
20 0.330469 0.196875 0.060937 0.071875
20 0.408594 0.196875 0.064062 0.071875
26 0.097656 0.303125 0.070312 0.062500
9 0.176563 0.305469 0.059375 0.067187
11 0.251563 0.304688 0.059375 0.065625
18 0.325781 0.303906 0.064062 0.064062
26 0.403906 0.304688 0.070312 0.065625
5 0.098437 0.407031 0.071875 0.067187
20 0.174219 0.410938 0.064062 0.075000
21 0.260937 0.407031 0.068750 0.067187
3 0.338281 0.406250 0.057813 0.065625
14 0.410156 0.404687 0.064062 0.062500
7 0.093750 0.512500 0.062500 0.062500
9 0.162500 0.513281 0.059375 0.064062
7 0.232813 0.512500 0.062500 0.062500
29 0.300000 0.516406 0.046875 0.070312
36 0.376563 0.513281 0.068750 0.064062
23 0.450000 0.512500 0.062500 0.062500
37 0.092188 0.617188 0.059375 0.062500
8 0.153125 0.617188 0.046875 0.062500
24 0.226562 0.617188 0.068750 0.062500
6 0.306250 0.617188 0.068750 0.062500
13 0.386719 0.617969 0.064062 0.064062
11 0.092188 0.718750 0.059375 0.065625
11 0.171875 0.718750 0.059375 0.065625
27 0.249219 0.721094 0.073438 0.070312
31 0.327344 0.717187 0.064062 0.062500
24 0.407813 0.718750 0.071875 0.065625
2 0.546875 0.094531 0.059375 0.064062
19 0.625781 0.100000 0.064062 0.075000
1 0.712500 0.096094 0.068750 0.067187
30 0.788281 0.093750 0.060937 0.062500
26 0.552344 0.212500 0.070312 0.062500
22 0.635938 0.212500 0.068750 0.062500
1 0.712500 0.214844 0.068750 0.067187
4 0.798438 0.215625 0.062500 0.068750
12 0.550781 0.325781 0.067187 0.064062
6 0.639062 0.325000 0.068750 0.062500
30 0.711719 0.325000 0.057813 0.062500
28 0.789844 0.330469 0.070312 0.073438
37 0.868750 0.325000 0.062500 0.062500
0 0.547656 0.435937 0.060937 0.065625
27 0.633594 0.436719 0.070312 0.067187
17 0.720313 0.435156 0.062500 0.064062
32 0.797656 0.434375 0.057813 0.062500
19 0.867969 0.439063 0.064062 0.071875
7 0.550000 0.550000 0.065625 0.065625
4 0.620313 0.550000 0.059375 0.065625
6 0.693750 0.548438 0.068750 0.062500
6 0.771875 0.548438 0.068750 0.062500
35 0.854688 0.550781 0.078125 0.067187
28 0.552344 0.653906 0.070312 0.073438
16 0.632031 0.649219 0.057813 0.064062
19 0.708594 0.653125 0.060937 0.071875
10 0.780469 0.651563 0.060937 0.068750
2 0.856250 0.649219 0.059375 0.064062
