27 0.097656 0.096094 0.070312 0.067187
17 0.171875 0.094531 0.059375 0.064062
5 0.256250 0.094531 0.068750 0.064062
4 0.329688 0.096875 0.062500 0.068750
15 0.400781 0.100000 0.057813 0.075000
37 0.092188 0.203125 0.059375 0.062500
15 0.161719 0.210938 0.060937 0.078125
32 0.238281 0.203125 0.057813 0.062500
20 0.316406 0.209375 0.064062 0.075000
8 0.379688 0.203125 0.046875 0.062500
20 0.447656 0.207813 0.060937 0.071875
14 0.092969 0.321875 0.060937 0.062500
19 0.174219 0.326562 0.060937 0.071875
13 0.255469 0.324219 0.067187 0.067187
3 0.336719 0.325000 0.060937 0.068750
1 0.412500 0.324219 0.068750 0.067187
18 0.094531 0.428906 0.064062 0.064062
25 0.176563 0.428906 0.062500 0.064062
21 0.248438 0.428906 0.065625 0.064062
2 0.320312 0.430469 0.062500 0.067187
2 0.398438 0.428906 0.059375 0.064062
7 0.095312 0.534375 0.065625 0.065625
17 0.179688 0.535156 0.062500 0.067187
4 0.250000 0.535937 0.062500 0.068750
6 0.329688 0.532813 0.068750 0.062500
19 0.405469 0.537500 0.060937 0.071875
10 0.094531 0.646875 0.064062 0.071875
14 0.174219 0.643750 0.064062 0.065625
20 0.247656 0.648438 0.064062 0.075000
13 0.328906 0.642969 0.064062 0.064062
23 0.400000 0.642188 0.062500 0.062500
14 0.092969 0.754687 0.060937 0.062500
34 0.175781 0.759375 0.067187 0.071875
19 0.260156 0.759375 0.060937 0.071875
32 0.341406 0.756250 0.060937 0.065625
28 0.425781 0.760156 0.070312 0.073438
36 0.553125 0.096094 0.071875 0.067187
24 0.637500 0.093750 0.068750 0.062500
14 0.713281 0.095312 0.064062 0.065625
16 0.794531 0.094531 0.057813 0.064062
19 0.866406 0.100000 0.064062 0.075000
13 0.550781 0.208594 0.067187 0.067187
8 0.621875 0.206250 0.046875 0.062500
2 0.687500 0.208594 0.062500 0.067187
2 0.765625 0.207031 0.059375 0.064062
37 0.837500 0.206250 0.059375 0.062500
25 0.548438 0.307031 0.062500 0.064062
28 0.632031 0.311719 0.070312 0.073438
24 0.720313 0.307812 0.071875 0.065625
20 0.797656 0.312500 0.064062 0.075000
37 0.876563 0.306250 0.059375 0.062500
17 0.546875 0.421094 0.059375 0.064062
25 0.625000 0.421094 0.062500 0.064062
23 0.704688 0.420312 0.062500 0.062500
26 0.780469 0.420312 0.070312 0.062500
27 0.552344 0.530469 0.070312 0.067187
3 0.628906 0.529687 0.057813 0.065625
10 0.700781 0.531250 0.060937 0.068750
19 0.782031 0.534375 0.064062 0.075000
3 0.860156 0.529687 0.057813 0.065625
36 0.551562 0.646094 0.068750 0.064062
18 0.638281 0.646094 0.064062 0.064062
36 0.715625 0.647656 0.071875 0.067187
14 0.799219 0.645312 0.060937 0.062500
