36 0.096875 0.094531 0.068750 0.064062
37 0.173437 0.095312 0.062500 0.065625
32 0.253906 0.093750 0.057813 0.062500
14 0.324219 0.095312 0.064062 0.065625
21 0.403125 0.096094 0.068750 0.067187
24 0.098437 0.204687 0.071875 0.065625
25 0.176563 0.203906 0.062500 0.064062
23 0.259375 0.204687 0.065625 0.065625
7 0.340625 0.204687 0.065625 0.065625
28 0.425781 0.208594 0.070312 0.073438
13 0.094531 0.321094 0.064062 0.064062
6 0.171875 0.320312 0.068750 0.062500
1 0.250000 0.324219 0.071875 0.070312
8 0.323437 0.320312 0.050000 0.062500
12 0.396094 0.322656 0.070312 0.067187
20 0.092969 0.431250 0.060937 0.071875
1 0.178125 0.428906 0.068750 0.067187
21 0.256250 0.428906 0.068750 0.067187
1 0.346875 0.430469 0.071875 0.070312
12 0.436719 0.427344 0.067187 0.064062
13 0.094531 0.536719 0.064062 0.064062
37 0.175000 0.537500 0.062500 0.065625
26 0.252344 0.537500 0.073438 0.065625
35 0.346875 0.538281 0.075000 0.067187
29 0.085938 0.647656 0.046875 0.070312
9 0.153125 0.644531 0.056250 0.064062
31 0.224219 0.643750 0.064062 0.062500
0 0.294531 0.645312 0.057813 0.065625
37 0.371875 0.645312 0.062500 0.065625
25 0.446875 0.646094 0.065625 0.067187
29 0.085938 0.753906 0.046875 0.070312
19 0.153906 0.754687 0.060937 0.071875
27 0.230469 0.753906 0.073438 0.070312
8 0.304688 0.750000 0.050000 0.062500
24 0.379688 0.750000 0.068750 0.062500
22 0.096875 0.854688 0.068750 0.062500
35 0.182812 0.857031 0.078125 0.067187
33 0.262500 0.856250 0.062500 0.065625
17 0.334375 0.855469 0.059375 0.064062
1 0.551562 0.096094 0.068750 0.067187
36 0.628125 0.094531 0.068750 0.064062
33 0.712500 0.096875 0.065625 0.068750
16 0.788281 0.094531 0.057813 0.064062
15 0.863281 0.101562 0.060937 0.078125
28 0.552344 0.216406 0.070312 0.073438
34 0.632031 0.214062 0.064062 0.068750
8 0.696875 0.210938 0.050000 0.062500
20 0.772656 0.215625 0.060937 0.071875
20 0.549219 0.323437 0.064062 0.075000
13 0.632031 0.317969 0.064062 0.064062
31 0.703906 0.317188 0.064062 0.062500
31 0.775781 0.318750 0.064062 0.065625
16 0.847656 0.317969 0.057813 0.064062
8 0.540625 0.431250 0.046875 0.062500
8 0.598437 0.431250 0.046875 0.062500
14 0.660156 0.431250 0.060937 0.062500
33 0.740625 0.434375 0.065625 0.068750
1 0.829688 0.435156 0.071875 0.070312
30 0.905469 0.431250 0.057813 0.062500
25 0.548438 0.542969 0.062500 0.064062
5 0.634375 0.544531 0.071875 0.067187
0 0.707031 0.543750 0.057813 0.065625
0 0.778906 0.545312 0.060937 0.068750
35 0.554688 0.649219 0.075000 0.064062
26 0.646094 0.650000 0.070312 0.065625
2 0.723437 0.649219 0.059375 0.064062
3 0.799219 0.650000 0.057813 0.065625
