27 0.097656 0.096094 0.070312 0.067187
23 0.175000 0.093750 0.062500 0.062500
31 0.247656 0.093750 0.064062 0.062500
12 0.325781 0.096094 0.070312 0.067187
10 0.092969 0.207813 0.060937 0.068750
9 0.171875 0.205469 0.056250 0.064062
23 0.242188 0.204687 0.062500 0.062500
25 0.321875 0.205469 0.062500 0.064062
32 0.394531 0.206250 0.060937 0.065625
4 0.092188 0.315625 0.059375 0.065625
24 0.176563 0.314063 0.068750 0.062500
6 0.256250 0.315625 0.068750 0.065625
35 0.348438 0.316406 0.078125 0.067187
20 0.427344 0.318750 0.064062 0.071875
1 0.509375 0.316406 0.068750 0.067187
21 0.590625 0.316406 0.068750 0.067187
8 0.087500 0.421875 0.050000 0.062500
32 0.163281 0.421875 0.060937 0.062500
25 0.235937 0.422656 0.062500 0.064062
5 0.312500 0.424219 0.071875 0.067187
19 0.092969 0.532813 0.060937 0.071875
12 0.164844 0.528906 0.067187 0.064062
27 0.247656 0.530469 0.070312 0.067187
1 0.332813 0.530469 0.068750 0.067187
18 0.411719 0.528906 0.064062 0.064062
17 0.481250 0.528906 0.059375 0.064062
21 0.557813 0.528906 0.065625 0.064062
10 0.092969 0.643750 0.060937 0.068750
3 0.161719 0.643750 0.060937 0.068750
5 0.242188 0.641406 0.068750 0.064062
31 0.317969 0.640625 0.064062 0.062500
4 0.093750 0.746875 0.062500 0.065625
5 0.178125 0.746094 0.068750 0.064062
4 0.250000 0.746875 0.059375 0.065625
4 0.320312 0.746875 0.059375 0.065625
12 0.400781 0.746094 0.067187 0.064062
26 0.489844 0.745313 0.070312 0.062500
9 0.570312 0.746094 0.056250 0.064062
19 0.094531 0.850000 0.064062 0.075000
23 0.171875 0.843750 0.062500 0.062500
7 0.253125 0.843750 0.062500 0.062500
19 0.333594 0.850000 0.064062 0.075000
16 0.410156 0.844531 0.057813 0.064062
29 0.471875 0.847656 0.046875 0.070312
5 0.542188 0.846094 0.071875 0.067187
