3 0.092969 0.096875 0.060937 0.068750
1 0.173437 0.096094 0.068750 0.067187
32 0.246094 0.093750 0.060937 0.062500
17 0.326562 0.096094 0.062500 0.067187
19 0.094531 0.207813 0.064062 0.075000
9 0.168750 0.202344 0.056250 0.064062
10 0.242969 0.206250 0.064062 0.071875
3 0.324219 0.204687 0.060937 0.068750
18 0.397656 0.202344 0.064062 0.064062
35 0.100000 0.321094 0.075000 0.064062
7 0.178125 0.320312 0.062500 0.062500
1 0.260937 0.322656 0.068750 0.067187
2 0.345313 0.321094 0.059375 0.064062
21 0.418750 0.321094 0.065625 0.064062
33 0.095312 0.429688 0.065625 0.068750
14 0.171094 0.426563 0.060937 0.062500
7 0.240625 0.426563 0.062500 0.062500
10 0.314844 0.429688 0.060937 0.068750
2 0.393750 0.427344 0.059375 0.064062
31 0.094531 0.532813 0.064062 0.062500
11 0.170313 0.535937 0.062500 0.068750
13 0.246094 0.535156 0.067187 0.067187
24 0.332813 0.532813 0.068750 0.062500
12 0.421094 0.533594 0.067187 0.064062
2 0.092188 0.646094 0.059375 0.064062
27 0.178906 0.649219 0.073438 0.070312
5 0.271875 0.647656 0.071875 0.067187
3 0.346094 0.648438 0.060937 0.068750
4 0.093750 0.760938 0.062500 0.068750
36 0.170313 0.758594 0.068750 0.064062
25 0.248438 0.760156 0.065625 0.067187
28 0.330469 0.763281 0.070312 0.073438
20 0.094531 0.876563 0.064062 0.071875
34 0.172656 0.876563 0.067187 0.071875
9 0.250000 0.874219 0.059375 0.067187
34 0.328906 0.876563 0.067187 0.071875
24 0.415625 0.873437 0.071875 0.065625
25 0.550000 0.096094 0.065625 0.067187
2 0.623437 0.094531 0.059375 0.064062
14 0.696094 0.095312 0.064062 0.065625
37 0.768750 0.093750 0.059375 0.062500
37 0.845313 0.095312 0.062500 0.065625
20 0.549219 0.201563 0.064062 0.071875
18 0.622656 0.199219 0.067187 0.067187
7 0.701562 0.196875 0.062500 0.062500
1 0.779687 0.200781 0.071875 0.070312
24 0.865625 0.196875 0.068750 0.062500
24 0.551562 0.309375 0.068750 0.062500
32 0.633594 0.310937 0.060937 0.065625
18 0.713281 0.311719 0.067187 0.067187
19 0.789844 0.314063 0.060937 0.071875
25 0.873437 0.311719 0.065625 0.067187
23 0.550000 0.421875 0.065625 0.065625
1 0.635938 0.424219 0.071875 0.070312
26 0.722656 0.421875 0.070312 0.065625
13 0.810156 0.421094 0.064062 0.064062
22 0.893750 0.420312 0.068750 0.062500
9 0.545312 0.527344 0.056250 0.064062
28 0.625781 0.532031 0.070312 0.073438
14 0.707031 0.526563 0.060937 0.062500
17 0.778125 0.527344 0.059375 0.064062
15 0.857031 0.532813 0.057813 0.075000
16 0.547656 0.635156 0.060937 0.064062
30 0.617969 0.635938 0.060937 0.065625
32 0.697656 0.635938 0.060937 0.065625
14 0.774219 0.634375 0.060937 0.062500
14 0.850781 0.635938 0.064062 0.065625
26 0.553906 0.735938 0.073438 0.065625
27 0.646094 0.738281 0.073438 0.070312
9 0.721875 0.736719 0.059375 0.067187
24 0.800000 0.735938 0.068750 0.065625
21 0.885938 0.735156 0.065625 0.064062
