15 0.091406 0.100000 0.057813 0.075000
29 0.153125 0.097656 0.046875 0.070312
37 0.217188 0.095312 0.062500 0.065625
11 0.290625 0.095312 0.059375 0.065625
30 0.367969 0.093750 0.057813 0.062500
16 0.439844 0.094531 0.060937 0.064062
7 0.095312 0.204687 0.065625 0.065625
22 0.170313 0.203125 0.068750 0.062500
25 0.248438 0.203906 0.062500 0.064062
28 0.335156 0.208594 0.070312 0.073438
5 0.418750 0.203906 0.068750 0.064062
21 0.096875 0.319531 0.068750 0.067187
32 0.175781 0.318750 0.060937 0.065625
24 0.250000 0.318750 0.071875 0.065625
15 0.330469 0.323437 0.057813 0.075000
23 0.401562 0.318750 0.065625 0.065625
28 0.097656 0.439844 0.070312 0.073438
8 0.175000 0.434375 0.046875 0.062500
29 0.232813 0.438281 0.046875 0.070312
2 0.306250 0.436719 0.062500 0.067187
16 0.385156 0.435156 0.057813 0.064062
7 0.095312 0.542188 0.065625 0.065625
35 0.175000 0.541406 0.075000 0.064062
34 0.255469 0.543750 0.064062 0.068750
1 0.337500 0.544531 0.071875 0.070312
17 0.546875 0.094531 0.059375 0.064062
0 0.613281 0.095312 0.057813 0.065625
28 0.685156 0.099219 0.070312 0.073438
1 0.770312 0.097656 0.071875 0.070312
34 0.855469 0.096875 0.064062 0.068750
12 0.552344 0.203906 0.070312 0.067187
17 0.625000 0.202344 0.059375 0.064062
6 0.704688 0.201563 0.068750 0.062500
17 0.778125 0.202344 0.059375 0.064062
3 0.850781 0.204687 0.060937 0.068750
26 0.552344 0.303125 0.070312 0.062500
2 0.625000 0.303906 0.059375 0.064062
16 0.705469 0.303906 0.060937 0.064062
21 0.781250 0.305469 0.068750 0.067187
5 0.860938 0.303906 0.068750 0.064062
10 0.547656 0.417187 0.060937 0.068750
0 0.619531 0.415625 0.057813 0.065625
1 0.695312 0.417969 0.071875 0.070312
16 0.767969 0.414844 0.057813 0.064062
16 0.839844 0.414844 0.057813 0.064062
4 0.546875 0.518750 0.059375 0.065625
11 0.617188 0.518750 0.059375 0.065625
8 0.681250 0.517188 0.046875 0.062500
7 0.743750 0.517188 0.062500 0.062500
13 0.821094 0.519531 0.067187 0.067187
25 0.548438 0.625781 0.062500 0.064062
0 0.617969 0.626563 0.057813 0.065625
22 0.692187 0.626563 0.071875 0.065625
9 0.768750 0.625781 0.056250 0.064062
7 0.548438 0.734375 0.062500 0.062500
33 0.629687 0.737500 0.065625 0.068750
26 0.714844 0.735938 0.073438 0.065625
24 0.800000 0.734375 0.068750 0.062500
25 0.879687 0.736719 0.065625 0.067187
