14 0.092969 0.093750 0.060937 0.062500
16 0.171094 0.096094 0.060937 0.067187
13 0.249219 0.096094 0.067187 0.067187
36 0.329688 0.094531 0.068750 0.064062
5 0.406250 0.094531 0.068750 0.064062
13 0.096094 0.196094 0.067187 0.067187
28 0.183594 0.199219 0.070312 0.073438
11 0.257812 0.196875 0.062500 0.068750
31 0.333594 0.195312 0.067187 0.065625
30 0.411719 0.195312 0.060937 0.065625
6 0.096875 0.301563 0.068750 0.062500
10 0.182031 0.306250 0.064062 0.071875
29 0.251563 0.305469 0.050000 0.070312
0 0.319531 0.303125 0.057813 0.065625
3 0.386719 0.303125 0.057813 0.065625
16 0.452344 0.302344 0.057813 0.064062
3 0.091406 0.418750 0.057813 0.065625
3 0.166406 0.418750 0.057813 0.065625
32 0.242969 0.417187 0.057813 0.062500
19 0.316406 0.421875 0.060937 0.071875
18 0.392969 0.419531 0.067187 0.067187
33 0.093750 0.528125 0.062500 0.065625
4 0.164062 0.528125 0.059375 0.065625
11 0.242188 0.528125 0.059375 0.065625
9 0.314063 0.527344 0.056250 0.064062
37 0.381250 0.528125 0.062500 0.065625
15 0.092969 0.642188 0.060937 0.078125
33 0.167187 0.635938 0.062500 0.065625
12 0.249219 0.635156 0.067187 0.064062
0 0.322656 0.635938 0.057813 0.065625
29 0.385937 0.638281 0.046875 0.070312
7 0.095312 0.757812 0.065625 0.065625
25 0.179688 0.758594 0.065625 0.067187
1 0.264062 0.758594 0.068750 0.067187
17 0.345313 0.757031 0.059375 0.064062
15 0.419531 0.762500 0.057813 0.075000
3 0.547656 0.096875 0.060937 0.068750
27 0.632031 0.096094 0.070312 0.067187
37 0.714063 0.093750 0.059375 0.062500
23 0.795312 0.093750 0.062500 0.062500
12 0.877344 0.096094 0.070312 0.067187
33 0.550000 0.206250 0.065625 0.068750
22 0.632812 0.203125 0.068750 0.062500
29 0.706250 0.208594 0.050000 0.073438
4 0.781250 0.206250 0.062500 0.068750
17 0.854688 0.203906 0.059375 0.064062
34 0.549219 0.321875 0.064062 0.068750
27 0.633594 0.321094 0.070312 0.067187
22 0.712500 0.318750 0.068750 0.062500
4 0.784375 0.320312 0.059375 0.065625
6 0.860938 0.320312 0.071875 0.065625
12 0.550781 0.430469 0.067187 0.064062
0 0.627344 0.432812 0.060937 0.068750
33 0.704688 0.431250 0.062500 0.065625
9 0.785937 0.432031 0.059375 0.067187
4 0.860938 0.432812 0.062500 0.068750
26 0.552344 0.537500 0.070312 0.065625
16 0.625781 0.538281 0.060937 0.067187
7 0.707812 0.535937 0.062500 0.062500
13 0.789844 0.536719 0.064062 0.064062
28 0.553906 0.650781 0.073438 0.076563
13 0.641406 0.644531 0.064062 0.064062
33 0.718750 0.645312 0.062500 0.065625
14 0.797656 0.645312 0.064062 0.065625
12 0.883594 0.646094 0.070312 0.067187
