35 0.100000 0.094531 0.075000 0.064062
35 0.190625 0.096094 0.078125 0.067187
2 0.275000 0.094531 0.059375 0.064062
5 0.351562 0.094531 0.068750 0.064062
5 0.439063 0.094531 0.068750 0.064062
4 0.093750 0.207813 0.062500 0.068750
0 0.164844 0.206250 0.060937 0.065625
17 0.240625 0.205469 0.059375 0.064062
1 0.320312 0.207031 0.068750 0.067187
28 0.410156 0.210156 0.070312 0.073438
9 0.090625 0.321094 0.056250 0.064062
4 0.167187 0.321875 0.062500 0.065625
7 0.246875 0.321875 0.065625 0.065625
25 0.328125 0.321094 0.062500 0.064062
3 0.091406 0.428125 0.057813 0.065625
5 0.167187 0.428906 0.068750 0.067187
10 0.247656 0.429688 0.060937 0.068750
8 0.318750 0.428125 0.050000 0.065625
26 0.097656 0.529687 0.070312 0.062500
0 0.177344 0.531250 0.057813 0.065625
15 0.250781 0.537500 0.060937 0.078125
1 0.335938 0.533594 0.071875 0.070312
37 0.421875 0.529687 0.059375 0.062500
22 0.503125 0.531250 0.068750 0.065625
31 0.094531 0.640625 0.064062 0.062500
10 0.172656 0.643750 0.060937 0.068750
29 0.246875 0.644531 0.046875 0.070312
22 0.315625 0.640625 0.068750 0.062500
29 0.085938 0.755469 0.046875 0.070312
31 0.157031 0.753125 0.067187 0.065625
36 0.243750 0.753906 0.071875 0.067187
30 0.327344 0.753125 0.060937 0.065625
17 0.093750 0.863281 0.062500 0.067187
20 0.167969 0.865625 0.060937 0.071875
30 0.244531 0.862500 0.060937 0.065625
25 0.317188 0.863281 0.065625 0.067187
36 0.400000 0.863281 0.071875 0.067187
2 0.481250 0.863281 0.062500 0.067187
0 0.561719 0.864062 0.060937 0.068750
