21 0.096875 0.096094 0.068750 0.067187
2 0.171875 0.094531 0.059375 0.064062
2 0.239063 0.094531 0.059375 0.064062
25 0.309375 0.094531 0.062500 0.064062
4 0.384375 0.095312 0.059375 0.065625
26 0.097656 0.196875 0.070312 0.062500
21 0.185938 0.197656 0.065625 0.064062
27 0.263281 0.199219 0.070312 0.067187
37 0.343750 0.198437 0.062500 0.065625
24 0.096875 0.296875 0.068750 0.062500
1 0.176563 0.300781 0.071875 0.070312
32 0.252344 0.296875 0.057813 0.062500
22 0.331250 0.296875 0.068750 0.062500
25 0.404687 0.297656 0.062500 0.064062
8 0.085938 0.410938 0.046875 0.062500
15 0.155469 0.417187 0.057813 0.075000
23 0.223438 0.410938 0.062500 0.062500
14 0.294531 0.412500 0.064062 0.065625
21 0.375000 0.411719 0.065625 0.064062
16 0.449219 0.411719 0.057813 0.064062
8 0.085938 0.520312 0.046875 0.062500
15 0.155469 0.528125 0.060937 0.078125
29 0.228125 0.524219 0.046875 0.070312
30 0.299219 0.520312 0.057813 0.062500
19 0.092969 0.642188 0.060937 0.071875
5 0.175000 0.639844 0.071875 0.067187
33 0.254688 0.639062 0.062500 0.065625
11 0.334375 0.639062 0.059375 0.065625
37 0.404687 0.639062 0.062500 0.065625
37 0.546875 0.093750 0.059375 0.062500
16 0.624219 0.094531 0.057813 0.064062
15 0.702344 0.100000 0.057813 0.075000
14 0.771094 0.093750 0.060937 0.062500
15 0.839844 0.101562 0.060937 0.078125
17 0.546875 0.208594 0.059375 0.064062
25 0.618750 0.208594 0.062500 0.064062
8 0.685937 0.207813 0.046875 0.062500
13 0.749219 0.208594 0.064062 0.064062
9 0.826562 0.210156 0.059375 0.067187
23 0.900000 0.209375 0.065625 0.065625
21 0.551562 0.313281 0.068750 0.067187
13 0.635156 0.311719 0.064062 0.064062
11 0.718750 0.314063 0.062500 0.068750
12 0.799219 0.311719 0.067187 0.064062
15 0.874219 0.317188 0.057813 0.075000
1 0.551562 0.428906 0.068750 0.067187
17 0.626563 0.427344 0.062500 0.064062
34 0.699219 0.431250 0.067187 0.071875
24 0.789062 0.428125 0.071875 0.065625
31 0.869531 0.428125 0.067187 0.065625
22 0.553125 0.535937 0.071875 0.065625
33 0.637500 0.535937 0.062500 0.065625
32 0.705469 0.534375 0.057813 0.062500
8 0.770312 0.534375 0.046875 0.062500
27 0.836719 0.536719 0.070312 0.067187
13 0.549219 0.635156 0.064062 0.064062
6 0.634375 0.635938 0.071875 0.065625
21 0.720313 0.635156 0.065625 0.064062
4 0.792188 0.635938 0.062500 0.065625
27 0.874219 0.636719 0.070312 0.067187
34 0.549219 0.745313 0.064062 0.068750
26 0.636719 0.743750 0.073438 0.065625
20 0.724219 0.748437 0.064062 0.075000
1 0.804688 0.746094 0.071875 0.070312
15 0.891406 0.750000 0.060937 0.078125
