4 0.093750 0.096875 0.062500 0.068750
26 0.174219 0.093750 0.070312 0.062500
24 0.254688 0.095312 0.071875 0.065625
5 0.332813 0.094531 0.068750 0.064062
19 0.094531 0.212500 0.064062 0.075000
27 0.171094 0.208594 0.070312 0.067187
30 0.250781 0.207813 0.060937 0.065625
28 0.335156 0.211719 0.070312 0.073438
33 0.417187 0.209375 0.065625 0.068750
7 0.093750 0.317188 0.062500 0.062500
15 0.161719 0.323437 0.057813 0.075000
2 0.237500 0.319531 0.062500 0.067187
18 0.310156 0.319531 0.067187 0.067187
12 0.392969 0.317969 0.067187 0.064062
29 0.087500 0.433594 0.050000 0.073438
24 0.160938 0.429688 0.071875 0.065625
0 0.246094 0.431250 0.060937 0.068750
18 0.317969 0.428906 0.064062 0.064062
36 0.400000 0.428906 0.068750 0.064062
28 0.482031 0.435156 0.073438 0.076563
10 0.092969 0.550000 0.060937 0.068750
17 0.165625 0.549219 0.062500 0.067187
34 0.246094 0.551562 0.067187 0.071875
11 0.323437 0.548438 0.059375 0.065625
25 0.093750 0.652344 0.062500 0.064062
12 0.167969 0.652344 0.067187 0.064062
34 0.246094 0.656250 0.067187 0.071875
9 0.317188 0.652344 0.059375 0.064062
13 0.391406 0.652344 0.064062 0.064062
6 0.096875 0.765625 0.068750 0.062500
30 0.169531 0.765625 0.057813 0.062500
0 0.242969 0.768750 0.060937 0.068750
31 0.316406 0.765625 0.064062 0.062500
36 0.098437 0.872656 0.071875 0.067187
22 0.179688 0.871875 0.068750 0.065625
34 0.260156 0.873437 0.064062 0.068750
25 0.342187 0.871094 0.062500 0.064062
20 0.424219 0.876563 0.064062 0.075000
