0 0.092969 0.096875 0.060937 0.068750
32 0.172656 0.095312 0.060937 0.065625
29 0.235937 0.097656 0.050000 0.070312
22 0.309375 0.093750 0.068750 0.062500
7 0.093750 0.207813 0.062500 0.062500
30 0.174219 0.207813 0.057813 0.062500
3 0.242969 0.209375 0.057813 0.065625
27 0.325781 0.210156 0.070312 0.067187
1 0.407813 0.211719 0.071875 0.070312
23 0.093750 0.315625 0.062500 0.062500
6 0.176563 0.315625 0.068750 0.062500
1 0.260937 0.319531 0.071875 0.070312
33 0.340625 0.317188 0.062500 0.065625
14 0.410156 0.315625 0.060937 0.062500
11 0.093750 0.425000 0.062500 0.068750
13 0.174219 0.422656 0.064062 0.064062
2 0.250000 0.422656 0.059375 0.064062
19 0.330469 0.428125 0.064062 0.075000
27 0.419531 0.425781 0.073438 0.070312
21 0.095312 0.530469 0.065625 0.064062
34 0.177344 0.534375 0.067187 0.071875
4 0.254688 0.531250 0.059375 0.065625
17 0.325000 0.532031 0.062500 0.067187
29 0.085938 0.644531 0.046875 0.070312
0 0.152344 0.642188 0.057813 0.065625
32 0.227344 0.640625 0.057813 0.062500
30 0.297656 0.642188 0.060937 0.065625
20 0.375781 0.645312 0.060937 0.071875
1 0.098437 0.760156 0.071875 0.070312
36 0.184375 0.758594 0.071875 0.067187
21 0.270313 0.758594 0.068750 0.067187
30 0.344531 0.757812 0.060937 0.065625
31 0.416406 0.757812 0.067187 0.065625
27 0.097656 0.871094 0.070312 0.067187
34 0.178906 0.871875 0.064062 0.068750
20 0.250781 0.875000 0.064062 0.075000
10 0.321094 0.871875 0.060937 0.068750
7 0.398438 0.868750 0.062500 0.062500
6 0.551562 0.093750 0.068750 0.062500
32 0.632031 0.095312 0.060937 0.065625
33 0.714063 0.095312 0.062500 0.065625
21 0.787500 0.094531 0.065625 0.064062
25 0.548438 0.197656 0.062500 0.064062
16 0.616406 0.197656 0.057813 0.064062
23 0.696875 0.196875 0.062500 0.062500
24 0.781250 0.198437 0.071875 0.065625
16 0.855469 0.197656 0.057813 0.064062
37 0.546875 0.295312 0.059375 0.062500
2 0.615625 0.296094 0.059375 0.064062
17 0.685937 0.297656 0.062500 0.067187
0 0.757031 0.296875 0.060937 0.065625
19 0.836719 0.301563 0.064062 0.075000
4 0.548438 0.414062 0.062500 0.065625
35 0.629687 0.413281 0.075000 0.064062
6 0.715625 0.414062 0.071875 0.065625
5 0.793750 0.413281 0.068750 0.064062
30 0.874219 0.414062 0.060937 0.065625
12 0.552344 0.524219 0.070312 0.067187
3 0.625781 0.525000 0.060937 0.068750
22 0.700000 0.523438 0.068750 0.065625
28 0.777344 0.527344 0.070312 0.073438
34 0.864844 0.526563 0.067187 0.071875
25 0.548438 0.630469 0.062500 0.064062
12 0.633594 0.630469 0.067187 0.064062
30 0.710156 0.631250 0.060937 0.065625
4 0.779687 0.631250 0.059375 0.065625
36 0.551562 0.733594 0.068750 0.064062
2 0.631250 0.733594 0.062500 0.064062
6 0.706250 0.732812 0.068750 0.062500
18 0.794531 0.735156 0.067187 0.067187
8 0.868750 0.732812 0.050000 0.062500
30 0.547656 0.842187 0.060937 0.065625
4 0.617188 0.842187 0.059375 0.065625
17 0.692187 0.841406 0.059375 0.064062
16 0.767969 0.841406 0.057813 0.064062
4 0.843750 0.842187 0.059375 0.065625
