8 0.085938 0.093750 0.046875 0.062500
35 0.164062 0.096094 0.078125 0.067187
17 0.246875 0.094531 0.059375 0.064062
31 0.327344 0.093750 0.064062 0.062500
26 0.407031 0.095312 0.073438 0.065625
13 0.489844 0.096094 0.067187 0.067187
34 0.096094 0.203125 0.067187 0.071875
3 0.169531 0.200000 0.057813 0.065625
0 0.236719 0.201563 0.060937 0.068750
22 0.317188 0.200000 0.071875 0.065625
5 0.401562 0.200781 0.071875 0.067187
34 0.480469 0.201563 0.064062 0.068750
1 0.556250 0.200781 0.068750 0.067187
37 0.092188 0.307812 0.059375 0.062500
35 0.175000 0.310156 0.078125 0.067187
9 0.256250 0.308594 0.056250 0.064062
17 0.321875 0.308594 0.059375 0.064062
30 0.389844 0.307812 0.057813 0.062500
9 0.459375 0.308594 0.056250 0.064062
33 0.535937 0.309375 0.062500 0.065625
19 0.094531 0.423438 0.064062 0.071875
29 0.164062 0.422656 0.050000 0.070312
34 0.236719 0.423438 0.067187 0.071875
4 0.320312 0.420312 0.062500 0.065625
22 0.395313 0.420312 0.071875 0.065625
37 0.470313 0.420312 0.062500 0.065625
4 0.539062 0.420312 0.059375 0.065625
5 0.096875 0.533594 0.068750 0.064062
14 0.171094 0.532813 0.060937 0.062500
31 0.249219 0.532813 0.064062 0.062500
37 0.328125 0.534375 0.062500 0.065625
23 0.406250 0.532813 0.062500 0.062500
13 0.096094 0.638281 0.067187 0.067187
34 0.172656 0.640625 0.067187 0.071875
32 0.252344 0.635938 0.057813 0.062500
28 0.333594 0.642969 0.073438 0.076563
31 0.414844 0.637500 0.067187 0.065625
6 0.501563 0.637500 0.071875 0.065625
