7 0.093750 0.093750 0.062500 0.062500
24 0.175000 0.095312 0.071875 0.065625
17 0.253125 0.096094 0.062500 0.067187
31 0.328906 0.095312 0.067187 0.065625
35 0.410938 0.094531 0.075000 0.064062
0 0.486719 0.095312 0.057813 0.065625
4 0.093750 0.196875 0.062500 0.068750
29 0.159375 0.199219 0.050000 0.073438
26 0.230469 0.193750 0.070312 0.062500
16 0.307031 0.196094 0.060937 0.067187
0 0.385156 0.196875 0.060937 0.068750
27 0.097656 0.303906 0.070312 0.070312
1 0.176563 0.302344 0.068750 0.067187
14 0.250781 0.301563 0.064062 0.065625
18 0.332031 0.300781 0.064062 0.064062
26 0.414844 0.301563 0.073438 0.065625
8 0.085938 0.410938 0.046875 0.062500
13 0.163281 0.413281 0.067187 0.067187
19 0.244531 0.415625 0.060937 0.071875
16 0.321094 0.413281 0.060937 0.067187
20 0.396094 0.415625 0.060937 0.071875
23 0.093750 0.525000 0.062500 0.062500
14 0.175781 0.526563 0.064062 0.065625
31 0.252344 0.525000 0.064062 0.062500
37 0.328125 0.525000 0.059375 0.062500
33 0.396875 0.526563 0.062500 0.065625
29 0.467187 0.528906 0.046875 0.070312
8 0.087500 0.639062 0.050000 0.062500
24 0.159375 0.640625 0.071875 0.065625
25 0.240625 0.639844 0.062500 0.064062
24 0.317188 0.639062 0.068750 0.062500
23 0.396875 0.640625 0.065625 0.065625
9 0.470313 0.639844 0.056250 0.064062
32 0.546094 0.639062 0.057813 0.062500
34 0.096094 0.750000 0.067187 0.071875
30 0.175781 0.745313 0.057813 0.062500
3 0.244531 0.746875 0.057813 0.065625
0 0.314844 0.746875 0.057813 0.065625
0 0.382031 0.746875 0.057813 0.065625
