1 0.098437 0.097656 0.071875 0.070312
34 0.185156 0.096875 0.064062 0.068750
21 0.265625 0.094531 0.065625 0.064062
9 0.343750 0.094531 0.056250 0.064062
0 0.092969 0.209375 0.060937 0.068750
31 0.175781 0.207813 0.067187 0.065625
26 0.264844 0.207813 0.073438 0.065625
21 0.356250 0.208594 0.068750 0.067187
25 0.435937 0.207031 0.062500 0.064062
21 0.510938 0.208594 0.068750 0.067187
8 0.590625 0.206250 0.050000 0.062500
27 0.099219 0.322656 0.073438 0.070312
21 0.189062 0.319531 0.065625 0.064062
30 0.264844 0.320312 0.060937 0.065625
35 0.345313 0.319531 0.075000 0.064062
19 0.428906 0.323437 0.060937 0.071875
0 0.500781 0.320312 0.057813 0.065625
10 0.577344 0.323437 0.064062 0.071875
28 0.097656 0.435156 0.070312 0.073438
29 0.178125 0.433594 0.050000 0.070312
21 0.256250 0.430469 0.065625 0.064062
29 0.321875 0.435156 0.050000 0.073438
1 0.392188 0.433594 0.071875 0.070312
33 0.475000 0.432812 0.065625 0.068750
0 0.092969 0.548438 0.060937 0.065625
18 0.166406 0.547656 0.064062 0.064062
2 0.245312 0.549219 0.062500 0.067187
5 0.331250 0.547656 0.068750 0.064062
7 0.410938 0.546875 0.062500 0.062500
10 0.489844 0.550000 0.060937 0.068750
28 0.571094 0.553906 0.073438 0.076563
19 0.094531 0.671875 0.064062 0.075000
17 0.165625 0.667969 0.062500 0.067187
25 0.246875 0.666406 0.062500 0.064062
15 0.322656 0.671875 0.057813 0.075000
15 0.091406 0.781250 0.057813 0.075000
35 0.171875 0.775781 0.075000 0.064062
15 0.255469 0.781250 0.057813 0.075000
17 0.326562 0.775781 0.059375 0.064062
26 0.411719 0.775000 0.070312 0.062500
13 0.094531 0.891406 0.064062 0.064062
27 0.175781 0.894531 0.073438 0.070312
34 0.261719 0.893750 0.064062 0.068750
13 0.344531 0.891406 0.064062 0.064062
7 0.415625 0.890625 0.062500 0.062500
23 0.487500 0.890625 0.062500 0.062500
20 0.567969 0.896875 0.064062 0.075000
