15 0.091406 0.100000 0.057813 0.075000
22 0.165625 0.093750 0.068750 0.062500
13 0.247656 0.094531 0.064062 0.064062
24 0.326562 0.093750 0.068750 0.062500
36 0.098437 0.210156 0.071875 0.067187
12 0.185156 0.208594 0.067187 0.064062
15 0.266406 0.215625 0.060937 0.078125
4 0.345313 0.210938 0.062500 0.068750
5 0.425000 0.210156 0.071875 0.067187
15 0.092969 0.329688 0.060937 0.078125
28 0.177344 0.328906 0.073438 0.076563
29 0.250000 0.325781 0.050000 0.070312
11 0.318750 0.323437 0.059375 0.065625
31 0.399219 0.323437 0.067187 0.065625
36 0.098437 0.439844 0.071875 0.067187
9 0.181250 0.438281 0.056250 0.064062
22 0.251563 0.437500 0.068750 0.062500
23 0.325000 0.437500 0.062500 0.062500
31 0.402344 0.437500 0.064062 0.062500
2 0.093750 0.546094 0.062500 0.067187
34 0.169531 0.548438 0.067187 0.071875
34 0.255469 0.546875 0.064062 0.068750
37 0.335938 0.545312 0.062500 0.065625
21 0.414062 0.544531 0.065625 0.064062
25 0.095312 0.652344 0.065625 0.067187
27 0.175781 0.652344 0.070312 0.067187
35 0.267188 0.652344 0.078125 0.067187
20 0.347656 0.654687 0.064062 0.071875
31 0.424219 0.650000 0.064062 0.062500
24 0.096875 0.756250 0.068750 0.062500
37 0.179688 0.756250 0.059375 0.062500
0 0.253906 0.757812 0.057813 0.065625
24 0.331250 0.756250 0.068750 0.062500
10 0.547656 0.096875 0.060937 0.068750
37 0.617188 0.095312 0.062500 0.065625
9 0.692187 0.096094 0.059375 0.067187
37 0.767188 0.095312 0.062500 0.065625
37 0.842187 0.093750 0.059375 0.062500
29 0.540625 0.210156 0.046875 0.070312
11 0.610938 0.207813 0.059375 0.065625
25 0.682813 0.207031 0.062500 0.064062
23 0.764062 0.206250 0.062500 0.062500
29 0.834375 0.210156 0.046875 0.070312
33 0.898438 0.207813 0.062500 0.065625
18 0.550781 0.313281 0.067187 0.067187
15 0.628906 0.318750 0.060937 0.078125
8 0.690625 0.310937 0.046875 0.062500
5 0.770312 0.313281 0.071875 0.067187
36 0.551562 0.430469 0.068750 0.064062
1 0.634375 0.433594 0.071875 0.070312
28 0.717969 0.436719 0.073438 0.076563
26 0.802344 0.429688 0.070312 0.062500
4 0.882812 0.431250 0.059375 0.065625
36 0.551562 0.541406 0.068750 0.064062
9 0.635938 0.541406 0.059375 0.064062
18 0.716406 0.542969 0.067187 0.067187
25 0.801562 0.542969 0.065625 0.067187
15 0.878906 0.546875 0.060937 0.075000
