30 0.091406 0.093750 0.057813 0.062500
20 0.166406 0.100000 0.064062 0.075000
32 0.236719 0.093750 0.057813 0.062500
31 0.316406 0.095312 0.067187 0.065625
2 0.092188 0.202344 0.059375 0.064062
8 0.159375 0.201563 0.050000 0.062500
8 0.221875 0.201563 0.046875 0.062500
30 0.294531 0.203125 0.060937 0.065625
18 0.372656 0.203906 0.067187 0.067187
29 0.442188 0.205469 0.050000 0.070312
32 0.091406 0.314063 0.057813 0.062500
15 0.163281 0.321875 0.060937 0.078125
22 0.246875 0.314063 0.068750 0.062500
31 0.322656 0.314063 0.064062 0.062500
10 0.403906 0.318750 0.064062 0.071875
1 0.098437 0.435156 0.071875 0.070312
4 0.171875 0.432812 0.059375 0.065625
28 0.244531 0.436719 0.070312 0.073438
22 0.334375 0.432812 0.071875 0.065625
37 0.421875 0.432812 0.062500 0.065625
16 0.091406 0.547656 0.057813 0.064062
22 0.170313 0.546875 0.068750 0.062500
19 0.253906 0.553125 0.064062 0.075000
15 0.330469 0.553125 0.057813 0.075000
24 0.404687 0.546875 0.068750 0.062500
35 0.556250 0.096094 0.078125 0.067187
0 0.638281 0.096875 0.060937 0.068750
33 0.710938 0.095312 0.062500 0.065625
36 0.785937 0.096094 0.071875 0.067187
14 0.549219 0.206250 0.064062 0.065625
24 0.635938 0.206250 0.068750 0.065625
21 0.721875 0.207031 0.068750 0.067187
8 0.798438 0.204687 0.050000 0.062500
30 0.872656 0.206250 0.060937 0.065625
11 0.546875 0.315625 0.059375 0.065625
28 0.630469 0.321094 0.073438 0.076563
35 0.723437 0.316406 0.078125 0.067187
18 0.814844 0.314844 0.064062 0.064062
27 0.552344 0.425781 0.070312 0.067187
34 0.638281 0.426563 0.064062 0.068750
13 0.719531 0.424219 0.064062 0.064062
18 0.799219 0.424219 0.064062 0.064062
30 0.546094 0.532813 0.057813 0.062500
3 0.613281 0.534375 0.057813 0.065625
15 0.689844 0.539062 0.060937 0.075000
7 0.767188 0.534375 0.065625 0.065625
36 0.853125 0.535156 0.071875 0.067187
35 0.556250 0.652344 0.078125 0.067187
9 0.639062 0.652344 0.059375 0.067187
20 0.711719 0.654687 0.060937 0.071875
35 0.790625 0.650781 0.075000 0.064062
14 0.867969 0.650000 0.060937 0.062500
