1 0.096875 0.096094 0.068750 0.067187
24 0.178125 0.095312 0.068750 0.065625
14 0.252344 0.093750 0.060937 0.062500
9 0.323437 0.094531 0.056250 0.064062
9 0.396875 0.094531 0.059375 0.064062
4 0.093750 0.196875 0.062500 0.068750
31 0.177344 0.195312 0.067187 0.065625
25 0.254688 0.196094 0.065625 0.067187
30 0.325781 0.195312 0.060937 0.065625
36 0.401562 0.196094 0.071875 0.067187
1 0.096875 0.299219 0.068750 0.067187
10 0.180469 0.301563 0.064062 0.071875
0 0.252344 0.298438 0.057813 0.065625
7 0.329688 0.298438 0.065625 0.065625
8 0.401562 0.296875 0.046875 0.062500
12 0.096094 0.408594 0.067187 0.064062
5 0.181250 0.410156 0.071875 0.067187
21 0.262500 0.408594 0.065625 0.064062
8 0.334375 0.407813 0.046875 0.062500
23 0.403125 0.407813 0.062500 0.062500
0 0.092969 0.518750 0.060937 0.065625
3 0.166406 0.520312 0.060937 0.068750
20 0.235156 0.521875 0.060937 0.071875
9 0.314063 0.517969 0.059375 0.064062
26 0.392969 0.517188 0.070312 0.062500
1 0.551562 0.096094 0.068750 0.067187
6 0.640625 0.093750 0.068750 0.062500
36 0.731250 0.096094 0.071875 0.067187
23 0.812500 0.093750 0.062500 0.062500
34 0.885156 0.096875 0.064062 0.068750
23 0.550000 0.196875 0.065625 0.065625
37 0.621875 0.196875 0.062500 0.065625
12 0.696094 0.196094 0.067187 0.064062
18 0.771094 0.196094 0.064062 0.064062
15 0.853906 0.203125 0.060937 0.078125
24 0.551562 0.307812 0.068750 0.062500
28 0.632031 0.313281 0.070312 0.073438
12 0.708594 0.308594 0.067187 0.064062
2 0.784375 0.308594 0.059375 0.064062
19 0.860156 0.312500 0.060937 0.071875
0 0.546094 0.426563 0.057813 0.065625
29 0.606250 0.428906 0.046875 0.070312
10 0.678906 0.428125 0.060937 0.068750
19 0.758594 0.429688 0.060937 0.071875
9 0.825000 0.425781 0.056250 0.064062
6 0.895312 0.426563 0.068750 0.065625
14 0.547656 0.539062 0.060937 0.062500
1 0.626563 0.541406 0.068750 0.067187
29 0.704688 0.542969 0.046875 0.070312
7 0.776563 0.539062 0.062500 0.062500
16 0.547656 0.647656 0.060937 0.067187
0 0.625781 0.646875 0.057813 0.065625
19 0.692969 0.650000 0.060937 0.071875
30 0.766406 0.645312 0.057813 0.062500
9 0.843750 0.646094 0.056250 0.064062
0 0.547656 0.756250 0.060937 0.068750
30 0.619531 0.753125 0.057813 0.062500
21 0.703125 0.755469 0.068750 0.067187
26 0.785156 0.754687 0.073438 0.065625
29 0.857812 0.757031 0.046875 0.070312
35 0.556250 0.866406 0.078125 0.067187
2 0.639062 0.866406 0.062500 0.067187
9 0.710938 0.866406 0.059375 0.067187
35 0.798438 0.866406 0.078125 0.067187
