27 0.099219 0.097656 0.073438 0.070312
9 0.175000 0.094531 0.056250 0.064062
14 0.252344 0.095312 0.064062 0.065625
37 0.326562 0.093750 0.062500 0.062500
32 0.396094 0.093750 0.057813 0.062500
15 0.475781 0.101562 0.060937 0.078125
25 0.546875 0.094531 0.062500 0.064062
7 0.093750 0.204687 0.062500 0.062500
16 0.169531 0.205469 0.057813 0.064062
18 0.242969 0.207031 0.067187 0.067187
29 0.315625 0.208594 0.050000 0.070312
29 0.085938 0.311719 0.046875 0.070312
31 0.155469 0.307812 0.064062 0.062500
13 0.230469 0.310156 0.067187 0.067187
16 0.307031 0.308594 0.060937 0.064062
20 0.377344 0.312500 0.060937 0.071875
36 0.459375 0.308594 0.068750 0.064062
3 0.091406 0.423438 0.057813 0.065625
20 0.163281 0.426563 0.060937 0.071875
19 0.244531 0.426563 0.064062 0.071875
34 0.321094 0.426563 0.067187 0.071875
4 0.398438 0.423438 0.059375 0.065625
35 0.481250 0.424219 0.078125 0.067187
3 0.558594 0.423438 0.057813 0.065625
35 0.100000 0.538281 0.075000 0.064062
32 0.177344 0.539062 0.060937 0.065625
25 0.259375 0.538281 0.062500 0.064062
36 0.343750 0.539844 0.071875 0.067187
28 0.432031 0.544531 0.073438 0.076563
11 0.518750 0.539062 0.059375 0.065625
