27 0.099219 0.097656 0.073438 0.070312
33 0.185938 0.095312 0.062500 0.065625
17 0.256250 0.096094 0.062500 0.067187
28 0.344531 0.100781 0.073438 0.076563
35 0.100000 0.213281 0.075000 0.064062
13 0.189844 0.213281 0.064062 0.064062
27 0.269531 0.214844 0.070312 0.067187
11 0.343750 0.214062 0.059375 0.065625
22 0.423438 0.212500 0.068750 0.062500
5 0.096875 0.313281 0.068750 0.064062
23 0.179688 0.314063 0.065625 0.065625
30 0.257031 0.312500 0.057813 0.062500
19 0.327344 0.317188 0.060937 0.071875
5 0.412500 0.313281 0.068750 0.064062
4 0.093750 0.429688 0.062500 0.068750
9 0.171875 0.427344 0.059375 0.064062
2 0.253125 0.428906 0.062500 0.067187
7 0.328125 0.426563 0.062500 0.062500
24 0.414062 0.426563 0.068750 0.062500
4 0.093750 0.534375 0.062500 0.068750
20 0.169531 0.535937 0.060937 0.071875
36 0.246875 0.532031 0.068750 0.064062
4 0.325000 0.532813 0.059375 0.065625
6 0.096875 0.635938 0.068750 0.062500
6 0.175000 0.637500 0.068750 0.065625
24 0.257812 0.635938 0.068750 0.062500
6 0.339062 0.637500 0.071875 0.065625
1 0.431250 0.639844 0.071875 0.070312
36 0.551562 0.094531 0.068750 0.064062
6 0.639062 0.095312 0.071875 0.065625
10 0.713281 0.096875 0.060937 0.068750
3 0.780469 0.095312 0.057813 0.065625
5 0.854688 0.096094 0.071875 0.067187
8 0.540625 0.203125 0.046875 0.062500
22 0.614062 0.204687 0.071875 0.065625
5 0.695312 0.203906 0.068750 0.064062
14 0.782031 0.204687 0.064062 0.065625
24 0.856250 0.203125 0.068750 0.062500
15 0.547656 0.314063 0.060937 0.078125
5 0.626563 0.307031 0.068750 0.064062
13 0.713281 0.307031 0.064062 0.064062
0 0.791406 0.309375 0.060937 0.068750
11 0.548438 0.426563 0.062500 0.065625
19 0.627344 0.429688 0.064062 0.071875
16 0.697656 0.425781 0.060937 0.064062
3 0.774219 0.428125 0.060937 0.068750
34 0.850781 0.429688 0.067187 0.071875
31 0.549219 0.534375 0.064062 0.062500
5 0.632812 0.536719 0.071875 0.067187
35 0.721875 0.535156 0.075000 0.064062
37 0.800000 0.534375 0.059375 0.062500
26 0.883594 0.535937 0.073438 0.065625
