12 0.096094 0.094531 0.067187 0.064062
4 0.173437 0.096875 0.062500 0.068750
6 0.254688 0.093750 0.068750 0.062500
16 0.336719 0.094531 0.057813 0.064062
23 0.412500 0.093750 0.062500 0.062500
5 0.098437 0.197656 0.071875 0.067187
5 0.189062 0.197656 0.071875 0.067187
28 0.274219 0.202344 0.073438 0.076563
19 0.352344 0.200000 0.060937 0.071875
29 0.421875 0.199219 0.050000 0.070312
36 0.096875 0.308594 0.068750 0.064062
2 0.170313 0.308594 0.059375 0.064062
3 0.241406 0.310937 0.060937 0.068750
31 0.322656 0.307812 0.064062 0.062500
17 0.092188 0.421094 0.059375 0.064062
34 0.172656 0.425000 0.067187 0.071875
19 0.247656 0.425000 0.060937 0.071875
16 0.321094 0.421094 0.057813 0.064062
12 0.096094 0.533594 0.067187 0.064062
18 0.174219 0.535156 0.067187 0.067187
18 0.255469 0.535156 0.067187 0.067187
35 0.339062 0.535156 0.075000 0.067187
7 0.426563 0.534375 0.065625 0.065625
23 0.093750 0.640625 0.062500 0.062500
2 0.167187 0.641406 0.059375 0.064062
29 0.231250 0.644531 0.050000 0.070312
20 0.300781 0.646875 0.064062 0.075000
26 0.383594 0.640625 0.070312 0.062500
14 0.094531 0.750000 0.064062 0.065625
13 0.175781 0.750781 0.067187 0.067187
13 0.252344 0.749219 0.064062 0.064062
11 0.334375 0.750000 0.062500 0.065625
13 0.405469 0.749219 0.064062 0.064062
15 0.091406 0.864062 0.057813 0.075000
0 0.166406 0.859375 0.057813 0.065625
12 0.247656 0.858594 0.067187 0.064062
6 0.329688 0.857812 0.068750 0.062500
37 0.409375 0.857812 0.062500 0.062500
23 0.550000 0.095312 0.065625 0.065625
34 0.633594 0.098437 0.067187 0.071875
21 0.709375 0.096094 0.068750 0.067187
34 0.794531 0.096875 0.064062 0.068750
7 0.865625 0.093750 0.062500 0.062500
26 0.552344 0.200000 0.070312 0.065625
14 0.625781 0.198437 0.060937 0.062500
8 0.693750 0.198437 0.046875 0.062500
6 0.762500 0.200000 0.071875 0.065625
21 0.839063 0.199219 0.065625 0.064062
3 0.547656 0.303125 0.060937 0.068750
11 0.618750 0.301563 0.062500 0.065625
34 0.694531 0.304688 0.067187 0.071875
1 0.778125 0.302344 0.068750 0.067187
27 0.860156 0.302344 0.070312 0.067187
22 0.553125 0.409375 0.071875 0.065625
5 0.642188 0.408594 0.068750 0.064062
11 0.725000 0.409375 0.059375 0.065625
1 0.807813 0.410156 0.068750 0.067187
19 0.891406 0.412500 0.060937 0.071875
36 0.551562 0.522656 0.068750 0.064062
31 0.639844 0.523438 0.067187 0.065625
11 0.712500 0.523438 0.059375 0.065625
31 0.782031 0.521875 0.064062 0.062500
33 0.548438 0.629687 0.062500 0.065625
31 0.625781 0.629687 0.064062 0.065625
17 0.703125 0.630469 0.062500 0.067187
37 0.775000 0.629687 0.062500 0.065625
27 0.861719 0.632031 0.070312 0.070312
22 0.553125 0.737500 0.071875 0.065625
10 0.632031 0.739062 0.060937 0.068750
15 0.708594 0.742188 0.057813 0.075000
20 0.786719 0.740625 0.060937 0.071875
26 0.867969 0.737500 0.073438 0.065625
