7 0.093750 0.093750 0.062500 0.062500
17 0.171875 0.094531 0.059375 0.064062
11 0.239063 0.095312 0.059375 0.065625
11 0.314063 0.096875 0.062500 0.068750
15 0.383594 0.100000 0.057813 0.075000
17 0.093750 0.211719 0.062500 0.067187
34 0.169531 0.212500 0.064062 0.068750
11 0.246875 0.210938 0.059375 0.065625
36 0.321875 0.211719 0.071875 0.067187
14 0.403906 0.209375 0.060937 0.062500
10 0.475781 0.214062 0.064062 0.071875
2 0.093750 0.319531 0.062500 0.064062
29 0.162500 0.322656 0.050000 0.070312
10 0.230469 0.323437 0.064062 0.071875
22 0.312500 0.318750 0.068750 0.062500
31 0.094531 0.428125 0.064062 0.062500
29 0.159375 0.432031 0.046875 0.070312
31 0.225781 0.429688 0.067187 0.065625
14 0.308594 0.429688 0.064062 0.065625
31 0.094531 0.532813 0.064062 0.062500
18 0.174219 0.535156 0.067187 0.067187
29 0.251563 0.536719 0.046875 0.070312
17 0.314063 0.533594 0.062500 0.064062
0 0.091406 0.640625 0.057813 0.065625
11 0.160938 0.642188 0.062500 0.068750
13 0.242969 0.639844 0.064062 0.064062
21 0.325000 0.639844 0.065625 0.064062
4 0.403125 0.640625 0.059375 0.065625
32 0.472656 0.639062 0.057813 0.062500
10 0.092969 0.751563 0.060937 0.068750
11 0.162500 0.750000 0.059375 0.065625
25 0.240625 0.749219 0.062500 0.064062
24 0.320312 0.748437 0.068750 0.062500
17 0.396875 0.750781 0.062500 0.067187
9 0.471875 0.749219 0.056250 0.064062
36 0.096875 0.850781 0.068750 0.064062
32 0.172656 0.850000 0.057813 0.062500
5 0.253125 0.852344 0.068750 0.067187
27 0.336719 0.853906 0.070312 0.070312
3 0.413281 0.851562 0.057813 0.065625
