10 0.094531 0.098437 0.064062 0.071875
22 0.170313 0.093750 0.068750 0.062500
25 0.251563 0.094531 0.062500 0.064062
4 0.328125 0.096875 0.062500 0.068750
24 0.407813 0.095312 0.071875 0.065625
10 0.094531 0.214062 0.064062 0.071875
34 0.166406 0.212500 0.064062 0.068750
16 0.241406 0.210156 0.057813 0.064062
6 0.315625 0.209375 0.068750 0.062500
4 0.400000 0.210938 0.059375 0.065625
14 0.092969 0.321875 0.060937 0.062500
18 0.167969 0.322656 0.064062 0.064062
28 0.246094 0.328906 0.073438 0.076563
5 0.331250 0.322656 0.068750 0.064062
2 0.093750 0.438281 0.062500 0.067187
32 0.175781 0.437500 0.060937 0.065625
22 0.257812 0.435937 0.068750 0.062500
3 0.339844 0.437500 0.057813 0.065625
13 0.094531 0.538281 0.064062 0.064062
14 0.177344 0.537500 0.060937 0.062500
2 0.251563 0.538281 0.059375 0.064062
14 0.328906 0.537500 0.060937 0.062500
27 0.410156 0.539844 0.070312 0.067187
31 0.094531 0.637500 0.064062 0.062500
3 0.175781 0.639062 0.057813 0.065625
3 0.247656 0.639062 0.057813 0.065625
2 0.323437 0.638281 0.062500 0.064062
20 0.094531 0.743750 0.064062 0.075000
15 0.172656 0.743750 0.060937 0.075000
13 0.244531 0.738281 0.064062 0.064062
30 0.327344 0.737500 0.060937 0.062500
37 0.395313 0.737500 0.059375 0.062500
0 0.092969 0.851562 0.060937 0.068750
5 0.178125 0.849219 0.068750 0.064062
15 0.257031 0.854688 0.060937 0.075000
20 0.335156 0.853125 0.064062 0.071875
