23 0.093750 0.093750 0.062500 0.062500
37 0.162500 0.093750 0.059375 0.062500
30 0.232031 0.093750 0.057813 0.062500
22 0.303125 0.093750 0.068750 0.062500
12 0.392969 0.096094 0.070312 0.067187
19 0.094531 0.209375 0.064062 0.075000
27 0.174219 0.205469 0.070312 0.067187
33 0.253125 0.204687 0.062500 0.065625
19 0.332031 0.209375 0.064062 0.075000
37 0.092188 0.318750 0.059375 0.062500
22 0.176563 0.318750 0.068750 0.062500
17 0.253125 0.319531 0.062500 0.064062
24 0.335938 0.318750 0.068750 0.062500
15 0.421094 0.325000 0.060937 0.075000
3 0.092969 0.432812 0.060937 0.065625
36 0.165625 0.432031 0.068750 0.064062
35 0.254688 0.432031 0.075000 0.064062
22 0.342187 0.431250 0.068750 0.062500
19 0.425781 0.437500 0.064062 0.075000
4 0.092188 0.543750 0.059375 0.065625
34 0.163281 0.545312 0.064062 0.068750
2 0.240625 0.542969 0.059375 0.064062
18 0.321094 0.544531 0.067187 0.067187
1 0.404687 0.546094 0.071875 0.070312
3 0.091406 0.654687 0.057813 0.065625
0 0.161719 0.654687 0.057813 0.065625
27 0.236719 0.657031 0.073438 0.070312
29 0.307812 0.657031 0.046875 0.070312
31 0.380469 0.653125 0.064062 0.062500
0 0.092969 0.770312 0.060937 0.068750
30 0.171094 0.767188 0.057813 0.062500
31 0.247656 0.767188 0.064062 0.062500
0 0.321094 0.768750 0.057813 0.065625
3 0.389844 0.770312 0.060937 0.068750
15 0.547656 0.100000 0.060937 0.075000
35 0.634375 0.094531 0.075000 0.064062
30 0.710156 0.093750 0.057813 0.062500
7 0.782813 0.093750 0.062500 0.062500
2 0.864062 0.094531 0.059375 0.064062
20 0.547656 0.214062 0.060937 0.071875
29 0.617188 0.213281 0.050000 0.070312
6 0.695312 0.209375 0.068750 0.062500
6 0.771875 0.209375 0.068750 0.062500
9 0.843750 0.210156 0.056250 0.064062
8 0.542188 0.315625 0.050000 0.062500
5 0.610938 0.317969 0.071875 0.067187
14 0.688281 0.317188 0.064062 0.065625
24 0.775000 0.315625 0.068750 0.062500
12 0.861719 0.316406 0.067187 0.064062
29 0.540625 0.430469 0.046875 0.070312
33 0.610938 0.429688 0.065625 0.068750
27 0.694531 0.428906 0.070312 0.067187
25 0.771875 0.428906 0.065625 0.067187
1 0.853125 0.430469 0.071875 0.070312
6 0.553125 0.542188 0.071875 0.065625
18 0.639844 0.542969 0.067187 0.067187
18 0.714844 0.541406 0.064062 0.064062
7 0.787500 0.540625 0.062500 0.062500
25 0.870313 0.541406 0.062500 0.064062
19 0.547656 0.653125 0.060937 0.071875
28 0.624219 0.653906 0.070312 0.073438
2 0.698438 0.649219 0.059375 0.064062
25 0.767188 0.649219 0.062500 0.064062
13 0.844531 0.650781 0.067187 0.067187
8 0.540625 0.754687 0.046875 0.062500
7 0.612500 0.756250 0.065625 0.065625
9 0.689063 0.755469 0.056250 0.064062
35 0.764062 0.757031 0.078125 0.067187
37 0.846875 0.754687 0.059375 0.062500
