16 0.091406 0.094531 0.057813 0.064062
29 0.154688 0.097656 0.050000 0.070312
16 0.227344 0.094531 0.057813 0.064062
34 0.305469 0.098437 0.067187 0.071875
37 0.092188 0.201563 0.059375 0.062500
32 0.164844 0.201563 0.057813 0.062500
3 0.239844 0.203125 0.057813 0.065625
19 0.319531 0.206250 0.060937 0.071875
13 0.094531 0.317969 0.064062 0.064062
9 0.175000 0.317969 0.056250 0.064062
17 0.251563 0.317969 0.059375 0.064062
13 0.335156 0.319531 0.067187 0.067187
22 0.412500 0.318750 0.071875 0.065625
29 0.085938 0.428906 0.046875 0.070312
35 0.156250 0.427344 0.078125 0.067187
14 0.239844 0.426563 0.064062 0.065625
15 0.311719 0.432812 0.060937 0.078125
14 0.382031 0.425000 0.060937 0.062500
1 0.096875 0.544531 0.068750 0.067187
7 0.179688 0.542188 0.062500 0.062500
10 0.261719 0.545312 0.060937 0.068750
25 0.339062 0.544531 0.065625 0.067187
6 0.096875 0.646875 0.068750 0.062500
26 0.177344 0.646875 0.070312 0.062500
25 0.251563 0.647656 0.062500 0.064062
35 0.334375 0.647656 0.075000 0.064062
9 0.412500 0.647656 0.056250 0.064062
27 0.099219 0.750781 0.073438 0.070312
32 0.177344 0.748437 0.060937 0.065625
5 0.257812 0.749219 0.071875 0.067187
14 0.333594 0.746875 0.060937 0.062500
28 0.408594 0.752344 0.070312 0.073438
6 0.096875 0.864062 0.068750 0.062500
20 0.180469 0.870313 0.064062 0.075000
5 0.256250 0.864844 0.068750 0.064062
1 0.345313 0.867969 0.071875 0.070312
15 0.546094 0.100000 0.057813 0.075000
3 0.614844 0.096875 0.060937 0.068750
26 0.700781 0.093750 0.070312 0.062500
28 0.788281 0.099219 0.070312 0.073438
8 0.860938 0.095312 0.050000 0.065625
32 0.546094 0.206250 0.057813 0.062500
15 0.624219 0.212500 0.057813 0.075000
8 0.695312 0.206250 0.046875 0.062500
34 0.771094 0.210938 0.067187 0.071875
0 0.547656 0.321875 0.060937 0.068750
7 0.629687 0.318750 0.062500 0.062500
18 0.711719 0.319531 0.064062 0.064062
35 0.798438 0.321094 0.078125 0.067187
26 0.889844 0.320312 0.073438 0.065625
10 0.547656 0.431250 0.060937 0.068750
6 0.620313 0.428125 0.068750 0.062500
34 0.707031 0.431250 0.064062 0.068750
16 0.789844 0.430469 0.060937 0.067187
15 0.863281 0.434375 0.057813 0.075000
35 0.556250 0.549219 0.078125 0.067187
11 0.635938 0.548438 0.059375 0.065625
23 0.715625 0.546875 0.062500 0.062500
31 0.796094 0.546875 0.064062 0.062500
11 0.868750 0.548438 0.059375 0.065625
3 0.546094 0.659375 0.057813 0.065625
2 0.614062 0.658594 0.059375 0.064062
15 0.688281 0.664062 0.057813 0.075000
22 0.765625 0.659375 0.071875 0.065625
33 0.550000 0.775000 0.065625 0.068750
16 0.619531 0.772656 0.057813 0.064062
21 0.700000 0.772656 0.065625 0.064062
15 0.783594 0.779687 0.060937 0.078125
35 0.871875 0.772656 0.075000 0.064062
27 0.552344 0.896094 0.070312 0.067187
1 0.634375 0.897656 0.071875 0.070312
17 0.715625 0.896094 0.062500 0.067187
33 0.796875 0.895312 0.062500 0.065625
27 0.883594 0.897656 0.073438 0.070312
