2 0.092188 0.094531 0.059375 0.064062
11 0.164062 0.096875 0.062500 0.068750
22 0.243750 0.093750 0.068750 0.062500
14 0.316406 0.093750 0.060937 0.062500
16 0.392969 0.096094 0.060937 0.067187
31 0.096094 0.207813 0.067187 0.065625
8 0.165625 0.206250 0.050000 0.062500
28 0.236719 0.213281 0.073438 0.076563
12 0.321094 0.208594 0.070312 0.067187
3 0.402344 0.209375 0.060937 0.068750
22 0.098437 0.321875 0.071875 0.065625
25 0.173437 0.321094 0.062500 0.064062
17 0.248438 0.321094 0.059375 0.064062
25 0.325000 0.322656 0.065625 0.067187
9 0.404687 0.321094 0.056250 0.064062
34 0.094531 0.431250 0.064062 0.068750
1 0.173437 0.430469 0.068750 0.067187
7 0.256250 0.428125 0.062500 0.062500
25 0.332813 0.428906 0.062500 0.064062
4 0.406250 0.429688 0.059375 0.065625
27 0.099219 0.541406 0.073438 0.070312
30 0.175781 0.537500 0.057813 0.062500
1 0.260937 0.541406 0.071875 0.070312
34 0.342969 0.540625 0.064062 0.068750
34 0.428906 0.542188 0.067187 0.071875
34 0.094531 0.656250 0.064062 0.068750
34 0.175781 0.657813 0.067187 0.071875
16 0.250781 0.653906 0.057813 0.064062
36 0.328125 0.653906 0.068750 0.064062
18 0.405469 0.653906 0.064062 0.064062
21 0.550000 0.094531 0.065625 0.064062
9 0.632812 0.096094 0.059375 0.067187
28 0.707031 0.099219 0.070312 0.073438
6 0.795312 0.093750 0.068750 0.062500
28 0.552344 0.205469 0.070312 0.073438
20 0.635156 0.204687 0.064062 0.071875
28 0.717969 0.205469 0.070312 0.073438
1 0.803125 0.203906 0.071875 0.070312
7 0.548438 0.307812 0.062500 0.062500
5 0.626563 0.310156 0.071875 0.067187
12 0.711719 0.310156 0.070312 0.067187
2 0.792188 0.308594 0.059375 0.064062
18 0.866406 0.308594 0.064062 0.064062
14 0.547656 0.410938 0.060937 0.062500
1 0.628125 0.413281 0.068750 0.067187
4 0.700000 0.412500 0.059375 0.065625
35 0.782813 0.413281 0.078125 0.067187
18 0.550781 0.524219 0.067187 0.067187
7 0.629687 0.523438 0.065625 0.065625
31 0.714844 0.523438 0.067187 0.065625
6 0.793750 0.523438 0.071875 0.065625
20 0.871094 0.526563 0.060937 0.071875
8 0.542188 0.626563 0.050000 0.062500
12 0.617969 0.628906 0.067187 0.067187
28 0.699219 0.633594 0.073438 0.076563
3 0.783594 0.629687 0.060937 0.068750
11 0.854688 0.628125 0.059375 0.065625
33 0.548438 0.743750 0.062500 0.065625
3 0.622656 0.745313 0.060937 0.068750
21 0.695312 0.742969 0.065625 0.064062
34 0.778906 0.745313 0.064062 0.068750
18 0.863281 0.744531 0.067187 0.067187
33 0.548438 0.848437 0.062500 0.065625
4 0.623437 0.848437 0.059375 0.065625
20 0.697656 0.851562 0.060937 0.071875
32 0.777344 0.848437 0.060937 0.065625
3 0.847656 0.848437 0.057813 0.065625
