19 0.094531 0.100000 0.064062 0.075000
37 0.170313 0.093750 0.059375 0.062500
4 0.251563 0.095312 0.062500 0.065625
8 0.315625 0.095312 0.050000 0.065625
18 0.391406 0.094531 0.064062 0.064062
14 0.092969 0.209375 0.060937 0.062500
8 0.160938 0.209375 0.046875 0.062500
21 0.239063 0.211719 0.068750 0.067187
37 0.320312 0.209375 0.059375 0.062500
4 0.390625 0.210938 0.062500 0.065625
20 0.092969 0.321875 0.060937 0.071875
29 0.167187 0.321094 0.046875 0.070312
11 0.242188 0.320312 0.062500 0.068750
30 0.314844 0.317188 0.057813 0.062500
16 0.092969 0.424219 0.060937 0.067187
14 0.161719 0.421875 0.060937 0.062500
15 0.235156 0.428125 0.057813 0.075000
7 0.312500 0.421875 0.062500 0.062500
3 0.385156 0.425000 0.060937 0.068750
16 0.092969 0.541406 0.060937 0.067187
37 0.173437 0.540625 0.062500 0.065625
32 0.252344 0.539062 0.057813 0.062500
14 0.327344 0.539062 0.060937 0.062500
22 0.406250 0.539062 0.068750 0.062500
19 0.094531 0.651563 0.064062 0.075000
34 0.172656 0.650000 0.067187 0.071875
32 0.246094 0.645312 0.057813 0.062500
11 0.317188 0.646875 0.059375 0.065625
23 0.395313 0.645312 0.062500 0.062500
17 0.546875 0.094531 0.059375 0.064062
29 0.612500 0.097656 0.050000 0.070312
9 0.682813 0.094531 0.056250 0.064062
22 0.764062 0.095312 0.071875 0.065625
6 0.845313 0.095312 0.071875 0.065625
13 0.549219 0.208594 0.064062 0.064062
33 0.628125 0.209375 0.062500 0.065625
29 0.701562 0.211719 0.050000 0.070312
31 0.774219 0.209375 0.067187 0.065625
26 0.853906 0.207813 0.070312 0.062500
36 0.553125 0.319531 0.071875 0.067187
25 0.634375 0.319531 0.065625 0.067187
4 0.709375 0.318750 0.059375 0.065625
28 0.786719 0.322656 0.070312 0.073438
6 0.868750 0.317188 0.068750 0.062500
14 0.549219 0.425000 0.064062 0.065625
34 0.622656 0.426563 0.064062 0.068750
28 0.703906 0.430469 0.073438 0.076563
5 0.792188 0.425781 0.071875 0.067187
6 0.879687 0.423438 0.068750 0.062500
25 0.548438 0.533594 0.062500 0.064062
17 0.626563 0.533594 0.059375 0.064062
4 0.693750 0.534375 0.059375 0.065625
33 0.762500 0.534375 0.062500 0.065625
7 0.843750 0.534375 0.065625 0.065625
