27 0.097656 0.096094 0.070312 0.067187
24 0.185938 0.093750 0.068750 0.062500
26 0.275781 0.095312 0.073438 0.065625
23 0.364063 0.095312 0.065625 0.065625
10 0.442969 0.096875 0.064062 0.068750
20 0.092969 0.210938 0.060937 0.071875
3 0.166406 0.207813 0.057813 0.065625
19 0.235156 0.212500 0.064062 0.075000
6 0.314063 0.207813 0.071875 0.065625
1 0.393750 0.208594 0.068750 0.067187
7 0.093750 0.320312 0.062500 0.062500
34 0.175781 0.325000 0.067187 0.071875
22 0.264062 0.320312 0.068750 0.062500
12 0.353906 0.322656 0.070312 0.067187
30 0.430469 0.320312 0.057813 0.062500
16 0.092969 0.438281 0.060937 0.067187
7 0.173437 0.435937 0.062500 0.062500
31 0.249219 0.435937 0.064062 0.062500
33 0.323437 0.439063 0.065625 0.068750
16 0.091406 0.538281 0.057813 0.064062
32 0.158594 0.539062 0.060937 0.065625
20 0.241406 0.542188 0.064062 0.071875
17 0.314063 0.539844 0.062500 0.067187
9 0.545312 0.094531 0.056250 0.064062
8 0.615625 0.093750 0.046875 0.062500
32 0.675781 0.093750 0.057813 0.062500
33 0.753125 0.095312 0.062500 0.065625
22 0.553125 0.198437 0.071875 0.065625
37 0.628125 0.196875 0.059375 0.062500
3 0.696094 0.198437 0.057813 0.065625
27 0.778906 0.200781 0.073438 0.070312
4 0.860938 0.198437 0.062500 0.065625
4 0.548438 0.303125 0.062500 0.068750
0 0.627344 0.303125 0.060937 0.068750
30 0.699219 0.301563 0.060937 0.065625
11 0.775000 0.301563 0.059375 0.065625
14 0.852344 0.301563 0.064062 0.065625
19 0.547656 0.415625 0.060937 0.071875
26 0.627344 0.410938 0.070312 0.062500
13 0.710156 0.411719 0.064062 0.064062
37 0.787500 0.412500 0.062500 0.065625
6 0.862500 0.412500 0.068750 0.065625
12 0.550781 0.522656 0.067187 0.064062
21 0.637500 0.522656 0.065625 0.064062
30 0.713281 0.521875 0.057813 0.062500
12 0.792969 0.522656 0.067187 0.064062
27 0.883594 0.525781 0.073438 0.070312
