9 0.090625 0.094531 0.056250 0.064062
36 0.164062 0.094531 0.068750 0.064062
12 0.252344 0.094531 0.067187 0.064062
23 0.328125 0.093750 0.062500 0.062500
31 0.400781 0.093750 0.064062 0.062500
33 0.485938 0.096875 0.065625 0.068750
37 0.567187 0.093750 0.059375 0.062500
17 0.092188 0.207031 0.059375 0.064062
37 0.170313 0.206250 0.059375 0.062500
12 0.244531 0.207031 0.067187 0.064062
3 0.324219 0.209375 0.060937 0.068750
5 0.409375 0.207031 0.068750 0.064062
29 0.087500 0.313281 0.050000 0.070312
12 0.163281 0.310156 0.067187 0.064062
34 0.239844 0.314063 0.067187 0.071875
32 0.316406 0.309375 0.057813 0.062500
4 0.392188 0.310937 0.059375 0.065625
3 0.092969 0.423438 0.060937 0.068750
18 0.171094 0.421094 0.064062 0.064062
28 0.249219 0.425781 0.070312 0.073438
11 0.323437 0.423438 0.062500 0.068750
34 0.094531 0.531250 0.064062 0.068750
23 0.176563 0.529687 0.065625 0.065625
18 0.253906 0.530469 0.067187 0.067187
2 0.337500 0.530469 0.062500 0.067187
1 0.420312 0.532031 0.071875 0.070312
31 0.497656 0.529687 0.067187 0.065625
6 0.581250 0.529687 0.071875 0.065625
26 0.099219 0.632812 0.073438 0.065625
28 0.188281 0.636719 0.070312 0.073438
18 0.269531 0.632031 0.064062 0.064062
27 0.344531 0.633594 0.070312 0.067187
23 0.426563 0.632812 0.065625 0.065625
4 0.498437 0.632812 0.059375 0.065625
11 0.579688 0.634375 0.062500 0.068750
33 0.095312 0.746875 0.065625 0.068750
37 0.170313 0.743750 0.059375 0.062500
29 0.242188 0.747656 0.050000 0.070312
13 0.310156 0.746094 0.067187 0.067187
19 0.389844 0.748437 0.060937 0.071875
14 0.467969 0.745313 0.064062 0.065625
36 0.551562 0.744531 0.068750 0.064062
21 0.096875 0.857031 0.068750 0.067187
0 0.169531 0.856250 0.057813 0.065625
8 0.229687 0.854688 0.046875 0.062500
37 0.296875 0.856250 0.062500 0.065625
11 0.370312 0.856250 0.059375 0.065625
