17 0.092188 0.094531 0.059375 0.064062
25 0.171875 0.096094 0.065625 0.067187
11 0.253125 0.096875 0.062500 0.068750
23 0.326562 0.095312 0.065625 0.065625
21 0.401562 0.094531 0.065625 0.064062
7 0.093750 0.206250 0.062500 0.062500
6 0.181250 0.207813 0.071875 0.065625
5 0.271875 0.207031 0.068750 0.064062
10 0.357031 0.210938 0.064062 0.071875
26 0.442969 0.207813 0.073438 0.065625
1 0.096875 0.321094 0.068750 0.067187
29 0.175000 0.322656 0.050000 0.070312
37 0.246875 0.318750 0.059375 0.062500
37 0.320312 0.320312 0.062500 0.065625
17 0.093750 0.424219 0.062500 0.067187
15 0.167969 0.428125 0.057813 0.075000
3 0.246094 0.423438 0.057813 0.065625
9 0.320312 0.422656 0.059375 0.064062
11 0.396875 0.425000 0.062500 0.068750
15 0.092969 0.545312 0.060937 0.075000
20 0.172656 0.545312 0.064062 0.075000
10 0.244531 0.542188 0.064062 0.068750
4 0.325000 0.540625 0.059375 0.065625
16 0.092969 0.655469 0.060937 0.067187
5 0.170313 0.655469 0.068750 0.067187
29 0.250000 0.657031 0.050000 0.070312
29 0.318750 0.657031 0.046875 0.070312
17 0.390625 0.653906 0.059375 0.064062
13 0.094531 0.758594 0.064062 0.064062
22 0.173437 0.757812 0.068750 0.062500
6 0.251563 0.759375 0.071875 0.065625
29 0.323437 0.761719 0.046875 0.070312
35 0.404687 0.760156 0.078125 0.067187
19 0.094531 0.867188 0.064062 0.071875
22 0.179688 0.862500 0.068750 0.062500
16 0.261719 0.864844 0.060937 0.067187
11 0.343750 0.865625 0.062500 0.068750
10 0.416406 0.865625 0.060937 0.068750
20 0.547656 0.098437 0.060937 0.071875
27 0.630469 0.096094 0.070312 0.067187
7 0.709375 0.093750 0.062500 0.062500
9 0.790625 0.094531 0.059375 0.064062
3 0.861719 0.095312 0.057813 0.065625
11 0.546875 0.204687 0.059375 0.065625
15 0.622656 0.209375 0.057813 0.075000
16 0.689844 0.203906 0.057813 0.064062
33 0.759375 0.204687 0.062500 0.065625
21 0.831250 0.203906 0.065625 0.064062
20 0.549219 0.325000 0.064062 0.075000
3 0.627344 0.320312 0.057813 0.065625
2 0.698438 0.319531 0.059375 0.064062
31 0.774219 0.320312 0.067187 0.065625
30 0.847656 0.318750 0.060937 0.062500
30 0.546094 0.435937 0.057813 0.062500
14 0.617969 0.435937 0.060937 0.062500
35 0.698438 0.438281 0.078125 0.067187
9 0.776563 0.436719 0.059375 0.064062
17 0.857812 0.436719 0.062500 0.064062
10 0.547656 0.539062 0.060937 0.068750
11 0.626563 0.537500 0.059375 0.065625
36 0.698438 0.536719 0.068750 0.064062
22 0.775000 0.535937 0.068750 0.062500
25 0.548438 0.639844 0.062500 0.064062
10 0.621094 0.642188 0.060937 0.068750
35 0.703125 0.639844 0.075000 0.064062
19 0.789844 0.645312 0.064062 0.075000
11 0.546875 0.756250 0.059375 0.065625
14 0.617969 0.754687 0.060937 0.062500
16 0.688281 0.757031 0.060937 0.067187
22 0.762500 0.754687 0.068750 0.062500
37 0.843750 0.754687 0.059375 0.062500
