12 0.096094 0.094531 0.067187 0.064062
16 0.171094 0.094531 0.057813 0.064062
5 0.250000 0.094531 0.068750 0.064062
23 0.326562 0.093750 0.062500 0.062500
2 0.400000 0.096094 0.062500 0.067187
36 0.096875 0.196094 0.068750 0.064062
37 0.175000 0.195312 0.059375 0.062500
36 0.256250 0.196094 0.068750 0.064062
19 0.336719 0.200000 0.060937 0.071875
10 0.417969 0.198437 0.060937 0.068750
4 0.092188 0.309375 0.059375 0.065625
26 0.172656 0.309375 0.073438 0.065625
8 0.248438 0.307812 0.046875 0.062500
27 0.314844 0.310156 0.070312 0.067187
33 0.393750 0.310937 0.065625 0.068750
7 0.093750 0.418750 0.062500 0.062500
25 0.170313 0.421094 0.065625 0.067187
3 0.239844 0.420312 0.057813 0.065625
36 0.321875 0.419531 0.068750 0.064062
31 0.403906 0.420312 0.067187 0.065625
36 0.096875 0.528906 0.068750 0.064062
34 0.174219 0.532813 0.067187 0.071875
31 0.255469 0.528125 0.064062 0.062500
12 0.336719 0.528906 0.067187 0.064062
11 0.417187 0.531250 0.062500 0.068750
8 0.085938 0.643750 0.046875 0.062500
24 0.156250 0.643750 0.068750 0.062500
6 0.246875 0.645312 0.071875 0.065625
24 0.334375 0.643750 0.068750 0.062500
11 0.409375 0.645312 0.062500 0.065625
31 0.549219 0.093750 0.064062 0.062500
22 0.625000 0.095312 0.068750 0.065625
4 0.704688 0.095312 0.059375 0.065625
24 0.779687 0.093750 0.068750 0.062500
22 0.864062 0.093750 0.068750 0.062500
9 0.546875 0.197656 0.059375 0.067187
7 0.621875 0.196875 0.065625 0.065625
15 0.697656 0.201563 0.057813 0.075000
18 0.766406 0.196094 0.064062 0.064062
5 0.854688 0.197656 0.071875 0.067187
6 0.551562 0.304688 0.068750 0.062500
17 0.631250 0.307031 0.062500 0.067187
34 0.708594 0.309375 0.067187 0.071875
33 0.787500 0.306250 0.062500 0.065625
16 0.546094 0.411719 0.057813 0.064062
19 0.617969 0.415625 0.060937 0.071875
6 0.692187 0.410938 0.068750 0.062500
28 0.771094 0.417969 0.073438 0.076563
15 0.546094 0.535937 0.057813 0.075000
25 0.626563 0.530469 0.062500 0.064062
14 0.697656 0.531250 0.064062 0.065625
0 0.774219 0.531250 0.057813 0.065625
