16 0.091406 0.094531 0.057813 0.064062
2 0.171875 0.096094 0.062500 0.067187
13 0.253906 0.096094 0.067187 0.067187
10 0.336719 0.098437 0.064062 0.071875
7 0.415625 0.093750 0.062500 0.062500
1 0.096875 0.202344 0.068750 0.067187
37 0.170313 0.201563 0.062500 0.065625
23 0.240625 0.200000 0.062500 0.062500
4 0.310937 0.203125 0.062500 0.068750
10 0.382031 0.203125 0.060937 0.068750
16 0.091406 0.302344 0.057813 0.064062
26 0.171094 0.301563 0.070312 0.062500
4 0.248438 0.303125 0.059375 0.065625
4 0.321875 0.303125 0.059375 0.065625
29 0.087500 0.405469 0.050000 0.070312
29 0.145313 0.405469 0.050000 0.070312
32 0.219531 0.401562 0.057813 0.062500
7 0.298438 0.401562 0.062500 0.062500
31 0.378906 0.403125 0.067187 0.065625
16 0.091406 0.508594 0.057813 0.064062
10 0.164844 0.512500 0.064062 0.071875
14 0.239844 0.509375 0.064062 0.065625
9 0.309375 0.510156 0.059375 0.067187
1 0.392188 0.511719 0.071875 0.070312
6 0.096875 0.617188 0.068750 0.062500
22 0.182812 0.618750 0.071875 0.065625
2 0.265625 0.619531 0.062500 0.067187
24 0.345313 0.617188 0.068750 0.062500
14 0.417969 0.617188 0.060937 0.062500
4 0.093750 0.721875 0.062500 0.068750
27 0.177344 0.722656 0.073438 0.070312
5 0.260937 0.719531 0.068750 0.064062
3 0.338281 0.721875 0.060937 0.068750
5 0.098437 0.833594 0.071875 0.067187
23 0.184375 0.832812 0.065625 0.065625
8 0.259375 0.832812 0.050000 0.065625
5 0.337500 0.833594 0.071875 0.067187
7 0.421875 0.832812 0.065625 0.065625
1 0.551562 0.096094 0.068750 0.067187
31 0.635156 0.093750 0.064062 0.062500
27 0.713281 0.096094 0.070312 0.067187
2 0.796875 0.094531 0.059375 0.064062
18 0.867969 0.094531 0.064062 0.064062
35 0.556250 0.197656 0.078125 0.067187
5 0.639062 0.196094 0.068750 0.064062
0 0.719531 0.196875 0.060937 0.065625
13 0.791406 0.196094 0.064062 0.064062
8 0.856250 0.195312 0.046875 0.062500
5 0.551562 0.297656 0.068750 0.064062
28 0.630469 0.302344 0.070312 0.073438
11 0.704688 0.300000 0.062500 0.068750
15 0.774219 0.304688 0.060937 0.078125
33 0.851562 0.298438 0.062500 0.065625
33 0.548438 0.412500 0.062500 0.065625
28 0.628906 0.417969 0.073438 0.076563
23 0.717187 0.410938 0.062500 0.062500
18 0.796094 0.413281 0.067187 0.067187
17 0.873437 0.411719 0.059375 0.064062
0 0.546094 0.532813 0.057813 0.065625
35 0.629687 0.532031 0.075000 0.064062
29 0.701562 0.535156 0.046875 0.070312
25 0.764062 0.532031 0.062500 0.064062
3 0.838281 0.532813 0.057813 0.065625
