24 0.096875 0.093750 0.068750 0.062500
7 0.178125 0.095312 0.065625 0.065625
37 0.254688 0.093750 0.059375 0.062500
6 0.335938 0.095312 0.068750 0.065625
37 0.414062 0.093750 0.059375 0.062500
19 0.092969 0.198437 0.060937 0.071875
11 0.171875 0.195312 0.059375 0.065625
22 0.246875 0.195312 0.071875 0.065625
5 0.335938 0.194531 0.068750 0.064062
14 0.421094 0.195312 0.064062 0.065625
6 0.098437 0.310937 0.071875 0.065625
35 0.181250 0.311719 0.078125 0.067187
33 0.265625 0.312500 0.065625 0.068750
21 0.342187 0.310156 0.065625 0.064062
29 0.085938 0.424219 0.046875 0.070312
18 0.152344 0.422656 0.067187 0.067187
16 0.227344 0.421094 0.060937 0.064062
23 0.306250 0.421875 0.065625 0.065625
14 0.385156 0.421875 0.064062 0.065625
33 0.093750 0.535937 0.062500 0.065625
21 0.176563 0.536719 0.068750 0.067187
25 0.253125 0.536719 0.065625 0.067187
34 0.336719 0.537500 0.064062 0.068750
37 0.407813 0.534375 0.059375 0.062500
18 0.094531 0.647656 0.064062 0.064062
10 0.167969 0.651563 0.064062 0.071875
1 0.246875 0.650781 0.071875 0.070312
5 0.326562 0.647656 0.068750 0.064062
36 0.096875 0.758594 0.068750 0.064062
0 0.175781 0.759375 0.057813 0.065625
23 0.243750 0.757812 0.062500 0.062500
22 0.331250 0.759375 0.071875 0.065625
20 0.407031 0.764062 0.064062 0.075000
10 0.549219 0.098437 0.064062 0.071875
18 0.622656 0.096094 0.067187 0.067187
11 0.700000 0.095312 0.059375 0.065625
29 0.768750 0.097656 0.050000 0.070312
9 0.840625 0.094531 0.056250 0.064062
20 0.547656 0.214062 0.060937 0.071875
37 0.620313 0.210938 0.062500 0.065625
32 0.689844 0.209375 0.057813 0.062500
0 0.760156 0.210938 0.057813 0.065625
23 0.832812 0.209375 0.062500 0.062500
7 0.548438 0.325000 0.062500 0.062500
9 0.626563 0.325781 0.056250 0.064062
25 0.703125 0.325781 0.062500 0.064062
1 0.778125 0.327344 0.068750 0.067187
32 0.861719 0.325000 0.057813 0.062500
8 0.540625 0.428125 0.046875 0.062500
32 0.613281 0.428125 0.057813 0.062500
34 0.691406 0.431250 0.064062 0.068750
35 0.776563 0.430469 0.075000 0.067187
25 0.864062 0.430469 0.065625 0.067187
7 0.548438 0.529687 0.062500 0.062500
6 0.631250 0.529687 0.068750 0.062500
18 0.707031 0.530469 0.064062 0.064062
32 0.782031 0.529687 0.057813 0.062500
31 0.855469 0.529687 0.064062 0.062500
21 0.551562 0.630469 0.068750 0.067187
31 0.630469 0.628125 0.064062 0.062500
34 0.707031 0.631250 0.064062 0.068750
12 0.782031 0.630469 0.070312 0.067187
26 0.860156 0.628125 0.070312 0.062500
4 0.548438 0.735938 0.062500 0.068750
27 0.625781 0.735156 0.070312 0.067187
20 0.711719 0.739062 0.064062 0.075000
36 0.793750 0.733594 0.068750 0.064062
2 0.876563 0.735156 0.062500 0.067187
1 0.553125 0.849219 0.071875 0.070312
28 0.644531 0.852344 0.073438 0.076563
1 0.723437 0.847656 0.068750 0.067187
25 0.803125 0.846094 0.062500 0.064062
