5 0.098437 0.096094 0.071875 0.067187
23 0.176563 0.093750 0.062500 0.062500
6 0.262500 0.095312 0.068750 0.065625
18 0.350781 0.096094 0.067187 0.067187
30 0.432031 0.093750 0.057813 0.062500
19 0.092969 0.200000 0.060937 0.071875
23 0.175000 0.195312 0.062500 0.062500
23 0.251563 0.196875 0.065625 0.065625
18 0.338281 0.197656 0.067187 0.067187
3 0.411719 0.196875 0.057813 0.065625
16 0.478906 0.196094 0.060937 0.064062
29 0.085938 0.303906 0.046875 0.070312
23 0.154688 0.300000 0.062500 0.062500
19 0.224219 0.304688 0.060937 0.071875
10 0.300781 0.304688 0.064062 0.071875
5 0.096875 0.410156 0.068750 0.064062
15 0.182031 0.415625 0.060937 0.075000
0 0.257031 0.412500 0.060937 0.068750
6 0.334375 0.409375 0.068750 0.062500
9 0.417187 0.410156 0.059375 0.064062
2 0.498437 0.411719 0.062500 0.067187
25 0.573438 0.410156 0.062500 0.064062
7 0.095312 0.529687 0.065625 0.065625
13 0.180469 0.530469 0.067187 0.067187
16 0.253906 0.530469 0.060937 0.067187
9 0.331250 0.528906 0.056250 0.064062
32 0.396094 0.528125 0.057813 0.062500
30 0.461719 0.528125 0.057813 0.062500
