24 0.096875 0.093750 0.068750 0.062500
32 0.174219 0.093750 0.060937 0.062500
27 0.257031 0.096094 0.070312 0.067187
22 0.339062 0.093750 0.068750 0.062500
33 0.418750 0.095312 0.062500 0.065625
11 0.093750 0.201563 0.062500 0.068750
36 0.176563 0.200781 0.071875 0.067187
12 0.266406 0.199219 0.067187 0.064062
36 0.354687 0.199219 0.068750 0.064062
12 0.439844 0.199219 0.067187 0.064062
31 0.094531 0.306250 0.064062 0.062500
5 0.171875 0.307031 0.068750 0.064062
3 0.250781 0.307812 0.057813 0.065625
33 0.326562 0.307812 0.065625 0.065625
18 0.400781 0.307031 0.064062 0.064062
12 0.097656 0.408594 0.070312 0.067187
5 0.176563 0.408594 0.071875 0.067187
8 0.253125 0.407813 0.050000 0.065625
3 0.319531 0.409375 0.060937 0.068750
15 0.397656 0.412500 0.057813 0.075000
1 0.096875 0.517969 0.068750 0.067187
1 0.179688 0.519531 0.071875 0.070312
9 0.256250 0.516406 0.056250 0.064062
4 0.328125 0.517188 0.062500 0.065625
12 0.402344 0.516406 0.067187 0.064062
29 0.542188 0.097656 0.050000 0.070312
21 0.618750 0.094531 0.065625 0.064062
13 0.699219 0.094531 0.064062 0.064062
37 0.770312 0.093750 0.059375 0.062500
15 0.844531 0.101562 0.060937 0.078125
35 0.556250 0.217969 0.078125 0.067187
35 0.651563 0.217969 0.078125 0.067187
3 0.727344 0.217188 0.057813 0.065625
23 0.801562 0.217188 0.065625 0.065625
36 0.885938 0.216406 0.068750 0.064062
20 0.547656 0.331250 0.060937 0.071875
13 0.622656 0.327344 0.064062 0.064062
11 0.698438 0.329688 0.062500 0.068750
31 0.778906 0.326562 0.064062 0.062500
5 0.860938 0.327344 0.068750 0.064062
24 0.551562 0.440625 0.068750 0.062500
15 0.632031 0.446875 0.057813 0.075000
6 0.706250 0.442188 0.071875 0.065625
37 0.785937 0.440625 0.059375 0.062500
29 0.853125 0.444531 0.046875 0.070312
2 0.548438 0.558594 0.062500 0.067187
18 0.625781 0.557031 0.064062 0.064062
25 0.709375 0.558594 0.065625 0.067187
30 0.786719 0.556250 0.057813 0.062500
3 0.853906 0.557813 0.057813 0.065625
26 0.552344 0.656250 0.070312 0.062500
14 0.633594 0.657813 0.064062 0.065625
1 0.717187 0.660156 0.071875 0.070312
32 0.800781 0.656250 0.057813 0.062500
