37 0.093750 0.095312 0.062500 0.065625
13 0.175781 0.096094 0.067187 0.067187
24 0.257812 0.095312 0.071875 0.065625
26 0.346094 0.095312 0.070312 0.065625
26 0.428906 0.093750 0.070312 0.062500
22 0.096875 0.198437 0.068750 0.062500
37 0.176563 0.200000 0.062500 0.065625
15 0.246094 0.204687 0.057813 0.075000
32 0.324219 0.200000 0.060937 0.065625
25 0.400000 0.199219 0.062500 0.064062
8 0.085938 0.315625 0.046875 0.062500
21 0.154688 0.317969 0.068750 0.067187
4 0.231250 0.317188 0.059375 0.065625
5 0.314063 0.316406 0.068750 0.064062
28 0.391406 0.321094 0.070312 0.073438
23 0.093750 0.421875 0.062500 0.062500
26 0.172656 0.423438 0.073438 0.065625
6 0.259375 0.421875 0.068750 0.062500
37 0.339062 0.423438 0.062500 0.065625
19 0.422656 0.426563 0.064062 0.071875
1 0.098437 0.538281 0.071875 0.070312
35 0.184375 0.536719 0.078125 0.067187
14 0.269531 0.535937 0.064062 0.065625
25 0.350000 0.535156 0.062500 0.064062
3 0.547656 0.095312 0.060937 0.065625
31 0.621094 0.093750 0.064062 0.062500
26 0.707031 0.093750 0.070312 0.062500
27 0.788281 0.097656 0.073438 0.070312
20 0.875781 0.100000 0.064062 0.075000
26 0.552344 0.210938 0.070312 0.062500
36 0.643750 0.213281 0.071875 0.067187
28 0.735156 0.216406 0.070312 0.073438
7 0.820312 0.212500 0.065625 0.065625
28 0.552344 0.324219 0.070312 0.073438
17 0.631250 0.319531 0.059375 0.064062
23 0.709375 0.318750 0.062500 0.062500
23 0.792188 0.320312 0.065625 0.065625
18 0.869531 0.319531 0.064062 0.064062
24 0.553125 0.428125 0.071875 0.065625
23 0.632812 0.426563 0.062500 0.062500
35 0.710938 0.428906 0.078125 0.067187
28 0.796094 0.432031 0.073438 0.073438
35 0.556250 0.546094 0.078125 0.067187
6 0.643750 0.545312 0.071875 0.065625
33 0.726562 0.545312 0.062500 0.065625
8 0.800000 0.543750 0.050000 0.062500
36 0.879687 0.546094 0.071875 0.067187
11 0.546875 0.650000 0.059375 0.065625
32 0.616406 0.648438 0.057813 0.062500
25 0.685937 0.649219 0.062500 0.064062
8 0.756250 0.648438 0.046875 0.062500
