29 0.085938 0.097656 0.046875 0.070312
25 0.160938 0.096094 0.065625 0.067187
17 0.242188 0.096094 0.062500 0.067187
26 0.322656 0.095312 0.073438 0.065625
21 0.095312 0.203906 0.065625 0.064062
6 0.176563 0.203125 0.068750 0.062500
17 0.260937 0.203906 0.059375 0.064062
14 0.342969 0.204687 0.064062 0.065625
22 0.418750 0.203125 0.068750 0.062500
19 0.092969 0.307812 0.060937 0.071875
25 0.173437 0.303906 0.062500 0.064062
19 0.246094 0.307812 0.060937 0.071875
14 0.327344 0.303125 0.060937 0.062500
0 0.396094 0.304688 0.057813 0.065625
36 0.096875 0.408594 0.068750 0.064062
4 0.173437 0.410938 0.062500 0.068750
5 0.246875 0.408594 0.068750 0.064062
20 0.328906 0.412500 0.060937 0.071875
32 0.091406 0.512500 0.057813 0.062500
11 0.162500 0.514062 0.059375 0.065625
34 0.238281 0.517188 0.067187 0.071875
31 0.321094 0.512500 0.064062 0.062500
1 0.407813 0.516406 0.071875 0.070312
34 0.096094 0.625000 0.067187 0.071875
36 0.176563 0.621094 0.068750 0.064062
16 0.261719 0.622656 0.060937 0.067187
19 0.336719 0.625000 0.060937 0.071875
3 0.405469 0.621875 0.060937 0.065625
29 0.085938 0.728906 0.046875 0.070312
4 0.156250 0.728125 0.062500 0.068750
24 0.235937 0.726562 0.071875 0.065625
25 0.312500 0.727344 0.065625 0.067187
8 0.379688 0.725000 0.046875 0.062500
29 0.445312 0.728906 0.046875 0.070312
31 0.094531 0.828125 0.064062 0.062500
35 0.176563 0.828906 0.075000 0.064062
1 0.267188 0.830469 0.068750 0.067187
32 0.347656 0.828125 0.057813 0.062500
17 0.417187 0.828906 0.059375 0.064062
27 0.552344 0.096094 0.070312 0.067187
2 0.629687 0.094531 0.059375 0.064062
20 0.702344 0.100000 0.064062 0.075000
0 0.780469 0.095312 0.060937 0.065625
17 0.853125 0.096094 0.062500 0.067187
21 0.550000 0.207031 0.065625 0.064062
13 0.628906 0.207031 0.064062 0.064062
0 0.710156 0.207813 0.057813 0.065625
2 0.781250 0.207031 0.059375 0.064062
27 0.553906 0.310156 0.073438 0.070312
18 0.636719 0.307031 0.064062 0.064062
11 0.720313 0.309375 0.062500 0.068750
37 0.790625 0.307812 0.062500 0.065625
24 0.871875 0.307812 0.071875 0.065625
5 0.553125 0.419531 0.071875 0.067187
17 0.639062 0.417969 0.059375 0.064062
25 0.709375 0.419531 0.065625 0.067187
35 0.800000 0.419531 0.078125 0.067187
17 0.879687 0.417969 0.059375 0.064062
19 0.549219 0.531250 0.064062 0.075000
18 0.627344 0.527344 0.067187 0.067187
5 0.707812 0.527344 0.071875 0.067187
24 0.792188 0.526563 0.071875 0.065625
19 0.549219 0.648438 0.064062 0.071875
6 0.629687 0.645312 0.068750 0.065625
3 0.702344 0.645312 0.057813 0.065625
6 0.776563 0.645312 0.071875 0.065625
21 0.551562 0.760156 0.068750 0.067187
0 0.628906 0.759375 0.057813 0.065625
33 0.696875 0.759375 0.062500 0.065625
28 0.780469 0.764844 0.073438 0.076563
7 0.864062 0.757812 0.062500 0.062500
