22 0.098437 0.095312 0.071875 0.065625
28 0.183594 0.100781 0.073438 0.076563
29 0.253125 0.097656 0.050000 0.070312
16 0.316406 0.094531 0.057813 0.064062
6 0.392188 0.095312 0.071875 0.065625
12 0.096094 0.207031 0.067187 0.064062
3 0.178906 0.209375 0.060937 0.068750
28 0.253906 0.211719 0.073438 0.073438
11 0.342187 0.209375 0.062500 0.068750
24 0.423438 0.207813 0.071875 0.065625
7 0.093750 0.317188 0.062500 0.062500
7 0.164062 0.317188 0.062500 0.062500
25 0.240625 0.317969 0.062500 0.064062
33 0.317188 0.318750 0.062500 0.065625
33 0.401562 0.320312 0.065625 0.068750
16 0.091406 0.428906 0.057813 0.064062
8 0.156250 0.429688 0.050000 0.065625
15 0.228906 0.434375 0.057813 0.075000
26 0.311719 0.428125 0.070312 0.062500
25 0.093750 0.542969 0.062500 0.064062
5 0.173437 0.544531 0.071875 0.067187
18 0.255469 0.544531 0.067187 0.067187
22 0.340625 0.542188 0.068750 0.062500
29 0.410938 0.546094 0.046875 0.070312
26 0.097656 0.654687 0.070312 0.062500
32 0.171094 0.654687 0.057813 0.062500
26 0.252344 0.656250 0.070312 0.065625
1 0.337500 0.657031 0.068750 0.067187
1 0.417187 0.657031 0.068750 0.067187
1 0.551562 0.096094 0.068750 0.067187
10 0.636719 0.096875 0.060937 0.068750
27 0.721094 0.096094 0.070312 0.067187
34 0.796094 0.096875 0.064062 0.068750
25 0.875000 0.096094 0.065625 0.067187
34 0.549219 0.206250 0.064062 0.068750
24 0.625000 0.204687 0.071875 0.065625
20 0.705469 0.209375 0.064062 0.075000
23 0.784375 0.204687 0.065625 0.065625
6 0.553125 0.312500 0.071875 0.065625
30 0.633594 0.312500 0.060937 0.065625
14 0.705469 0.312500 0.064062 0.065625
4 0.782813 0.314063 0.062500 0.068750
5 0.551562 0.419531 0.068750 0.064062
22 0.640625 0.418750 0.068750 0.062500
19 0.727344 0.425000 0.064062 0.075000
25 0.807813 0.421094 0.065625 0.067187
34 0.892969 0.423438 0.067187 0.071875
2 0.546875 0.532031 0.059375 0.064062
3 0.622656 0.534375 0.060937 0.068750
37 0.700000 0.531250 0.059375 0.062500
22 0.773438 0.531250 0.068750 0.062500
32 0.546094 0.643750 0.057813 0.062500
20 0.621094 0.648438 0.060937 0.071875
4 0.703125 0.645312 0.062500 0.065625
13 0.780469 0.644531 0.064062 0.064062
16 0.547656 0.760156 0.060937 0.067187
28 0.630469 0.764844 0.073438 0.076563
0 0.711719 0.759375 0.057813 0.065625
3 0.780469 0.760938 0.060937 0.068750
