37 0.092188 0.093750 0.059375 0.062500
34 0.174219 0.096875 0.064062 0.068750
31 0.247656 0.095312 0.067187 0.065625
17 0.320312 0.096094 0.062500 0.067187
30 0.399219 0.093750 0.057813 0.062500
15 0.091406 0.207813 0.057813 0.075000
11 0.167187 0.204687 0.062500 0.068750
1 0.248438 0.203906 0.068750 0.067187
8 0.323437 0.201563 0.046875 0.062500
13 0.096094 0.321094 0.067187 0.067187
14 0.172656 0.318750 0.060937 0.062500
7 0.242188 0.318750 0.062500 0.062500
16 0.310156 0.319531 0.057813 0.064062
33 0.392188 0.321875 0.065625 0.068750
11 0.092188 0.429688 0.059375 0.065625
34 0.172656 0.431250 0.064062 0.068750
13 0.249219 0.428906 0.064062 0.064062
0 0.327344 0.429688 0.057813 0.065625
5 0.404687 0.430469 0.071875 0.067187
23 0.093750 0.539062 0.062500 0.062500
18 0.169531 0.539844 0.064062 0.064062
14 0.244531 0.539062 0.060937 0.062500
25 0.317188 0.539844 0.062500 0.064062
37 0.398438 0.540625 0.062500 0.065625
9 0.090625 0.642969 0.056250 0.064062
36 0.171875 0.642969 0.068750 0.064062
15 0.253906 0.650000 0.060937 0.078125
37 0.335938 0.643750 0.062500 0.065625
14 0.407031 0.643750 0.064062 0.065625
14 0.549219 0.095312 0.064062 0.065625
5 0.628125 0.096094 0.071875 0.067187
35 0.712500 0.096094 0.075000 0.067187
1 0.798438 0.096094 0.068750 0.067187
34 0.883594 0.096875 0.064062 0.068750
29 0.542188 0.200781 0.050000 0.070312
33 0.612500 0.198437 0.062500 0.065625
10 0.683594 0.200000 0.060937 0.068750
26 0.766406 0.196875 0.070312 0.062500
13 0.846094 0.199219 0.067187 0.067187
15 0.547656 0.317188 0.060937 0.075000
37 0.617188 0.312500 0.062500 0.065625
16 0.694531 0.311719 0.060937 0.064062
6 0.768750 0.312500 0.071875 0.065625
15 0.849219 0.318750 0.060937 0.078125
33 0.548438 0.428125 0.062500 0.065625
0 0.627344 0.428125 0.057813 0.065625
16 0.697656 0.427344 0.057813 0.064062
15 0.772656 0.434375 0.060937 0.078125
24 0.856250 0.426563 0.068750 0.062500
9 0.545312 0.547656 0.056250 0.064062
18 0.627344 0.549219 0.067187 0.067187
29 0.695312 0.550781 0.046875 0.070312
31 0.764844 0.546875 0.064062 0.062500
