33 0.093750 0.095312 0.062500 0.065625
13 0.172656 0.094531 0.064062 0.064062
22 0.257812 0.095312 0.071875 0.065625
0 0.339844 0.095312 0.057813 0.065625
28 0.424219 0.100781 0.073438 0.076563
24 0.510938 0.093750 0.068750 0.062500
26 0.597656 0.093750 0.070312 0.062500
4 0.093750 0.214062 0.062500 0.068750
2 0.162500 0.211719 0.059375 0.064062
33 0.239063 0.212500 0.062500 0.065625
4 0.320312 0.214062 0.062500 0.068750
37 0.401562 0.210938 0.059375 0.062500
13 0.094531 0.317969 0.064062 0.064062
29 0.162500 0.321094 0.050000 0.070312
17 0.225000 0.317969 0.059375 0.064062
22 0.307812 0.317188 0.068750 0.062500
26 0.391406 0.318750 0.073438 0.065625
9 0.471875 0.319531 0.059375 0.067187
35 0.546875 0.319531 0.075000 0.067187
5 0.096875 0.432031 0.068750 0.064062
3 0.182031 0.434375 0.060937 0.068750
29 0.254688 0.435156 0.046875 0.070312
18 0.328906 0.432031 0.064062 0.064062
31 0.403906 0.431250 0.064062 0.062500
10 0.092969 0.542188 0.060937 0.068750
2 0.170313 0.541406 0.062500 0.067187
18 0.250781 0.539844 0.064062 0.064062
36 0.335938 0.541406 0.071875 0.067187
12 0.424219 0.539844 0.067187 0.064062
3 0.092969 0.650000 0.060937 0.068750
32 0.164844 0.646875 0.057813 0.062500
15 0.232031 0.653125 0.060937 0.075000
27 0.305469 0.649219 0.070312 0.067187
26 0.396094 0.646875 0.070312 0.062500
14 0.472656 0.646875 0.060937 0.062500
20 0.541406 0.651563 0.060937 0.071875
17 0.093750 0.757031 0.062500 0.067187
30 0.161719 0.754687 0.057813 0.062500
6 0.232813 0.754687 0.068750 0.062500
17 0.304688 0.755469 0.059375 0.064062
21 0.095312 0.858594 0.065625 0.064062
1 0.179688 0.860156 0.068750 0.067187
22 0.267188 0.857812 0.068750 0.062500
19 0.347656 0.862500 0.064062 0.071875
19 0.422656 0.862500 0.060937 0.071875
15 0.491406 0.864062 0.057813 0.075000
