27 0.097656 0.096094 0.070312 0.067187
34 0.180469 0.098437 0.067187 0.071875
29 0.254688 0.097656 0.046875 0.070312
19 0.317969 0.098437 0.064062 0.071875
16 0.394531 0.094531 0.057813 0.064062
37 0.092188 0.201563 0.059375 0.062500
11 0.165625 0.204687 0.062500 0.068750
10 0.241406 0.204687 0.060937 0.068750
1 0.318750 0.203906 0.068750 0.067187
34 0.405469 0.206250 0.067187 0.071875
8 0.087500 0.307812 0.050000 0.062500
29 0.148438 0.311719 0.046875 0.070312
13 0.214844 0.310156 0.067187 0.067187
14 0.289844 0.307812 0.060937 0.062500
22 0.371875 0.309375 0.071875 0.065625
4 0.448437 0.310937 0.062500 0.068750
13 0.094531 0.419531 0.064062 0.064062
6 0.181250 0.418750 0.068750 0.062500
25 0.260937 0.421094 0.065625 0.067187
31 0.344531 0.418750 0.064062 0.062500
32 0.091406 0.529687 0.057813 0.062500
20 0.160156 0.535937 0.064062 0.075000
36 0.240625 0.532031 0.071875 0.067187
27 0.328906 0.532031 0.070312 0.067187
3 0.408594 0.532813 0.060937 0.068750
19 0.094531 0.648438 0.064062 0.075000
4 0.175000 0.645312 0.062500 0.068750
2 0.254688 0.642969 0.059375 0.064062
18 0.335156 0.644531 0.067187 0.067187
1 0.410938 0.644531 0.068750 0.067187
26 0.553906 0.095312 0.073438 0.065625
37 0.629687 0.093750 0.059375 0.062500
28 0.708594 0.100781 0.073438 0.076563
34 0.788281 0.098437 0.067187 0.071875
6 0.551562 0.209375 0.068750 0.062500
34 0.633594 0.212500 0.064062 0.068750
32 0.716406 0.210938 0.060937 0.065625
13 0.789844 0.210156 0.064062 0.064062
34 0.867969 0.214062 0.067187 0.071875
16 0.547656 0.324219 0.060937 0.067187
17 0.621875 0.322656 0.059375 0.064062
33 0.701562 0.323437 0.062500 0.065625
1 0.784375 0.324219 0.068750 0.067187
28 0.871094 0.327344 0.070312 0.073438
34 0.549219 0.439063 0.064062 0.068750
0 0.622656 0.439063 0.060937 0.068750
10 0.705469 0.439063 0.064062 0.068750
16 0.778906 0.438281 0.060937 0.067187
11 0.546875 0.550000 0.059375 0.065625
24 0.618750 0.548438 0.068750 0.062500
33 0.700000 0.551562 0.065625 0.068750
10 0.774219 0.551562 0.060937 0.068750
11 0.843750 0.551562 0.062500 0.068750
17 0.546875 0.650781 0.059375 0.064062
18 0.624219 0.650781 0.064062 0.064062
37 0.700000 0.651563 0.062500 0.065625
5 0.779687 0.652344 0.071875 0.067187
5 0.865625 0.650781 0.068750 0.064062
