5 0.096875 0.094531 0.068750 0.064062
20 0.180469 0.098437 0.060937 0.071875
7 0.251563 0.093750 0.062500 0.062500
24 0.335938 0.093750 0.068750 0.062500
24 0.418750 0.095312 0.071875 0.065625
6 0.098437 0.207813 0.071875 0.065625
24 0.179688 0.206250 0.068750 0.062500
30 0.261719 0.206250 0.057813 0.062500
10 0.338281 0.209375 0.060937 0.068750
11 0.414062 0.207813 0.059375 0.065625
11 0.092188 0.309375 0.059375 0.065625
29 0.153125 0.311719 0.046875 0.070312
35 0.223438 0.310156 0.078125 0.067187
25 0.307812 0.308594 0.062500 0.064062
32 0.388281 0.307812 0.057813 0.062500
17 0.092188 0.417969 0.059375 0.064062
6 0.175000 0.417187 0.068750 0.062500
30 0.246094 0.417187 0.057813 0.062500
26 0.322656 0.417187 0.070312 0.062500
4 0.398438 0.420312 0.062500 0.068750
3 0.092969 0.531250 0.060937 0.068750
34 0.171094 0.532813 0.067187 0.071875
2 0.243750 0.528906 0.059375 0.064062
25 0.323437 0.528906 0.062500 0.064062
36 0.401562 0.530469 0.071875 0.067187
10 0.094531 0.648438 0.064062 0.071875
14 0.171094 0.645312 0.064062 0.065625
14 0.244531 0.643750 0.060937 0.062500
11 0.317188 0.645312 0.059375 0.065625
27 0.402344 0.647656 0.073438 0.070312
18 0.094531 0.758594 0.064062 0.064062
33 0.173437 0.759375 0.062500 0.065625
31 0.246094 0.757812 0.064062 0.062500
34 0.324219 0.760938 0.064062 0.068750
5 0.406250 0.760156 0.071875 0.067187
9 0.546875 0.096094 0.059375 0.067187
16 0.621094 0.096094 0.060937 0.067187
16 0.689844 0.096094 0.060937 0.067187
8 0.756250 0.093750 0.046875 0.062500
2 0.546875 0.199219 0.059375 0.064062
10 0.617969 0.201563 0.060937 0.068750
25 0.687500 0.199219 0.062500 0.064062
3 0.761719 0.200000 0.057813 0.065625
28 0.838281 0.203906 0.070312 0.073438
13 0.549219 0.316406 0.064062 0.064062
6 0.635938 0.315625 0.068750 0.062500
21 0.721875 0.317969 0.068750 0.067187
37 0.800000 0.315625 0.059375 0.062500
4 0.868750 0.317188 0.059375 0.065625
37 0.548438 0.425000 0.062500 0.065625
29 0.615625 0.428906 0.050000 0.073438
8 0.673438 0.423438 0.046875 0.062500
29 0.739062 0.427344 0.046875 0.070312
34 0.816406 0.428125 0.067187 0.071875
36 0.900000 0.425781 0.071875 0.067187
21 0.551562 0.532031 0.068750 0.067187
35 0.640625 0.532031 0.078125 0.067187
20 0.721094 0.535937 0.064062 0.075000
29 0.789062 0.533594 0.050000 0.070312
13 0.853906 0.530469 0.064062 0.064062
9 0.546875 0.641406 0.059375 0.067187
35 0.631250 0.639844 0.075000 0.064062
37 0.718750 0.639062 0.062500 0.062500
19 0.789844 0.643750 0.064062 0.071875
8 0.854688 0.640625 0.050000 0.065625
29 0.540625 0.755469 0.046875 0.070312
3 0.611719 0.753125 0.057813 0.065625
28 0.692969 0.758594 0.073438 0.076563
3 0.778906 0.753125 0.057813 0.065625
