11 0.093750 0.096875 0.062500 0.068750
19 0.177344 0.100000 0.064062 0.075000
17 0.259375 0.094531 0.059375 0.064062
8 0.321875 0.093750 0.046875 0.062500
24 0.387500 0.093750 0.068750 0.062500
17 0.092188 0.208594 0.059375 0.064062
28 0.171094 0.214844 0.073438 0.076563
37 0.256250 0.207813 0.059375 0.062500
30 0.333594 0.207813 0.057813 0.062500
16 0.091406 0.324219 0.057813 0.064062
5 0.176563 0.325781 0.071875 0.067187
9 0.260937 0.324219 0.056250 0.064062
14 0.336719 0.323437 0.060937 0.062500
19 0.414844 0.328125 0.060937 0.071875
7 0.485938 0.323437 0.062500 0.062500
5 0.570312 0.324219 0.068750 0.064062
16 0.091406 0.438281 0.057813 0.064062
7 0.164062 0.437500 0.062500 0.062500
3 0.236719 0.440625 0.060937 0.068750
11 0.314063 0.439063 0.059375 0.065625
7 0.389062 0.437500 0.062500 0.062500
28 0.475781 0.444531 0.073438 0.076563
11 0.562500 0.440625 0.062500 0.068750
20 0.092969 0.556250 0.060937 0.071875
36 0.178125 0.553906 0.071875 0.067187
27 0.258594 0.555469 0.073438 0.070312
28 0.341406 0.557031 0.070312 0.073438
37 0.428125 0.553125 0.062500 0.065625
27 0.511719 0.553906 0.070312 0.067187
33 0.595313 0.553125 0.062500 0.065625
