12 0.096094 0.094531 0.067187 0.064062
28 0.182031 0.099219 0.070312 0.073438
36 0.273438 0.096094 0.071875 0.067187
0 0.355469 0.095312 0.057813 0.065625
11 0.423438 0.095312 0.059375 0.065625
29 0.087500 0.211719 0.050000 0.070312
33 0.162500 0.209375 0.062500 0.065625
28 0.238281 0.214844 0.073438 0.076563
5 0.326562 0.208594 0.068750 0.064062
33 0.407813 0.210938 0.065625 0.068750
37 0.485938 0.209375 0.062500 0.065625
29 0.085938 0.322656 0.046875 0.070312
0 0.146094 0.320312 0.057813 0.065625
31 0.224219 0.320312 0.067187 0.065625
16 0.307031 0.319531 0.057813 0.064062
29 0.379688 0.322656 0.046875 0.070312
37 0.454688 0.320312 0.062500 0.065625
35 0.542188 0.319531 0.075000 0.064062
27 0.097656 0.425781 0.070312 0.067187
33 0.176563 0.425000 0.062500 0.065625
9 0.243750 0.424219 0.056250 0.064062
12 0.314844 0.425781 0.067187 0.067187
19 0.389844 0.428125 0.060937 0.071875
33 0.093750 0.531250 0.062500 0.065625
30 0.175781 0.531250 0.060937 0.065625
10 0.250781 0.532813 0.064062 0.068750
4 0.328125 0.531250 0.059375 0.065625
4 0.395313 0.531250 0.059375 0.065625
26 0.471094 0.529687 0.070312 0.062500
9 0.554688 0.530469 0.056250 0.064062
