30 0.091406 0.093750 0.057813 0.062500
13 0.172656 0.094531 0.064062 0.064062
2 0.254688 0.094531 0.059375 0.064062
16 0.328906 0.094531 0.057813 0.064062
12 0.407031 0.094531 0.067187 0.064062
22 0.096875 0.201563 0.068750 0.062500
26 0.175781 0.201563 0.070312 0.062500
7 0.262500 0.201563 0.062500 0.062500
27 0.342969 0.203906 0.070312 0.067187
35 0.100000 0.310156 0.075000 0.064062
22 0.193750 0.310937 0.071875 0.065625
32 0.267969 0.310937 0.060937 0.065625
35 0.350000 0.310156 0.075000 0.064062
7 0.093750 0.418750 0.062500 0.062500
24 0.175000 0.418750 0.068750 0.062500
21 0.251563 0.421094 0.068750 0.067187
12 0.336719 0.421094 0.070312 0.067187
18 0.411719 0.419531 0.064062 0.064062
21 0.096875 0.530469 0.068750 0.067187
22 0.182812 0.528125 0.068750 0.062500
33 0.264062 0.529687 0.062500 0.065625
28 0.347656 0.533594 0.070312 0.073438
5 0.425000 0.528906 0.068750 0.064062
34 0.094531 0.637500 0.064062 0.068750
18 0.171094 0.635156 0.064062 0.064062
9 0.242188 0.635156 0.056250 0.064062
1 0.323437 0.638281 0.071875 0.070312
17 0.548438 0.096094 0.062500 0.067187
19 0.621094 0.098437 0.060937 0.071875
33 0.692187 0.095312 0.062500 0.065625
4 0.765625 0.096875 0.062500 0.068750
15 0.547656 0.207813 0.060937 0.075000
5 0.621875 0.202344 0.068750 0.064062
33 0.696875 0.204687 0.065625 0.068750
20 0.774219 0.207813 0.064062 0.075000
10 0.849219 0.204687 0.060937 0.068750
28 0.552344 0.321094 0.070312 0.073438
8 0.621875 0.315625 0.050000 0.062500
24 0.703125 0.317188 0.071875 0.065625
30 0.786719 0.315625 0.057813 0.062500
4 0.859375 0.317188 0.059375 0.065625
2 0.548438 0.430469 0.062500 0.067187
31 0.624219 0.429688 0.067187 0.065625
10 0.699219 0.432812 0.064062 0.071875
17 0.773438 0.428906 0.062500 0.064062
37 0.845313 0.428125 0.059375 0.062500
12 0.550781 0.535156 0.067187 0.064062
7 0.626563 0.535937 0.065625 0.065625
29 0.695312 0.538281 0.050000 0.070312
0 0.766406 0.535937 0.057813 0.065625
35 0.848437 0.535156 0.075000 0.064062
26 0.552344 0.640625 0.070312 0.062500
9 0.629687 0.641406 0.056250 0.064062
24 0.706250 0.642188 0.068750 0.065625
1 0.785937 0.642969 0.068750 0.067187
