36 0.096875 0.094531 0.068750 0.064062
22 0.176563 0.093750 0.068750 0.062500
31 0.263281 0.095312 0.067187 0.065625
20 0.341406 0.100000 0.064062 0.075000
22 0.420312 0.095312 0.071875 0.065625
13 0.094531 0.207031 0.064062 0.064062
17 0.168750 0.208594 0.062500 0.067187
2 0.245312 0.207031 0.062500 0.064062
21 0.318750 0.208594 0.068750 0.067187
3 0.397656 0.209375 0.060937 0.068750
4 0.093750 0.320312 0.062500 0.068750
23 0.171875 0.317188 0.062500 0.062500
16 0.239844 0.317969 0.057813 0.064062
22 0.323437 0.317188 0.068750 0.062500
8 0.403125 0.317188 0.050000 0.062500
14 0.094531 0.426563 0.064062 0.065625
33 0.165625 0.426563 0.062500 0.065625
2 0.239063 0.427344 0.062500 0.067187
3 0.310156 0.428125 0.060937 0.068750
18 0.380469 0.425781 0.064062 0.064062
21 0.096875 0.528906 0.068750 0.067187
14 0.180469 0.526563 0.060937 0.062500
9 0.246875 0.527344 0.056250 0.064062
28 0.327344 0.532031 0.070312 0.073438
26 0.405469 0.526563 0.070312 0.062500
17 0.548438 0.096094 0.062500 0.067187
17 0.626563 0.096094 0.062500 0.067187
30 0.707031 0.093750 0.057813 0.062500
28 0.786719 0.100781 0.073438 0.076563
34 0.864844 0.096875 0.064062 0.068750
36 0.553125 0.211719 0.071875 0.067187
16 0.627344 0.210156 0.057813 0.064062
3 0.699219 0.210938 0.057813 0.065625
15 0.774219 0.215625 0.057813 0.075000
35 0.848437 0.210156 0.075000 0.064062
34 0.550781 0.325000 0.067187 0.071875
18 0.633594 0.321094 0.064062 0.064062
6 0.715625 0.320312 0.068750 0.062500
8 0.790625 0.320312 0.046875 0.062500
26 0.552344 0.435937 0.070312 0.065625
0 0.635156 0.437500 0.060937 0.068750
3 0.707031 0.435937 0.060937 0.065625
14 0.783594 0.434375 0.060937 0.062500
0 0.547656 0.546875 0.060937 0.068750
7 0.621875 0.545312 0.065625 0.065625
31 0.697656 0.543750 0.064062 0.062500
26 0.774219 0.543750 0.070312 0.062500
15 0.546094 0.656250 0.057813 0.075000
1 0.621875 0.652344 0.068750 0.067187
13 0.708594 0.652344 0.067187 0.067187
8 0.779687 0.650000 0.046875 0.062500
6 0.857812 0.650000 0.068750 0.062500
23 0.550000 0.765625 0.065625 0.065625
32 0.624219 0.764062 0.057813 0.062500
31 0.697656 0.764062 0.064062 0.062500
0 0.778906 0.765625 0.057813 0.065625
