35 0.101562 0.096094 0.078125 0.067187
6 0.184375 0.093750 0.068750 0.062500
3 0.264844 0.095312 0.057813 0.065625
1 0.342187 0.097656 0.071875 0.070312
6 0.098437 0.207813 0.071875 0.065625
22 0.189062 0.207813 0.068750 0.065625
35 0.273438 0.208594 0.078125 0.067187
19 0.361719 0.210938 0.060937 0.071875
7 0.435937 0.206250 0.062500 0.062500
14 0.511719 0.206250 0.060937 0.062500
36 0.096875 0.313281 0.068750 0.064062
29 0.171875 0.316406 0.046875 0.070312
25 0.246875 0.313281 0.062500 0.064062
7 0.326562 0.314063 0.065625 0.065625
21 0.403125 0.314844 0.068750 0.067187
21 0.484375 0.314844 0.065625 0.067187
26 0.097656 0.420312 0.070312 0.062500
18 0.178906 0.421094 0.064062 0.064062
24 0.257812 0.420312 0.068750 0.062500
29 0.323437 0.424219 0.046875 0.070312
29 0.390625 0.424219 0.050000 0.070312
17 0.093750 0.535156 0.062500 0.064062
26 0.180469 0.535937 0.073438 0.065625
36 0.271875 0.535156 0.068750 0.064062
15 0.347656 0.542188 0.060937 0.078125
24 0.421875 0.534375 0.068750 0.062500
18 0.508594 0.535156 0.064062 0.064062
