22 0.098437 0.095312 0.071875 0.065625
15 0.174219 0.100000 0.060937 0.075000
28 0.250781 0.099219 0.070312 0.073438
4 0.328125 0.095312 0.059375 0.065625
29 0.400000 0.097656 0.050000 0.070312
20 0.466406 0.098437 0.064062 0.071875
36 0.098437 0.211719 0.071875 0.067187
2 0.182812 0.210156 0.059375 0.064062
37 0.257812 0.209375 0.059375 0.062500
4 0.337500 0.212500 0.062500 0.068750
14 0.092969 0.314063 0.060937 0.062500
36 0.168750 0.316406 0.071875 0.067187
29 0.248438 0.317969 0.050000 0.070312
8 0.317188 0.314063 0.046875 0.062500
27 0.386719 0.316406 0.070312 0.067187
28 0.099219 0.432031 0.073438 0.076563
21 0.189062 0.425781 0.065625 0.064062
2 0.260937 0.427344 0.062500 0.067187
37 0.339062 0.426563 0.062500 0.065625
19 0.092969 0.546875 0.060937 0.071875
26 0.171094 0.542188 0.070312 0.062500
27 0.255469 0.546094 0.073438 0.070312
30 0.330469 0.542188 0.057813 0.062500
12 0.405469 0.542969 0.067187 0.064062
14 0.485156 0.542188 0.060937 0.062500
