18 0.094531 0.094531 0.064062 0.064062
6 0.168750 0.093750 0.068750 0.062500
9 0.242188 0.094531 0.056250 0.064062
8 0.303125 0.093750 0.050000 0.062500
20 0.092969 0.198437 0.060937 0.071875
25 0.170313 0.194531 0.062500 0.064062
24 0.250000 0.193750 0.068750 0.062500
13 0.336719 0.194531 0.064062 0.064062
33 0.410938 0.196875 0.065625 0.068750
14 0.485156 0.195312 0.064062 0.065625
34 0.094531 0.310937 0.064062 0.068750
0 0.167969 0.309375 0.060937 0.065625
13 0.241406 0.310156 0.067187 0.067187
18 0.317969 0.310156 0.067187 0.067187
7 0.393750 0.309375 0.065625 0.065625
15 0.091406 0.415625 0.057813 0.075000
5 0.167187 0.411719 0.071875 0.067187
33 0.251563 0.410938 0.062500 0.065625
35 0.332813 0.410156 0.075000 0.064062
10 0.094531 0.526563 0.064062 0.071875
30 0.175781 0.521875 0.057813 0.062500
24 0.254688 0.521875 0.068750 0.062500
17 0.337500 0.522656 0.059375 0.064062
34 0.419531 0.526563 0.067187 0.071875
28 0.097656 0.632031 0.070312 0.073438
37 0.178125 0.626563 0.059375 0.062500
24 0.256250 0.626563 0.068750 0.062500
29 0.328125 0.630469 0.046875 0.070312
17 0.393750 0.627344 0.062500 0.064062
0 0.467969 0.629687 0.060937 0.068750
26 0.542969 0.626563 0.070312 0.062500
2 0.093750 0.744531 0.062500 0.064062
34 0.171094 0.746875 0.064062 0.068750
16 0.246094 0.746094 0.060937 0.067187
36 0.320312 0.746094 0.071875 0.067187
14 0.403906 0.743750 0.060937 0.062500
0 0.471094 0.745313 0.057813 0.065625
