5 0.098437 0.096094 0.071875 0.067187
31 0.182031 0.095312 0.067187 0.065625
4 0.264062 0.095312 0.062500 0.065625
18 0.347656 0.096094 0.067187 0.067187
8 0.421875 0.093750 0.050000 0.062500
24 0.096875 0.196875 0.068750 0.065625
5 0.181250 0.197656 0.071875 0.067187
21 0.267188 0.197656 0.068750 0.067187
25 0.348438 0.196094 0.062500 0.064062
6 0.431250 0.195312 0.068750 0.062500
30 0.511719 0.195312 0.057813 0.062500
20 0.092969 0.300000 0.060937 0.071875
5 0.179688 0.297656 0.071875 0.067187
32 0.258594 0.295312 0.057813 0.062500
15 0.336719 0.301563 0.060937 0.075000
5 0.096875 0.416406 0.068750 0.067187
26 0.180469 0.414062 0.070312 0.062500
6 0.260937 0.414062 0.068750 0.062500
17 0.335938 0.414844 0.059375 0.064062
8 0.406250 0.414062 0.050000 0.062500
4 0.478125 0.417187 0.062500 0.068750
33 0.559375 0.415625 0.062500 0.065625
35 0.101562 0.517969 0.078125 0.067187
0 0.189844 0.518750 0.060937 0.068750
8 0.260937 0.515625 0.050000 0.062500
32 0.327344 0.515625 0.057813 0.062500
13 0.096094 0.621094 0.067187 0.067187
36 0.184375 0.619531 0.068750 0.064062
18 0.260156 0.619531 0.064062 0.064062
33 0.337500 0.621875 0.065625 0.068750
32 0.092969 0.728125 0.060937 0.065625
10 0.166406 0.729688 0.064062 0.068750
22 0.245312 0.728125 0.071875 0.065625
34 0.330469 0.731250 0.067187 0.071875
6 0.407813 0.726562 0.068750 0.062500
16 0.091406 0.836719 0.057813 0.064062
2 0.159375 0.838281 0.062500 0.067187
24 0.232813 0.837500 0.068750 0.065625
18 0.316406 0.836719 0.064062 0.064062
