18 0.094531 0.094531 0.064062 0.064062
16 0.166406 0.094531 0.060937 0.064062
23 0.235937 0.093750 0.062500 0.062500
22 0.320312 0.093750 0.068750 0.062500
3 0.402344 0.096875 0.060937 0.068750
2 0.479687 0.094531 0.059375 0.064062
14 0.092969 0.196875 0.060937 0.062500
13 0.167969 0.197656 0.064062 0.064062
32 0.239844 0.196875 0.057813 0.062500
9 0.306250 0.197656 0.056250 0.064062
1 0.096875 0.299219 0.068750 0.067187
28 0.178906 0.303906 0.073438 0.076563
6 0.268750 0.296875 0.068750 0.062500
19 0.352344 0.301563 0.060937 0.071875
27 0.430469 0.300781 0.073438 0.070312
33 0.512500 0.298438 0.062500 0.065625
34 0.591406 0.301563 0.067187 0.071875
26 0.097656 0.415625 0.070312 0.065625
27 0.178906 0.416406 0.070312 0.067187
4 0.257812 0.415625 0.059375 0.065625
16 0.327344 0.414844 0.057813 0.064062
14 0.094531 0.518750 0.064062 0.065625
5 0.176563 0.517969 0.068750 0.064062
30 0.250781 0.518750 0.060937 0.065625
2 0.331250 0.517969 0.059375 0.064062
6 0.412500 0.517188 0.068750 0.062500
29 0.087500 0.624219 0.050000 0.073438
1 0.160938 0.622656 0.071875 0.070312
5 0.251563 0.619531 0.068750 0.064062
17 0.334375 0.619531 0.059375 0.064062
27 0.419531 0.622656 0.073438 0.070312
34 0.499219 0.621875 0.064062 0.068750
0 0.091406 0.726562 0.057813 0.065625
37 0.168750 0.725000 0.059375 0.062500
2 0.239063 0.725781 0.059375 0.064062
14 0.311719 0.725000 0.060937 0.062500
