33 0.093750 0.095312 0.062500 0.065625
21 0.167187 0.094531 0.065625 0.064062
6 0.256250 0.095312 0.071875 0.065625
18 0.344531 0.094531 0.064062 0.064062
32 0.419531 0.093750 0.057813 0.062500
14 0.486719 0.093750 0.060937 0.062500
11 0.564063 0.095312 0.059375 0.065625
6 0.098437 0.196875 0.071875 0.065625
3 0.174219 0.196875 0.057813 0.065625
4 0.248438 0.198437 0.062500 0.068750
34 0.325781 0.198437 0.064062 0.068750
28 0.097656 0.305469 0.070312 0.073438
7 0.173437 0.300000 0.062500 0.062500
20 0.246094 0.304688 0.060937 0.071875
35 0.331250 0.302344 0.078125 0.067187
5 0.426563 0.302344 0.071875 0.067187
13 0.516406 0.302344 0.067187 0.067187
17 0.093750 0.414844 0.062500 0.067187
24 0.170313 0.414062 0.068750 0.065625
1 0.250000 0.414844 0.068750 0.067187
0 0.324219 0.414062 0.057813 0.065625
33 0.393750 0.414062 0.062500 0.065625
5 0.475000 0.414844 0.071875 0.067187
3 0.560156 0.414062 0.060937 0.065625
33 0.093750 0.521875 0.062500 0.065625
32 0.161719 0.520312 0.057813 0.062500
16 0.241406 0.522656 0.060937 0.067187
31 0.319531 0.521875 0.067187 0.065625
15 0.403906 0.528125 0.060937 0.078125
32 0.475781 0.521875 0.060937 0.065625
2 0.548438 0.521094 0.059375 0.064062
2 0.092188 0.636719 0.059375 0.064062
34 0.166406 0.639062 0.067187 0.068750
3 0.246094 0.639062 0.060937 0.068750
5 0.329688 0.636719 0.068750 0.064062
32 0.410156 0.635938 0.057813 0.062500
35 0.496875 0.638281 0.075000 0.067187
1 0.582812 0.638281 0.068750 0.067187
26 0.097656 0.742188 0.070312 0.062500
20 0.174219 0.748437 0.064062 0.075000
30 0.246094 0.743750 0.060937 0.065625
13 0.327344 0.744531 0.067187 0.067187
7 0.401562 0.742188 0.062500 0.062500
18 0.477344 0.744531 0.067187 0.067187
0 0.091406 0.859375 0.057813 0.065625
12 0.169531 0.858594 0.067187 0.064062
1 0.254688 0.861719 0.071875 0.070312
26 0.342969 0.857812 0.070312 0.062500
33 0.418750 0.859375 0.062500 0.065625
