13 0.094531 0.094531 0.064062 0.064062
3 0.166406 0.095312 0.057813 0.065625
16 0.236719 0.094531 0.057813 0.064062
26 0.322656 0.095312 0.073438 0.065625
34 0.400781 0.096875 0.064062 0.068750
24 0.096875 0.195312 0.068750 0.062500
36 0.173437 0.197656 0.068750 0.067187
15 0.253906 0.201563 0.057813 0.075000
12 0.335156 0.197656 0.067187 0.067187
17 0.407813 0.197656 0.062500 0.067187
0 0.092969 0.314063 0.060937 0.068750
29 0.157812 0.314844 0.046875 0.070312
0 0.217969 0.312500 0.057813 0.065625
24 0.290625 0.310937 0.068750 0.062500
30 0.091406 0.425000 0.057813 0.062500
32 0.158594 0.425000 0.057813 0.062500
30 0.236719 0.426563 0.060937 0.065625
4 0.309375 0.426563 0.059375 0.065625
1 0.384375 0.427344 0.068750 0.067187
15 0.461719 0.431250 0.057813 0.075000
13 0.532031 0.425781 0.064062 0.064062
4 0.093750 0.543750 0.062500 0.068750
18 0.169531 0.542969 0.067187 0.067187
5 0.256250 0.542969 0.071875 0.067187
33 0.342187 0.542188 0.062500 0.065625
8 0.412500 0.542188 0.050000 0.065625
22 0.482812 0.540625 0.068750 0.062500
30 0.091406 0.653125 0.057813 0.062500
12 0.166406 0.653906 0.067187 0.064062
26 0.253906 0.653125 0.070312 0.062500
32 0.332031 0.653125 0.057813 0.062500
28 0.410156 0.660156 0.073438 0.076563
13 0.497656 0.653906 0.064062 0.064062
17 0.573438 0.653906 0.059375 0.064062
6 0.096875 0.767188 0.068750 0.062500
11 0.175000 0.768750 0.059375 0.065625
16 0.242969 0.767969 0.060937 0.064062
34 0.317969 0.770312 0.064062 0.068750
35 0.407813 0.769531 0.075000 0.067187
