24 0.096875 0.095312 0.068750 0.065625
28 0.183594 0.100781 0.073438 0.076563
13 0.264844 0.096094 0.067187 0.067187
8 0.331250 0.093750 0.046875 0.062500
21 0.095312 0.208594 0.065625 0.064062
25 0.168750 0.208594 0.062500 0.064062
11 0.240625 0.209375 0.059375 0.065625
14 0.316406 0.207813 0.060937 0.062500
3 0.397656 0.210938 0.060937 0.068750
6 0.096875 0.320312 0.068750 0.062500
13 0.177344 0.322656 0.067187 0.067187
4 0.250000 0.323437 0.062500 0.068750
26 0.336719 0.321875 0.073438 0.065625
26 0.421094 0.320312 0.070312 0.062500
4 0.092188 0.425000 0.059375 0.065625
28 0.177344 0.428906 0.070312 0.073438
27 0.258594 0.427344 0.073438 0.070312
10 0.336719 0.426563 0.060937 0.068750
18 0.414844 0.425781 0.067187 0.067187
8 0.085938 0.540625 0.046875 0.062500
6 0.159375 0.540625 0.068750 0.062500
18 0.242969 0.541406 0.064062 0.064062
32 0.321094 0.542188 0.060937 0.065625
25 0.398438 0.541406 0.062500 0.064062
22 0.098437 0.648438 0.071875 0.065625
24 0.187500 0.646875 0.068750 0.062500
30 0.271094 0.646875 0.057813 0.062500
19 0.338281 0.651563 0.060937 0.071875
34 0.422656 0.651563 0.067187 0.071875
6 0.098437 0.764062 0.071875 0.065625
14 0.183594 0.762500 0.060937 0.062500
29 0.250000 0.766406 0.046875 0.070312
17 0.317188 0.763281 0.059375 0.064062
6 0.551562 0.093750 0.068750 0.062500
26 0.633594 0.095312 0.070312 0.065625
28 0.713281 0.099219 0.070312 0.073438
11 0.785937 0.095312 0.059375 0.065625
5 0.864062 0.096094 0.071875 0.067187
19 0.547656 0.206250 0.060937 0.071875
32 0.621094 0.201563 0.057813 0.062500
37 0.695312 0.201563 0.059375 0.062500
3 0.774219 0.204687 0.060937 0.068750
25 0.853125 0.202344 0.062500 0.064062
11 0.546875 0.312500 0.059375 0.065625
16 0.621094 0.313281 0.060937 0.067187
7 0.696875 0.310937 0.062500 0.062500
8 0.759375 0.310937 0.046875 0.062500
10 0.822656 0.314063 0.060937 0.068750
11 0.890625 0.312500 0.059375 0.065625
4 0.546875 0.418750 0.059375 0.065625
31 0.622656 0.418750 0.067187 0.065625
29 0.692187 0.421094 0.046875 0.070312
26 0.761719 0.417187 0.070312 0.062500
28 0.552344 0.535156 0.070312 0.073438
5 0.631250 0.532031 0.071875 0.067187
12 0.721094 0.530469 0.067187 0.064062
10 0.796094 0.534375 0.064062 0.071875
29 0.871875 0.533594 0.046875 0.070312
7 0.548438 0.643750 0.062500 0.062500
11 0.618750 0.645312 0.059375 0.065625
20 0.700781 0.648438 0.064062 0.071875
2 0.779687 0.644531 0.059375 0.064062
0 0.855469 0.645312 0.057813 0.065625
0 0.546094 0.757812 0.057813 0.065625
30 0.613281 0.756250 0.060937 0.062500
24 0.689063 0.756250 0.068750 0.062500
3 0.774219 0.759375 0.060937 0.068750
34 0.549219 0.865625 0.064062 0.068750
35 0.632812 0.864844 0.078125 0.067187
10 0.714844 0.865625 0.060937 0.068750
19 0.792969 0.867188 0.060937 0.071875
