19 0.092969 0.098437 0.060937 0.071875
37 0.164062 0.093750 0.059375 0.062500
34 0.238281 0.098437 0.067187 0.071875
15 0.317969 0.100000 0.057813 0.075000
30 0.392969 0.093750 0.057813 0.062500
10 0.092969 0.210938 0.060937 0.068750
14 0.163281 0.207813 0.060937 0.062500
33 0.246875 0.210938 0.065625 0.068750
12 0.325781 0.208594 0.067187 0.064062
23 0.398438 0.207813 0.062500 0.062500
31 0.096094 0.317188 0.067187 0.065625
18 0.183594 0.317969 0.067187 0.067187
33 0.265625 0.318750 0.065625 0.068750
37 0.346875 0.317188 0.062500 0.065625
36 0.426563 0.316406 0.068750 0.064062
0 0.091406 0.420312 0.057813 0.065625
12 0.163281 0.421094 0.070312 0.067187
32 0.247656 0.418750 0.057813 0.062500
33 0.317188 0.421875 0.065625 0.068750
8 0.387500 0.418750 0.046875 0.062500
22 0.096875 0.525000 0.068750 0.062500
1 0.184375 0.528906 0.071875 0.070312
14 0.269531 0.525000 0.060937 0.062500
6 0.346875 0.525000 0.068750 0.062500
1 0.429688 0.527344 0.068750 0.067187
31 0.549219 0.093750 0.064062 0.062500
1 0.629687 0.097656 0.071875 0.070312
24 0.712500 0.093750 0.068750 0.062500
7 0.789062 0.095312 0.065625 0.065625
32 0.869531 0.093750 0.057813 0.062500
25 0.548438 0.203906 0.062500 0.064062
23 0.621875 0.203125 0.062500 0.062500
2 0.701562 0.203906 0.059375 0.064062
30 0.771094 0.204687 0.060937 0.065625
31 0.549219 0.301563 0.064062 0.062500
37 0.625000 0.301563 0.059375 0.062500
7 0.703125 0.303125 0.065625 0.065625
31 0.788281 0.303125 0.067187 0.065625
11 0.868750 0.303125 0.059375 0.065625
33 0.550000 0.409375 0.065625 0.068750
32 0.630469 0.407813 0.060937 0.065625
14 0.699219 0.406250 0.060937 0.062500
6 0.784375 0.406250 0.068750 0.062500
6 0.868750 0.407813 0.071875 0.065625
20 0.547656 0.515625 0.060937 0.071875
1 0.626563 0.513281 0.068750 0.067187
6 0.706250 0.512500 0.071875 0.065625
15 0.788281 0.517188 0.060937 0.075000
