34 0.096094 0.098437 0.067187 0.071875
15 0.177344 0.100000 0.060937 0.075000
24 0.259375 0.095312 0.071875 0.065625
19 0.342969 0.098437 0.060937 0.071875
9 0.421875 0.094531 0.056250 0.064062
37 0.093750 0.206250 0.062500 0.065625
5 0.167187 0.205469 0.068750 0.064062
12 0.250781 0.207031 0.070312 0.067187
11 0.335938 0.207813 0.062500 0.068750
32 0.403906 0.204687 0.057813 0.062500
15 0.091406 0.323437 0.057813 0.075000
31 0.164844 0.317188 0.064062 0.062500
36 0.251563 0.317969 0.068750 0.064062
27 0.341406 0.321094 0.073438 0.070312
17 0.425000 0.319531 0.062500 0.067187
34 0.094531 0.429688 0.064062 0.068750
32 0.164844 0.426563 0.057813 0.062500
22 0.245312 0.428125 0.071875 0.065625
0 0.319531 0.429688 0.060937 0.068750
14 0.392969 0.428125 0.064062 0.065625
37 0.092188 0.528125 0.059375 0.062500
14 0.171094 0.529687 0.064062 0.065625
16 0.247656 0.528906 0.057813 0.064062
28 0.328906 0.533594 0.070312 0.073438
2 0.415625 0.530469 0.062500 0.067187
15 0.091406 0.642188 0.057813 0.075000
27 0.164844 0.638281 0.070312 0.067187
9 0.235937 0.636719 0.056250 0.064062
32 0.313281 0.635938 0.057813 0.062500
24 0.393750 0.637500 0.071875 0.065625
0 0.092969 0.757812 0.060937 0.068750
37 0.164062 0.754687 0.059375 0.062500
36 0.250000 0.757031 0.071875 0.067187
17 0.325000 0.755469 0.059375 0.064062
21 0.401562 0.757031 0.068750 0.067187
13 0.549219 0.094531 0.064062 0.064062
19 0.625781 0.098437 0.060937 0.071875
22 0.710938 0.093750 0.068750 0.062500
16 0.782031 0.094531 0.057813 0.064062
10 0.547656 0.203125 0.060937 0.068750
29 0.614062 0.203906 0.046875 0.070312
16 0.682031 0.200781 0.057813 0.064062
30 0.753906 0.200000 0.060937 0.062500
21 0.834375 0.202344 0.068750 0.067187
26 0.553906 0.309375 0.073438 0.065625
19 0.641406 0.312500 0.064062 0.071875
3 0.717969 0.310937 0.060937 0.068750
16 0.792969 0.310156 0.060937 0.067187
20 0.866406 0.312500 0.060937 0.071875
26 0.552344 0.418750 0.070312 0.062500
32 0.627344 0.420312 0.060937 0.065625
4 0.703125 0.420312 0.059375 0.065625
13 0.785156 0.421094 0.067187 0.067187
16 0.858594 0.419531 0.057813 0.064062
37 0.548438 0.521875 0.062500 0.065625
13 0.632031 0.521094 0.064062 0.064062
29 0.706250 0.525781 0.050000 0.073438
24 0.782813 0.521875 0.071875 0.065625
13 0.860156 0.521094 0.064062 0.064062
34 0.549219 0.632812 0.064062 0.068750
1 0.626563 0.632031 0.068750 0.067187
11 0.700000 0.631250 0.059375 0.065625
10 0.775781 0.632812 0.060937 0.068750
11 0.851562 0.632812 0.062500 0.068750
