21 0.096875 0.096094 0.068750 0.067187
16 0.171094 0.094531 0.057813 0.064062
17 0.243750 0.094531 0.059375 0.064062
15 0.319531 0.100000 0.057813 0.075000
9 0.385937 0.094531 0.056250 0.064062
6 0.467187 0.093750 0.068750 0.062500
2 0.092188 0.202344 0.059375 0.064062
16 0.169531 0.203906 0.060937 0.067187
11 0.239063 0.203125 0.059375 0.065625
18 0.321094 0.202344 0.064062 0.064062
12 0.400781 0.202344 0.067187 0.064062
7 0.093750 0.310937 0.062500 0.062500
0 0.163281 0.312500 0.057813 0.065625
30 0.232031 0.312500 0.060937 0.065625
9 0.309375 0.313281 0.059375 0.067187
33 0.385937 0.314063 0.065625 0.068750
0 0.461719 0.312500 0.057813 0.065625
11 0.092188 0.417187 0.059375 0.065625
5 0.164062 0.416406 0.068750 0.064062
26 0.244531 0.417187 0.073438 0.065625
30 0.327344 0.415625 0.057813 0.062500
1 0.412500 0.419531 0.071875 0.070312
32 0.092969 0.521875 0.060937 0.062500
32 0.172656 0.521875 0.057813 0.062500
29 0.235937 0.525781 0.046875 0.070312
22 0.306250 0.521875 0.068750 0.062500
30 0.391406 0.523438 0.060937 0.065625
35 0.470313 0.524219 0.078125 0.067187
19 0.553906 0.526563 0.060937 0.071875
3 0.091406 0.632812 0.057813 0.065625
15 0.164844 0.639062 0.060937 0.078125
8 0.232813 0.631250 0.050000 0.062500
19 0.308594 0.635938 0.060937 0.071875
