10 0.094531 0.098437 0.064062 0.071875
32 0.166406 0.095312 0.060937 0.065625
0 0.246094 0.096875 0.060937 0.068750
30 0.321094 0.093750 0.057813 0.062500
0 0.091406 0.200000 0.057813 0.065625
15 0.166406 0.204687 0.057813 0.075000
36 0.250000 0.200781 0.071875 0.067187
20 0.330469 0.204687 0.064062 0.075000
19 0.403906 0.204687 0.064062 0.075000
11 0.092188 0.312500 0.059375 0.065625
16 0.166406 0.311719 0.057813 0.064062
10 0.244531 0.314063 0.060937 0.068750
19 0.317969 0.315625 0.060937 0.071875
22 0.403125 0.310937 0.068750 0.062500
17 0.092188 0.427344 0.059375 0.064062
13 0.174219 0.427344 0.064062 0.064062
3 0.257031 0.429688 0.060937 0.068750
23 0.326562 0.426563 0.062500 0.062500
37 0.092188 0.532813 0.059375 0.062500
21 0.165625 0.533594 0.065625 0.064062
13 0.249219 0.535156 0.067187 0.067187
33 0.323437 0.534375 0.062500 0.065625
23 0.548438 0.093750 0.062500 0.062500
19 0.621094 0.098437 0.060937 0.071875
11 0.693750 0.095312 0.062500 0.065625
36 0.770312 0.094531 0.068750 0.064062
7 0.851562 0.093750 0.062500 0.062500
20 0.549219 0.212500 0.064062 0.075000
22 0.631250 0.207813 0.071875 0.065625
17 0.712500 0.207031 0.059375 0.064062
9 0.778125 0.207031 0.056250 0.064062
6 0.853125 0.206250 0.068750 0.062500
29 0.540625 0.319531 0.046875 0.070312
26 0.614844 0.315625 0.070312 0.062500
19 0.692969 0.320312 0.060937 0.071875
11 0.773438 0.318750 0.062500 0.068750
30 0.546094 0.425000 0.057813 0.062500
36 0.621875 0.425781 0.068750 0.064062
32 0.694531 0.426563 0.060937 0.065625
5 0.768750 0.425781 0.068750 0.064062
14 0.549219 0.531250 0.064062 0.065625
5 0.635938 0.532031 0.071875 0.067187
13 0.713281 0.530469 0.064062 0.064062
7 0.787500 0.529687 0.062500 0.062500
33 0.865625 0.532813 0.065625 0.068750
7 0.550000 0.640625 0.065625 0.065625
35 0.640625 0.639844 0.075000 0.064062
2 0.729688 0.639844 0.062500 0.064062
13 0.811719 0.639844 0.064062 0.064062
25 0.887500 0.639844 0.062500 0.064062
2 0.546875 0.746094 0.059375 0.064062
10 0.621094 0.748437 0.060937 0.068750
0 0.697656 0.748437 0.060937 0.068750
12 0.782031 0.747656 0.070312 0.067187
6 0.551562 0.846875 0.068750 0.062500
32 0.630469 0.846875 0.057813 0.062500
4 0.706250 0.848437 0.059375 0.065625
31 0.782031 0.848437 0.067187 0.065625
