18 0.096094 0.096094 0.067187 0.067187
18 0.180469 0.094531 0.064062 0.064062
17 0.260937 0.094531 0.059375 0.064062
13 0.336719 0.094531 0.064062 0.064062
33 0.410938 0.095312 0.062500 0.065625
16 0.480469 0.096094 0.060937 0.067187
2 0.560937 0.096094 0.062500 0.067187
9 0.090625 0.196094 0.056250 0.064062
19 0.169531 0.200000 0.060937 0.071875
33 0.245312 0.198437 0.065625 0.068750
22 0.329688 0.195312 0.068750 0.062500
35 0.100000 0.302344 0.075000 0.064062
26 0.183594 0.301563 0.070312 0.062500
3 0.269531 0.304688 0.060937 0.068750
24 0.353125 0.301563 0.068750 0.062500
30 0.430469 0.303125 0.060937 0.065625
2 0.092188 0.410156 0.059375 0.064062
23 0.168750 0.409375 0.062500 0.062500
9 0.240625 0.410156 0.056250 0.064062
2 0.317188 0.410156 0.062500 0.064062
14 0.399219 0.410938 0.064062 0.065625
22 0.485938 0.410938 0.071875 0.065625
37 0.570312 0.410938 0.062500 0.065625
25 0.093750 0.519531 0.062500 0.064062
4 0.167187 0.521875 0.062500 0.068750
1 0.242188 0.522656 0.071875 0.070312
31 0.319531 0.518750 0.064062 0.062500
19 0.396094 0.525000 0.064062 0.075000
18 0.094531 0.630469 0.064062 0.064062
16 0.166406 0.630469 0.060937 0.064062
16 0.239844 0.630469 0.057813 0.064062
34 0.310156 0.634375 0.067187 0.071875
6 0.400000 0.631250 0.071875 0.065625
4 0.093750 0.745313 0.062500 0.068750
26 0.167969 0.742188 0.070312 0.062500
12 0.257031 0.744531 0.070312 0.067187
29 0.332813 0.746094 0.050000 0.070312
37 0.398438 0.742188 0.059375 0.062500
30 0.464844 0.742188 0.057813 0.062500
