34 0.096094 0.098437 0.067187 0.071875
9 0.176563 0.094531 0.056250 0.064062
21 0.256250 0.094531 0.065625 0.064062
23 0.329688 0.095312 0.065625 0.065625
29 0.406250 0.097656 0.046875 0.070312
37 0.470313 0.093750 0.059375 0.062500
8 0.543750 0.093750 0.046875 0.062500
3 0.091406 0.206250 0.057813 0.065625
12 0.166406 0.207031 0.067187 0.067187
37 0.239063 0.204687 0.059375 0.062500
24 0.325000 0.206250 0.071875 0.065625
5 0.406250 0.205469 0.068750 0.064062
10 0.094531 0.317188 0.064062 0.071875
30 0.175781 0.314063 0.060937 0.065625
32 0.247656 0.312500 0.057813 0.062500
21 0.317188 0.313281 0.065625 0.064062
16 0.091406 0.417969 0.057813 0.064062
18 0.161719 0.417969 0.064062 0.064062
0 0.239844 0.418750 0.057813 0.065625
16 0.317969 0.417969 0.057813 0.064062
32 0.394531 0.418750 0.060937 0.065625
12 0.467969 0.417969 0.067187 0.064062
3 0.541406 0.418750 0.057813 0.065625
28 0.097656 0.530469 0.070312 0.073438
20 0.182031 0.529687 0.060937 0.071875
15 0.252344 0.531250 0.057813 0.075000
0 0.327344 0.526563 0.057813 0.065625
22 0.406250 0.525000 0.068750 0.062500
10 0.094531 0.640625 0.064062 0.071875
30 0.174219 0.635938 0.057813 0.062500
28 0.246094 0.641406 0.070312 0.073438
16 0.327344 0.636719 0.057813 0.064062
30 0.394531 0.637500 0.060937 0.065625
23 0.093750 0.750000 0.062500 0.062500
23 0.165625 0.751563 0.065625 0.065625
36 0.248438 0.750781 0.068750 0.064062
28 0.335156 0.755469 0.070312 0.073438
28 0.419531 0.757031 0.073438 0.076563
28 0.499219 0.755469 0.070312 0.073438
