37 0.092188 0.093750 0.059375 0.062500
10 0.171094 0.096875 0.060937 0.068750
29 0.234375 0.097656 0.046875 0.070312
37 0.300000 0.093750 0.059375 0.062500
27 0.377344 0.097656 0.073438 0.070312
16 0.092969 0.210156 0.060937 0.067187
31 0.172656 0.209375 0.067187 0.065625
0 0.246094 0.210938 0.060937 0.068750
4 0.321875 0.209375 0.059375 0.065625
27 0.397656 0.211719 0.070312 0.070312
9 0.092188 0.316406 0.059375 0.067187
35 0.173437 0.316406 0.078125 0.067187
36 0.265625 0.314844 0.068750 0.064062
4 0.351562 0.317188 0.062500 0.068750
5 0.432812 0.314844 0.068750 0.064062
9 0.092188 0.421094 0.059375 0.064062
17 0.170313 0.421094 0.059375 0.064062
17 0.239063 0.421094 0.059375 0.064062
26 0.319531 0.421875 0.073438 0.065625
2 0.396875 0.422656 0.062500 0.067187
29 0.087500 0.533594 0.050000 0.070312
5 0.162500 0.530469 0.068750 0.064062
14 0.241406 0.531250 0.064062 0.065625
8 0.312500 0.529687 0.046875 0.062500
14 0.092969 0.642188 0.060937 0.062500
3 0.160156 0.643750 0.057813 0.065625
37 0.228125 0.642188 0.059375 0.062500
1 0.309375 0.644531 0.068750 0.067187
10 0.385156 0.645312 0.060937 0.068750
16 0.092969 0.755469 0.060937 0.067187
4 0.170313 0.756250 0.062500 0.068750
4 0.248438 0.754687 0.059375 0.065625
23 0.317188 0.753125 0.062500 0.062500
31 0.550781 0.095312 0.067187 0.065625
17 0.626563 0.094531 0.059375 0.064062
7 0.703125 0.093750 0.062500 0.062500
36 0.787500 0.094531 0.068750 0.064062
34 0.864844 0.096875 0.064062 0.068750
5 0.551562 0.203906 0.068750 0.064062
26 0.630469 0.204687 0.070312 0.065625
36 0.715625 0.203906 0.068750 0.064062
12 0.802344 0.203906 0.067187 0.064062
21 0.550000 0.310156 0.065625 0.064062
20 0.624219 0.315625 0.064062 0.075000
4 0.704688 0.310937 0.059375 0.065625
23 0.781250 0.309375 0.062500 0.062500
8 0.856250 0.309375 0.050000 0.062500
23 0.548438 0.426563 0.062500 0.062500
29 0.618750 0.430469 0.050000 0.070312
11 0.685937 0.428125 0.059375 0.065625
28 0.760156 0.433594 0.073438 0.076563
20 0.838281 0.431250 0.060937 0.071875
24 0.551562 0.542188 0.068750 0.062500
20 0.630469 0.546875 0.060937 0.071875
25 0.710938 0.542969 0.062500 0.064062
36 0.796875 0.542969 0.068750 0.064062
