19 0.094531 0.100000 0.064062 0.075000
22 0.173437 0.095312 0.071875 0.065625
17 0.254688 0.094531 0.059375 0.064062
33 0.334375 0.096875 0.065625 0.068750
24 0.410938 0.093750 0.068750 0.062500
8 0.087500 0.206250 0.050000 0.062500
9 0.156250 0.208594 0.059375 0.067187
18 0.233594 0.208594 0.067187 0.067187
6 0.310937 0.207813 0.071875 0.065625
25 0.385937 0.207031 0.062500 0.064062
5 0.096875 0.316406 0.068750 0.064062
1 0.181250 0.317969 0.068750 0.067187
2 0.264062 0.316406 0.059375 0.064062
9 0.332813 0.317969 0.059375 0.067187
32 0.411719 0.315625 0.057813 0.062500
12 0.096094 0.419531 0.067187 0.064062
3 0.175781 0.420312 0.057813 0.065625
25 0.250000 0.419531 0.062500 0.064062
6 0.325000 0.418750 0.068750 0.062500
4 0.403125 0.421875 0.062500 0.068750
9 0.090625 0.522656 0.056250 0.064062
13 0.169531 0.522656 0.064062 0.064062
3 0.241406 0.523438 0.060937 0.065625
7 0.317188 0.521875 0.062500 0.062500
37 0.395313 0.521875 0.059375 0.062500
2 0.548438 0.096094 0.062500 0.067187
12 0.632031 0.096094 0.070312 0.067187
1 0.714063 0.097656 0.071875 0.070312
6 0.804688 0.095312 0.071875 0.065625
23 0.890625 0.095312 0.065625 0.065625
29 0.542188 0.203906 0.050000 0.070312
14 0.616406 0.201563 0.064062 0.065625
28 0.694531 0.205469 0.070312 0.073438
8 0.767188 0.201563 0.050000 0.065625
19 0.549219 0.315625 0.064062 0.075000
9 0.620313 0.310156 0.056250 0.064062
21 0.700000 0.310156 0.065625 0.064062
25 0.778125 0.310156 0.062500 0.064062
12 0.863281 0.310156 0.067187 0.064062
31 0.549219 0.423438 0.064062 0.062500
2 0.631250 0.425781 0.062500 0.067187
35 0.710938 0.424219 0.075000 0.064062
9 0.795312 0.425781 0.059375 0.067187
9 0.862500 0.425781 0.059375 0.067187
20 0.549219 0.537500 0.064062 0.075000
15 0.622656 0.537500 0.057813 0.075000
16 0.688281 0.532031 0.057813 0.064062
28 0.763281 0.536719 0.070312 0.073438
20 0.841406 0.537500 0.064062 0.075000
36 0.551562 0.641406 0.068750 0.064062
11 0.631250 0.642188 0.059375 0.065625
26 0.710156 0.642188 0.073438 0.065625
20 0.788281 0.645312 0.060937 0.071875
5 0.865625 0.641406 0.068750 0.064062
1 0.551562 0.758594 0.068750 0.067187
29 0.623437 0.760156 0.050000 0.070312
37 0.690625 0.756250 0.059375 0.062500
8 0.762500 0.756250 0.046875 0.062500
5 0.834375 0.758594 0.071875 0.067187
17 0.546875 0.866406 0.059375 0.064062
23 0.618750 0.865625 0.062500 0.062500
28 0.694531 0.872656 0.073438 0.076563
15 0.772656 0.873437 0.060937 0.078125
