0 0.092969 0.095312 0.060937 0.065625
14 0.166406 0.093750 0.060937 0.062500
24 0.245312 0.095312 0.071875 0.065625
29 0.325000 0.097656 0.046875 0.070312
31 0.094531 0.196875 0.064062 0.062500
35 0.178125 0.197656 0.075000 0.064062
36 0.262500 0.199219 0.071875 0.067187
6 0.353125 0.196875 0.068750 0.062500
36 0.098437 0.308594 0.071875 0.067187
34 0.185156 0.309375 0.064062 0.068750
9 0.267188 0.307031 0.059375 0.064062
4 0.343750 0.309375 0.062500 0.068750
29 0.085938 0.417969 0.046875 0.070312
32 0.150781 0.415625 0.060937 0.065625
28 0.227344 0.419531 0.070312 0.073438
29 0.307812 0.417969 0.050000 0.070312
6 0.382812 0.414062 0.068750 0.062500
11 0.092188 0.531250 0.059375 0.065625
4 0.162500 0.531250 0.059375 0.065625
17 0.242188 0.530469 0.059375 0.064062
36 0.314063 0.530469 0.068750 0.064062
34 0.394531 0.532813 0.064062 0.068750
7 0.095312 0.632812 0.065625 0.065625
6 0.178125 0.631250 0.068750 0.062500
14 0.257031 0.631250 0.060937 0.062500
25 0.329688 0.632031 0.062500 0.064062
14 0.410156 0.631250 0.060937 0.062500
4 0.546875 0.095312 0.059375 0.065625
27 0.630469 0.096094 0.070312 0.067187
7 0.717187 0.093750 0.062500 0.062500
7 0.798438 0.095312 0.065625 0.065625
32 0.867969 0.093750 0.057813 0.062500
36 0.553125 0.207031 0.071875 0.067187
29 0.626563 0.208594 0.050000 0.070312
32 0.702344 0.206250 0.060937 0.065625
0 0.780469 0.207813 0.060937 0.068750
13 0.857031 0.205469 0.064062 0.064062
4 0.546875 0.317188 0.059375 0.065625
28 0.627344 0.322656 0.073438 0.076563
28 0.716406 0.321094 0.070312 0.073438
10 0.792969 0.318750 0.060937 0.068750
14 0.867969 0.315625 0.060937 0.062500
36 0.551562 0.430469 0.068750 0.064062
21 0.634375 0.430469 0.065625 0.064062
34 0.716406 0.432812 0.064062 0.068750
32 0.797656 0.429688 0.057813 0.062500
14 0.549219 0.535937 0.064062 0.065625
14 0.633594 0.535937 0.064062 0.065625
6 0.717187 0.534375 0.068750 0.062500
24 0.795312 0.535937 0.071875 0.065625
35 0.879687 0.535156 0.075000 0.064062
12 0.550781 0.644531 0.067187 0.064062
5 0.631250 0.646094 0.071875 0.067187
10 0.717969 0.646875 0.060937 0.068750
24 0.792188 0.645312 0.068750 0.065625
22 0.882812 0.645312 0.071875 0.065625
8 0.540625 0.751563 0.046875 0.062500
12 0.616406 0.752344 0.067187 0.064062
30 0.696094 0.753125 0.060937 0.065625
13 0.778906 0.753906 0.067187 0.067187
26 0.857031 0.751563 0.070312 0.062500
28 0.553906 0.858594 0.073438 0.076563
35 0.648438 0.852344 0.075000 0.064062
13 0.732031 0.852344 0.064062 0.064062
37 0.812500 0.851562 0.059375 0.062500
33 0.881250 0.853125 0.062500 0.065625
