28 0.099219 0.100781 0.073438 0.076563
0 0.175781 0.096875 0.060937 0.068750
5 0.260937 0.094531 0.068750 0.064062
5 0.343750 0.096094 0.071875 0.067187
16 0.091406 0.211719 0.057813 0.064062
23 0.164062 0.212500 0.065625 0.065625
16 0.238281 0.211719 0.057813 0.064062
8 0.307812 0.210938 0.046875 0.062500
18 0.094531 0.313281 0.064062 0.064062
5 0.175000 0.314844 0.071875 0.067187
0 0.255469 0.314063 0.057813 0.065625
16 0.322656 0.313281 0.057813 0.064062
18 0.394531 0.313281 0.064062 0.064062
33 0.467187 0.315625 0.065625 0.068750
25 0.095312 0.427344 0.065625 0.067187
32 0.167969 0.426563 0.060937 0.065625
17 0.250000 0.425781 0.062500 0.064062
12 0.333594 0.427344 0.070312 0.067187
3 0.419531 0.428125 0.060937 0.068750
3 0.091406 0.539062 0.057813 0.065625
2 0.167187 0.538281 0.059375 0.064062
34 0.236719 0.540625 0.064062 0.068750
27 0.316406 0.539844 0.070312 0.067187
18 0.397656 0.539844 0.067187 0.067187
4 0.478125 0.539062 0.059375 0.065625
30 0.092969 0.640625 0.060937 0.065625
34 0.164844 0.642188 0.067187 0.068750
21 0.242188 0.641406 0.068750 0.067187
4 0.321875 0.640625 0.062500 0.065625
25 0.393750 0.641406 0.065625 0.067187
31 0.094531 0.742188 0.064062 0.062500
24 0.170313 0.742188 0.068750 0.062500
13 0.257031 0.742969 0.064062 0.064062
22 0.339062 0.743750 0.071875 0.065625
13 0.425781 0.742969 0.064062 0.064062
