7 0.095312 0.095312 0.065625 0.065625
8 0.165625 0.093750 0.046875 0.062500
19 0.228906 0.098437 0.060937 0.071875
17 0.298438 0.094531 0.059375 0.064062
32 0.369531 0.093750 0.057813 0.062500
19 0.442969 0.098437 0.060937 0.071875
19 0.094531 0.215625 0.064062 0.075000
34 0.167969 0.212500 0.064062 0.068750
18 0.253906 0.211719 0.067187 0.067187
27 0.339844 0.211719 0.070312 0.067187
20 0.427344 0.215625 0.064062 0.075000
26 0.097656 0.321875 0.070312 0.062500
5 0.189062 0.324219 0.071875 0.067187
6 0.273438 0.321875 0.068750 0.062500
6 0.356250 0.321875 0.068750 0.062500
19 0.441406 0.326562 0.060937 0.071875
35 0.100000 0.428906 0.075000 0.064062
24 0.187500 0.429688 0.071875 0.065625
13 0.271094 0.430469 0.067187 0.067187
23 0.346875 0.428125 0.062500 0.062500
23 0.423438 0.428125 0.062500 0.062500
22 0.096875 0.539062 0.068750 0.065625
21 0.179688 0.538281 0.065625 0.064062
0 0.261719 0.540625 0.060937 0.068750
31 0.336719 0.537500 0.064062 0.062500
21 0.410938 0.539844 0.068750 0.067187
9 0.090625 0.646094 0.056250 0.064062
23 0.167187 0.645312 0.062500 0.062500
17 0.245312 0.646094 0.062500 0.064062
2 0.320312 0.646094 0.059375 0.064062
12 0.096094 0.752344 0.067187 0.064062
27 0.177344 0.755469 0.073438 0.070312
28 0.263281 0.758594 0.073438 0.076563
26 0.355469 0.751563 0.070312 0.062500
20 0.436719 0.756250 0.060937 0.071875
28 0.552344 0.099219 0.070312 0.073438
14 0.638281 0.093750 0.060937 0.062500
26 0.722656 0.095312 0.073438 0.065625
19 0.802344 0.098437 0.060937 0.071875
12 0.883594 0.096094 0.070312 0.067187
2 0.546875 0.200781 0.059375 0.064062
13 0.627344 0.200781 0.064062 0.064062
20 0.700781 0.204687 0.060937 0.071875
5 0.782813 0.200781 0.068750 0.064062
29 0.848437 0.203906 0.046875 0.070312
32 0.547656 0.306250 0.060937 0.065625
27 0.632031 0.307031 0.070312 0.067187
21 0.718750 0.305469 0.065625 0.064062
21 0.795312 0.307031 0.068750 0.067187
4 0.548438 0.414062 0.062500 0.068750
4 0.628125 0.412500 0.062500 0.065625
32 0.700781 0.410938 0.057813 0.062500
16 0.769531 0.413281 0.060937 0.067187
25 0.851562 0.411719 0.062500 0.064062
27 0.553906 0.521094 0.073438 0.070312
35 0.642188 0.517969 0.075000 0.064062
10 0.732031 0.521875 0.064062 0.071875
3 0.803906 0.518750 0.057813 0.065625
13 0.877344 0.517969 0.064062 0.064062
10 0.547656 0.635938 0.060937 0.068750
34 0.627344 0.637500 0.067187 0.071875
22 0.712500 0.634375 0.071875 0.065625
24 0.792188 0.632812 0.068750 0.062500
32 0.874219 0.634375 0.060937 0.065625
33 0.548438 0.748437 0.062500 0.065625
6 0.634375 0.746875 0.068750 0.062500
8 0.709375 0.746875 0.046875 0.062500
8 0.771875 0.746875 0.050000 0.062500
17 0.843750 0.749219 0.062500 0.067187
35 0.554688 0.858594 0.075000 0.067187
29 0.626563 0.860156 0.050000 0.070312
7 0.698438 0.857812 0.065625 0.065625
5 0.775000 0.857031 0.068750 0.064062
9 0.853125 0.858594 0.059375 0.067187
