34 0.094531 0.096875 0.064062 0.068750
14 0.169531 0.093750 0.060937 0.062500
18 0.242969 0.094531 0.064062 0.064062
11 0.317188 0.096875 0.062500 0.068750
0 0.391406 0.095312 0.057813 0.065625
8 0.457813 0.093750 0.046875 0.062500
7 0.525000 0.093750 0.062500 0.062500
20 0.092969 0.200000 0.060937 0.071875
8 0.165625 0.195312 0.050000 0.062500
29 0.223438 0.199219 0.046875 0.070312
20 0.297656 0.201563 0.064062 0.075000
26 0.377344 0.196875 0.073438 0.065625
7 0.454688 0.196875 0.065625 0.065625
21 0.542188 0.197656 0.068750 0.067187
0 0.092969 0.317188 0.060937 0.068750
16 0.166406 0.314844 0.060937 0.064062
9 0.245312 0.316406 0.059375 0.067187
9 0.318750 0.314844 0.056250 0.064062
8 0.385937 0.314063 0.050000 0.062500
25 0.459375 0.314844 0.062500 0.064062
26 0.099219 0.428125 0.073438 0.065625
33 0.176563 0.428125 0.065625 0.065625
27 0.257031 0.430469 0.073438 0.070312
4 0.335938 0.428125 0.059375 0.065625
37 0.412500 0.426563 0.059375 0.062500
20 0.094531 0.543750 0.064062 0.075000
22 0.181250 0.539062 0.071875 0.065625
23 0.260937 0.537500 0.062500 0.062500
17 0.339062 0.538281 0.059375 0.064062
29 0.087500 0.652344 0.050000 0.073438
3 0.158594 0.648438 0.057813 0.065625
18 0.232031 0.647656 0.064062 0.064062
7 0.304688 0.646875 0.062500 0.062500
24 0.384375 0.648438 0.068750 0.065625
33 0.462500 0.650000 0.065625 0.068750
12 0.096094 0.763281 0.067187 0.064062
24 0.175000 0.762500 0.068750 0.062500
14 0.250781 0.762500 0.060937 0.062500
0 0.324219 0.764062 0.060937 0.065625
4 0.396875 0.764062 0.059375 0.065625
33 0.468750 0.765625 0.065625 0.068750
36 0.096875 0.866406 0.068750 0.064062
7 0.176563 0.865625 0.062500 0.062500
2 0.250000 0.866406 0.059375 0.064062
24 0.323437 0.867188 0.071875 0.065625
28 0.413281 0.872656 0.073438 0.076563
5 0.504687 0.866406 0.068750 0.064062
