11 0.093750 0.096875 0.062500 0.068750
33 0.168750 0.095312 0.062500 0.065625
29 0.232813 0.097656 0.046875 0.070312
15 0.299219 0.100000 0.057813 0.075000
21 0.096875 0.208594 0.068750 0.067187
35 0.189062 0.207031 0.075000 0.064062
7 0.273438 0.206250 0.062500 0.062500
2 0.353125 0.207031 0.059375 0.064062
35 0.101562 0.313281 0.078125 0.067187
9 0.181250 0.311719 0.056250 0.064062
4 0.253125 0.314063 0.062500 0.068750
10 0.330469 0.314063 0.060937 0.068750
8 0.393750 0.310937 0.046875 0.062500
16 0.091406 0.413281 0.057813 0.064062
2 0.165625 0.414844 0.062500 0.067187
16 0.236719 0.413281 0.057813 0.064062
36 0.320312 0.414844 0.071875 0.067187
7 0.403125 0.414062 0.065625 0.065625
13 0.096094 0.519531 0.067187 0.067187
23 0.179688 0.517188 0.062500 0.062500
26 0.261719 0.518750 0.073438 0.065625
35 0.345313 0.519531 0.078125 0.067187
16 0.424219 0.517969 0.057813 0.064062
23 0.093750 0.628125 0.062500 0.062500
22 0.168750 0.629687 0.071875 0.065625
32 0.247656 0.628125 0.057813 0.062500
14 0.324219 0.629687 0.064062 0.065625
31 0.399219 0.629687 0.067187 0.065625
26 0.097656 0.729688 0.070312 0.062500
35 0.185938 0.730469 0.075000 0.064062
34 0.269531 0.732812 0.064062 0.068750
22 0.348438 0.731250 0.071875 0.065625
7 0.423438 0.729688 0.062500 0.062500
11 0.548438 0.096875 0.062500 0.068750
23 0.628125 0.093750 0.062500 0.062500
25 0.710938 0.094531 0.062500 0.064062
9 0.790625 0.094531 0.059375 0.064062
21 0.868750 0.096094 0.068750 0.067187
33 0.550000 0.209375 0.065625 0.068750
37 0.629687 0.207813 0.062500 0.065625
26 0.710156 0.206250 0.070312 0.062500
25 0.796875 0.207031 0.062500 0.064062
28 0.883594 0.211719 0.070312 0.073438
28 0.552344 0.324219 0.070312 0.073438
28 0.632031 0.325781 0.073438 0.076563
24 0.718750 0.318750 0.068750 0.062500
20 0.802344 0.323437 0.060937 0.071875
26 0.885156 0.318750 0.070312 0.062500
8 0.540625 0.434375 0.046875 0.062500
19 0.614844 0.439063 0.060937 0.071875
29 0.678125 0.438281 0.050000 0.070312
13 0.757031 0.436719 0.067187 0.067187
34 0.833594 0.437500 0.064062 0.068750
11 0.546875 0.543750 0.059375 0.065625
20 0.616406 0.546875 0.060937 0.071875
2 0.695312 0.542969 0.059375 0.064062
31 0.772656 0.543750 0.067187 0.065625
33 0.850000 0.545312 0.065625 0.068750
