2 0.092188 0.094531 0.059375 0.064062
25 0.173437 0.094531 0.062500 0.064062
37 0.256250 0.093750 0.062500 0.062500
16 0.328906 0.094531 0.057813 0.064062
14 0.399219 0.093750 0.060937 0.062500
14 0.092969 0.198437 0.060937 0.062500
14 0.174219 0.200000 0.064062 0.065625
29 0.251563 0.203906 0.050000 0.073438
26 0.332031 0.198437 0.070312 0.062500
27 0.411719 0.200781 0.070312 0.067187
5 0.096875 0.316406 0.068750 0.064062
13 0.185156 0.317969 0.067187 0.067187
9 0.260937 0.317969 0.059375 0.067187
32 0.339844 0.315625 0.057813 0.062500
20 0.411719 0.320312 0.060937 0.071875
26 0.099219 0.431250 0.073438 0.065625
33 0.182812 0.431250 0.062500 0.065625
14 0.255469 0.431250 0.064062 0.065625
12 0.330469 0.430469 0.067187 0.064062
16 0.403906 0.430469 0.057813 0.064062
23 0.095312 0.537500 0.065625 0.065625
3 0.177344 0.537500 0.057813 0.065625
8 0.237500 0.535937 0.046875 0.062500
24 0.307812 0.535937 0.068750 0.062500
1 0.393750 0.539844 0.071875 0.070312
26 0.097656 0.650000 0.070312 0.062500
31 0.186719 0.651563 0.067187 0.065625
24 0.273438 0.650000 0.068750 0.062500
20 0.347656 0.654687 0.064062 0.071875
34 0.428906 0.653125 0.064062 0.068750
7 0.095312 0.765625 0.065625 0.065625
16 0.166406 0.764844 0.057813 0.064062
2 0.239063 0.764844 0.059375 0.064062
16 0.311719 0.766406 0.060937 0.067187
15 0.389844 0.770312 0.057813 0.075000
31 0.549219 0.093750 0.064062 0.062500
23 0.628125 0.093750 0.062500 0.062500
31 0.708594 0.093750 0.064062 0.062500
21 0.784375 0.096094 0.068750 0.067187
21 0.864062 0.094531 0.065625 0.064062
3 0.547656 0.203125 0.060937 0.068750
15 0.621094 0.206250 0.057813 0.075000
4 0.695312 0.203125 0.062500 0.068750
28 0.782031 0.207031 0.073438 0.076563
25 0.548438 0.313281 0.062500 0.064062
8 0.618750 0.312500 0.046875 0.062500
25 0.685937 0.314844 0.065625 0.067187
32 0.760156 0.312500 0.057813 0.062500
27 0.846094 0.316406 0.073438 0.070312
19 0.549219 0.421875 0.064062 0.071875
19 0.632031 0.423438 0.064062 0.075000
12 0.717969 0.419531 0.070312 0.067187
4 0.804688 0.420312 0.062500 0.068750
0 0.885156 0.418750 0.057813 0.065625
18 0.549219 0.533594 0.064062 0.064062
20 0.627344 0.539062 0.064062 0.075000
9 0.696875 0.533594 0.056250 0.064062
12 0.774219 0.533594 0.067187 0.064062
35 0.854688 0.535156 0.078125 0.067187
31 0.550781 0.650000 0.067187 0.065625
12 0.635156 0.649219 0.067187 0.064062
35 0.715625 0.650781 0.078125 0.067187
0 0.799219 0.650000 0.057813 0.065625
18 0.880469 0.650781 0.067187 0.067187
12 0.550781 0.752344 0.067187 0.064062
16 0.628906 0.752344 0.057813 0.064062
29 0.703125 0.755469 0.050000 0.070312
15 0.771094 0.757812 0.057813 0.075000
31 0.849219 0.751563 0.064062 0.062500
