24 0.098437 0.095312 0.071875 0.065625
37 0.182812 0.095312 0.062500 0.065625
34 0.258594 0.096875 0.064062 0.068750
8 0.326562 0.093750 0.050000 0.062500
24 0.403125 0.093750 0.068750 0.062500
9 0.090625 0.203906 0.056250 0.064062
36 0.173437 0.205469 0.071875 0.067187
37 0.248438 0.204687 0.062500 0.065625
27 0.327344 0.207031 0.073438 0.070312
4 0.409375 0.204687 0.059375 0.065625
7 0.492188 0.204687 0.065625 0.065625
9 0.090625 0.308594 0.056250 0.064062
9 0.162500 0.308594 0.056250 0.064062
17 0.234375 0.308594 0.059375 0.064062
1 0.307812 0.310156 0.068750 0.067187
24 0.098437 0.410938 0.071875 0.065625
0 0.183594 0.410938 0.057813 0.065625
6 0.260937 0.409375 0.068750 0.062500
37 0.334375 0.409375 0.059375 0.062500
0 0.413281 0.410938 0.057813 0.065625
35 0.100000 0.510156 0.075000 0.064062
6 0.182812 0.509375 0.068750 0.062500
6 0.268750 0.510938 0.071875 0.065625
32 0.349219 0.510938 0.060937 0.065625
35 0.431250 0.510156 0.075000 0.064062
20 0.516406 0.514062 0.060937 0.071875
0 0.596094 0.510938 0.057813 0.065625
36 0.096875 0.625781 0.068750 0.064062
19 0.183594 0.631250 0.064062 0.075000
12 0.264844 0.627344 0.070312 0.067187
16 0.336719 0.625781 0.057813 0.064062
1 0.417187 0.627344 0.068750 0.067187
10 0.094531 0.743750 0.064062 0.071875
21 0.168750 0.739844 0.065625 0.064062
8 0.237500 0.739062 0.046875 0.062500
8 0.304688 0.739062 0.046875 0.062500
10 0.375781 0.742188 0.060937 0.068750
32 0.092969 0.851562 0.060937 0.062500
2 0.167187 0.852344 0.059375 0.064062
4 0.243750 0.853125 0.062500 0.065625
25 0.326562 0.853906 0.065625 0.067187
19 0.408594 0.856250 0.060937 0.071875
8 0.484375 0.851562 0.050000 0.062500
16 0.547656 0.852344 0.060937 0.064062
