16 0.092969 0.094531 0.060937 0.064062
23 0.171875 0.093750 0.062500 0.062500
35 0.259375 0.096094 0.075000 0.067187
10 0.335156 0.096875 0.060937 0.068750
27 0.097656 0.199219 0.070312 0.067187
28 0.186719 0.202344 0.070312 0.073438
16 0.261719 0.199219 0.060937 0.067187
22 0.340625 0.196875 0.068750 0.062500
36 0.098437 0.313281 0.071875 0.067187
16 0.182031 0.311719 0.057813 0.064062
9 0.254688 0.313281 0.059375 0.067187
15 0.325781 0.318750 0.060937 0.078125
5 0.098437 0.432031 0.071875 0.067187
13 0.178906 0.432031 0.067187 0.067187
3 0.249219 0.431250 0.057813 0.065625
0 0.317969 0.432812 0.060937 0.068750
26 0.097656 0.542188 0.070312 0.062500
22 0.178125 0.542188 0.068750 0.062500
31 0.258594 0.542188 0.064062 0.062500
14 0.341406 0.542188 0.060937 0.062500
14 0.092969 0.637500 0.060937 0.062500
11 0.162500 0.639062 0.059375 0.065625
14 0.236719 0.639062 0.064062 0.065625
11 0.320312 0.640625 0.062500 0.068750
4 0.401562 0.639062 0.059375 0.065625
6 0.096875 0.745313 0.068750 0.062500
0 0.175781 0.748437 0.060937 0.068750
5 0.257812 0.747656 0.068750 0.067187
10 0.342969 0.748437 0.060937 0.068750
10 0.094531 0.854688 0.064062 0.071875
25 0.173437 0.852344 0.065625 0.067187
28 0.261719 0.857031 0.073438 0.076563
15 0.336719 0.857812 0.060937 0.078125
2 0.546875 0.094531 0.059375 0.064062
26 0.630469 0.095312 0.073438 0.065625
27 0.719531 0.097656 0.073438 0.070312
27 0.811719 0.097656 0.073438 0.070312
22 0.900000 0.095312 0.071875 0.065625
16 0.546094 0.197656 0.057813 0.064062
16 0.611719 0.197656 0.057813 0.064062
4 0.692187 0.200000 0.062500 0.068750
20 0.761719 0.201563 0.060937 0.071875
20 0.547656 0.310937 0.060937 0.071875
29 0.612500 0.311719 0.050000 0.073438
19 0.685156 0.312500 0.064062 0.075000
1 0.768750 0.310156 0.071875 0.070312
11 0.850000 0.309375 0.062500 0.068750
33 0.548438 0.423438 0.062500 0.065625
3 0.622656 0.423438 0.057813 0.065625
34 0.702344 0.426563 0.067187 0.071875
6 0.792188 0.423438 0.071875 0.065625
5 0.551562 0.538281 0.068750 0.067187
27 0.641406 0.539844 0.073438 0.070312
11 0.725000 0.537500 0.059375 0.065625
24 0.807813 0.535937 0.068750 0.062500
12 0.886719 0.536719 0.067187 0.064062
6 0.551562 0.643750 0.068750 0.062500
37 0.635938 0.643750 0.059375 0.062500
4 0.704688 0.645312 0.059375 0.065625
16 0.775781 0.644531 0.057813 0.064062
24 0.553125 0.754687 0.071875 0.065625
9 0.639062 0.755469 0.059375 0.067187
15 0.713281 0.759375 0.057813 0.075000
25 0.784375 0.753906 0.062500 0.064062
3 0.863281 0.754687 0.057813 0.065625
