16 0.091406 0.094531 0.057813 0.064062
17 0.160938 0.094531 0.059375 0.064062
36 0.245312 0.094531 0.068750 0.064062
7 0.332813 0.095312 0.065625 0.065625
23 0.404687 0.093750 0.062500 0.062500
27 0.099219 0.196094 0.073438 0.070312
7 0.175000 0.192188 0.062500 0.062500
5 0.254688 0.192969 0.068750 0.064062
23 0.329688 0.192188 0.062500 0.062500
11 0.404687 0.193750 0.059375 0.065625
26 0.097656 0.296875 0.070312 0.062500
25 0.171875 0.297656 0.062500 0.064062
20 0.246094 0.303125 0.064062 0.075000
28 0.327344 0.302344 0.070312 0.073438
15 0.411719 0.304688 0.060937 0.078125
13 0.094531 0.411719 0.064062 0.064062
5 0.170313 0.413281 0.071875 0.067187
10 0.250781 0.415625 0.064062 0.071875
21 0.325000 0.411719 0.065625 0.064062
29 0.390625 0.414844 0.046875 0.070312
20 0.092969 0.531250 0.060937 0.071875
16 0.171094 0.528906 0.060937 0.067187
13 0.246094 0.527344 0.064062 0.064062
0 0.317969 0.528125 0.057813 0.065625
17 0.392188 0.527344 0.059375 0.064062
18 0.096094 0.638281 0.067187 0.067187
33 0.176563 0.639062 0.065625 0.068750
8 0.248438 0.635938 0.046875 0.062500
24 0.318750 0.635938 0.068750 0.062500
14 0.400781 0.635938 0.060937 0.062500
5 0.096875 0.742969 0.068750 0.067187
0 0.180469 0.743750 0.060937 0.068750
17 0.257812 0.741406 0.059375 0.064062
37 0.331250 0.740625 0.062500 0.062500
26 0.416406 0.740625 0.070312 0.062500
35 0.556250 0.096094 0.078125 0.067187
36 0.648438 0.094531 0.068750 0.064062
29 0.721875 0.097656 0.046875 0.070312
0 0.791406 0.096875 0.060937 0.068750
4 0.546875 0.203125 0.059375 0.065625
19 0.616406 0.207813 0.064062 0.075000
24 0.703125 0.201563 0.068750 0.062500
36 0.787500 0.203906 0.071875 0.067187
33 0.548438 0.320312 0.062500 0.065625
30 0.628906 0.318750 0.057813 0.062500
13 0.700781 0.319531 0.064062 0.064062
29 0.775000 0.322656 0.046875 0.070312
23 0.839063 0.320312 0.065625 0.065625
32 0.546094 0.421875 0.057813 0.062500
19 0.619531 0.426563 0.060937 0.071875
26 0.692969 0.421875 0.070312 0.062500
30 0.777344 0.423438 0.060937 0.065625
14 0.549219 0.531250 0.064062 0.065625
18 0.632031 0.530469 0.064062 0.064062
33 0.706250 0.532813 0.065625 0.068750
27 0.783594 0.532031 0.070312 0.067187
34 0.869531 0.534375 0.067187 0.071875
35 0.556250 0.639844 0.078125 0.067187
11 0.640625 0.640625 0.062500 0.068750
19 0.710156 0.642188 0.060937 0.071875
12 0.789844 0.639844 0.070312 0.067187
28 0.553906 0.760156 0.073438 0.076563
13 0.635156 0.755469 0.067187 0.067187
22 0.714063 0.753125 0.068750 0.062500
12 0.791406 0.753906 0.067187 0.064062
20 0.874219 0.759375 0.064062 0.075000
