36 0.096875 0.094531 0.068750 0.064062
21 0.175000 0.096094 0.068750 0.067187
8 0.245312 0.093750 0.046875 0.062500
21 0.315625 0.094531 0.065625 0.064062
35 0.400000 0.094531 0.075000 0.064062
21 0.095312 0.200781 0.065625 0.064062
18 0.169531 0.200781 0.064062 0.064062
0 0.244531 0.203125 0.060937 0.068750
29 0.312500 0.203906 0.046875 0.070312
13 0.380469 0.200781 0.064062 0.064062
0 0.091406 0.306250 0.057813 0.065625
7 0.164062 0.304688 0.062500 0.062500
1 0.242188 0.308594 0.071875 0.070312
23 0.317188 0.304688 0.062500 0.062500
11 0.092188 0.412500 0.059375 0.065625
32 0.160156 0.410938 0.057813 0.062500
28 0.232031 0.416406 0.070312 0.073438
22 0.320312 0.412500 0.071875 0.065625
4 0.093750 0.531250 0.062500 0.068750
19 0.166406 0.532813 0.060937 0.071875
3 0.235156 0.529687 0.057813 0.065625
9 0.306250 0.530469 0.059375 0.067187
25 0.093750 0.644531 0.062500 0.064062
12 0.167969 0.646094 0.070312 0.067187
34 0.252344 0.646875 0.064062 0.068750
12 0.332031 0.644531 0.067187 0.064062
4 0.407813 0.645312 0.059375 0.065625
34 0.096094 0.756250 0.067187 0.071875
5 0.181250 0.753906 0.071875 0.067187
1 0.270313 0.753906 0.068750 0.067187
21 0.357812 0.753906 0.068750 0.067187
3 0.547656 0.095312 0.060937 0.065625
15 0.624219 0.100000 0.057813 0.075000
30 0.692969 0.095312 0.060937 0.065625
32 0.761719 0.093750 0.057813 0.062500
10 0.830469 0.096875 0.060937 0.068750
36 0.553125 0.211719 0.071875 0.067187
26 0.636719 0.210938 0.073438 0.065625
3 0.717969 0.210938 0.057813 0.065625
21 0.796875 0.210156 0.065625 0.064062
5 0.879687 0.211719 0.071875 0.067187
10 0.547656 0.317188 0.060937 0.068750
2 0.625000 0.314844 0.059375 0.064062
16 0.697656 0.314844 0.057813 0.064062
34 0.769531 0.318750 0.067187 0.071875
24 0.846875 0.314063 0.068750 0.062500
34 0.549219 0.431250 0.064062 0.068750
11 0.625000 0.431250 0.062500 0.068750
2 0.703125 0.430469 0.062500 0.067187
36 0.789062 0.430469 0.071875 0.067187
11 0.867188 0.429688 0.059375 0.065625
0 0.546094 0.532813 0.057813 0.065625
6 0.629687 0.531250 0.068750 0.062500
18 0.714844 0.533594 0.067187 0.067187
30 0.792969 0.532813 0.060937 0.065625
13 0.872656 0.532031 0.064062 0.064062
10 0.547656 0.635938 0.060937 0.068750
10 0.619531 0.637500 0.064062 0.071875
23 0.700000 0.632812 0.062500 0.062500
10 0.769531 0.635938 0.060937 0.068750
8 0.834375 0.632812 0.050000 0.062500
9 0.900000 0.635156 0.059375 0.067187
0 0.547656 0.748437 0.060937 0.068750
30 0.627344 0.745313 0.057813 0.062500
36 0.707812 0.746094 0.068750 0.064062
31 0.786719 0.745313 0.064062 0.062500
30 0.547656 0.856250 0.060937 0.065625
27 0.625781 0.858594 0.073438 0.070312
21 0.717187 0.857031 0.068750 0.067187
21 0.801562 0.855469 0.065625 0.064062
