33 0.093750 0.095312 0.062500 0.065625
30 0.169531 0.095312 0.060937 0.065625
28 0.247656 0.100781 0.073438 0.076563
16 0.328906 0.096094 0.060937 0.067187
29 0.392188 0.099219 0.050000 0.073438
26 0.097656 0.209375 0.070312 0.062500
0 0.172656 0.210938 0.057813 0.065625
22 0.248438 0.210938 0.071875 0.065625
1 0.331250 0.211719 0.068750 0.067187
16 0.403906 0.211719 0.060937 0.067187
29 0.085938 0.314844 0.046875 0.070312
9 0.145313 0.311719 0.056250 0.064062
8 0.214062 0.310937 0.046875 0.062500
37 0.276562 0.310937 0.059375 0.062500
7 0.348438 0.310937 0.062500 0.062500
19 0.094531 0.428125 0.064062 0.075000
16 0.174219 0.422656 0.057813 0.064062
4 0.242188 0.423438 0.059375 0.065625
11 0.310937 0.423438 0.062500 0.065625
11 0.092188 0.539062 0.059375 0.065625
30 0.163281 0.539062 0.060937 0.065625
1 0.248438 0.541406 0.071875 0.070312
26 0.335156 0.539062 0.073438 0.065625
28 0.421094 0.542969 0.070312 0.073438
8 0.085938 0.648438 0.046875 0.062500
25 0.153125 0.649219 0.062500 0.064062
2 0.229687 0.649219 0.059375 0.064062
25 0.309375 0.649219 0.062500 0.064062
6 0.390625 0.648438 0.068750 0.062500
31 0.550781 0.095312 0.067187 0.065625
22 0.635938 0.095312 0.071875 0.065625
31 0.724219 0.095312 0.067187 0.065625
15 0.808594 0.101562 0.060937 0.078125
31 0.891406 0.093750 0.064062 0.062500
14 0.547656 0.214062 0.060937 0.062500
21 0.631250 0.214844 0.065625 0.064062
4 0.710938 0.215625 0.059375 0.065625
26 0.788281 0.214062 0.070312 0.062500
35 0.882812 0.216406 0.078125 0.067187
20 0.547656 0.329688 0.060937 0.071875
17 0.628125 0.327344 0.062500 0.067187
18 0.702344 0.327344 0.067187 0.067187
14 0.778906 0.325000 0.060937 0.062500
16 0.546094 0.430469 0.057813 0.064062
5 0.617188 0.430469 0.068750 0.064062
9 0.692187 0.432031 0.059375 0.067187
24 0.767188 0.431250 0.068750 0.065625
11 0.548438 0.535937 0.062500 0.068750
29 0.610938 0.536719 0.046875 0.070312
30 0.677344 0.534375 0.060937 0.065625
24 0.751563 0.532813 0.068750 0.062500
1 0.553125 0.642969 0.071875 0.070312
12 0.644531 0.641406 0.070312 0.067187
1 0.721875 0.641406 0.068750 0.067187
24 0.807813 0.640625 0.071875 0.065625
