12 0.096094 0.094531 0.067187 0.064062
12 0.177344 0.094531 0.067187 0.064062
21 0.264062 0.094531 0.065625 0.064062
15 0.333594 0.100000 0.057813 0.075000
30 0.408594 0.095312 0.060937 0.065625
3 0.091406 0.206250 0.057813 0.065625
30 0.166406 0.204687 0.057813 0.062500
9 0.239063 0.205469 0.056250 0.064062
7 0.312500 0.206250 0.065625 0.065625
24 0.390625 0.204687 0.068750 0.062500
1 0.098437 0.311719 0.071875 0.070312
9 0.171875 0.310156 0.059375 0.067187
2 0.253125 0.310156 0.062500 0.067187
7 0.337500 0.309375 0.065625 0.065625
21 0.421875 0.310156 0.068750 0.067187
14 0.094531 0.421875 0.064062 0.065625
19 0.167969 0.425000 0.060937 0.071875
17 0.239063 0.421094 0.059375 0.064062
11 0.315625 0.421875 0.059375 0.065625
31 0.397656 0.420312 0.064062 0.062500
16 0.092969 0.538281 0.060937 0.067187
12 0.178906 0.538281 0.070312 0.067187
19 0.258594 0.540625 0.064062 0.071875
37 0.335938 0.535937 0.059375 0.062500
12 0.419531 0.536719 0.067187 0.064062
1 0.098437 0.655469 0.071875 0.070312
1 0.189062 0.655469 0.071875 0.070312
29 0.270313 0.657031 0.050000 0.073438
29 0.328125 0.655469 0.046875 0.070312
28 0.402344 0.658594 0.073438 0.076563
31 0.096094 0.770312 0.067187 0.065625
35 0.176563 0.771094 0.078125 0.067187
31 0.257031 0.770312 0.067187 0.065625
22 0.335938 0.768750 0.068750 0.062500
1 0.421875 0.772656 0.071875 0.070312
35 0.101562 0.878906 0.078125 0.067187
4 0.184375 0.878125 0.062500 0.065625
0 0.258594 0.878125 0.060937 0.065625
7 0.331250 0.876563 0.062500 0.062500
32 0.410156 0.878125 0.060937 0.065625
5 0.551562 0.094531 0.068750 0.064062
13 0.636719 0.094531 0.064062 0.064062
23 0.710938 0.093750 0.062500 0.062500
25 0.789062 0.094531 0.062500 0.064062
17 0.867188 0.094531 0.059375 0.064062
0 0.547656 0.193750 0.060937 0.068750
8 0.610938 0.190625 0.046875 0.062500
16 0.672656 0.192969 0.060937 0.067187
0 0.739844 0.192188 0.057813 0.065625
6 0.825000 0.192188 0.071875 0.065625
5 0.551562 0.297656 0.068750 0.064062
0 0.632031 0.300000 0.060937 0.068750
12 0.707031 0.299219 0.070312 0.067187
14 0.788281 0.296875 0.060937 0.062500
7 0.868750 0.298438 0.065625 0.065625
30 0.546094 0.404687 0.057813 0.062500
24 0.625000 0.406250 0.071875 0.065625
18 0.702344 0.407031 0.067187 0.067187
30 0.780469 0.404687 0.057813 0.062500
5 0.854688 0.405469 0.068750 0.064062
19 0.547656 0.514062 0.060937 0.071875
0 0.624219 0.510938 0.057813 0.065625
7 0.695312 0.509375 0.062500 0.062500
32 0.764844 0.509375 0.057813 0.062500
37 0.831250 0.509375 0.059375 0.062500
25 0.550000 0.622656 0.065625 0.067187
29 0.615625 0.624219 0.046875 0.070312
28 0.685156 0.627344 0.073438 0.076563
28 0.775781 0.625781 0.070312 0.073438
16 0.546094 0.732031 0.057813 0.064062
7 0.618750 0.731250 0.062500 0.062500
18 0.694531 0.733594 0.067187 0.067187
12 0.772656 0.732031 0.067187 0.064062
