20 0.092969 0.098437 0.060937 0.071875
20 0.174219 0.098437 0.064062 0.071875
11 0.257812 0.095312 0.062500 0.065625
26 0.332031 0.093750 0.070312 0.062500
37 0.414062 0.095312 0.062500 0.065625
27 0.099219 0.205469 0.073438 0.070312
5 0.184375 0.202344 0.068750 0.064062
36 0.268750 0.202344 0.068750 0.064062
15 0.342969 0.207813 0.057813 0.075000
20 0.416406 0.206250 0.060937 0.071875
20 0.496094 0.206250 0.064062 0.071875
33 0.575000 0.204687 0.065625 0.068750
2 0.093750 0.316406 0.062500 0.067187
11 0.176563 0.317188 0.062500 0.068750
15 0.247656 0.320312 0.057813 0.075000
21 0.328125 0.316406 0.068750 0.067187
31 0.403906 0.314063 0.064062 0.062500
0 0.485156 0.315625 0.057813 0.065625
16 0.563281 0.316406 0.060937 0.067187
26 0.099219 0.423438 0.073438 0.065625
21 0.184375 0.422656 0.065625 0.064062
25 0.259375 0.422656 0.062500 0.064062
33 0.331250 0.425000 0.065625 0.068750
3 0.410156 0.423438 0.057813 0.065625
22 0.484375 0.421875 0.068750 0.062500
17 0.092188 0.525781 0.059375 0.064062
31 0.172656 0.526563 0.067187 0.065625
16 0.253906 0.525781 0.057813 0.064062
32 0.325781 0.525000 0.057813 0.062500
37 0.092188 0.634375 0.059375 0.062500
9 0.168750 0.636719 0.059375 0.067187
30 0.236719 0.634375 0.057813 0.062500
37 0.303125 0.634375 0.059375 0.062500
36 0.382812 0.636719 0.071875 0.067187
3 0.458594 0.635938 0.057813 0.065625
