14 0.092969 0.093750 0.060937 0.062500
2 0.167187 0.096094 0.062500 0.067187
36 0.253125 0.094531 0.068750 0.064062
18 0.336719 0.094531 0.064062 0.064062
7 0.417187 0.093750 0.062500 0.062500
20 0.092969 0.206250 0.060937 0.071875
7 0.165625 0.203125 0.065625 0.065625
10 0.238281 0.206250 0.064062 0.071875
16 0.311719 0.203906 0.060937 0.067187
12 0.097656 0.311719 0.070312 0.067187
4 0.181250 0.310937 0.059375 0.065625
3 0.255469 0.310937 0.057813 0.065625
13 0.327344 0.310156 0.064062 0.064062
35 0.418750 0.311719 0.078125 0.067187
1 0.096875 0.414844 0.068750 0.067187
1 0.173437 0.414844 0.068750 0.067187
6 0.259375 0.412500 0.068750 0.062500
6 0.346875 0.414062 0.071875 0.065625
2 0.420312 0.413281 0.059375 0.064062
23 0.095312 0.517188 0.065625 0.065625
11 0.170313 0.517188 0.059375 0.065625
16 0.242969 0.516406 0.060937 0.064062
15 0.311719 0.523438 0.060937 0.078125
4 0.385937 0.517188 0.059375 0.065625
0 0.091406 0.634375 0.057813 0.065625
35 0.173437 0.635156 0.078125 0.067187
1 0.267188 0.636719 0.071875 0.070312
14 0.346094 0.632812 0.060937 0.062500
5 0.098437 0.746094 0.071875 0.067187
23 0.182812 0.743750 0.062500 0.062500
1 0.257812 0.747656 0.071875 0.070312
9 0.343750 0.746094 0.059375 0.067187
1 0.428125 0.747656 0.071875 0.070312
3 0.546094 0.095312 0.057813 0.065625
1 0.623437 0.097656 0.071875 0.070312
10 0.702344 0.096875 0.060937 0.068750
36 0.787500 0.096094 0.071875 0.067187
24 0.878125 0.093750 0.068750 0.062500
14 0.549219 0.207813 0.064062 0.065625
9 0.628125 0.207031 0.056250 0.064062
34 0.703906 0.209375 0.067187 0.068750
2 0.779687 0.208594 0.062500 0.067187
10 0.857031 0.210938 0.064062 0.071875
14 0.547656 0.320312 0.060937 0.062500
28 0.632031 0.327344 0.073438 0.076563
8 0.710938 0.320312 0.046875 0.062500
34 0.786719 0.323437 0.064062 0.068750
32 0.869531 0.321875 0.060937 0.065625
36 0.551562 0.430469 0.068750 0.064062
10 0.630469 0.432812 0.060937 0.068750
5 0.707812 0.432031 0.071875 0.067187
8 0.787500 0.429688 0.046875 0.062500
18 0.550781 0.541406 0.067187 0.067187
19 0.625781 0.543750 0.060937 0.071875
34 0.707031 0.543750 0.067187 0.071875
3 0.788281 0.540625 0.057813 0.065625
7 0.860938 0.540625 0.065625 0.065625
6 0.551562 0.645312 0.068750 0.062500
28 0.635156 0.650781 0.070312 0.073438
13 0.714844 0.646094 0.064062 0.064062
11 0.785937 0.646875 0.059375 0.065625
26 0.858594 0.645312 0.070312 0.062500
18 0.550781 0.753906 0.067187 0.067187
22 0.629687 0.753125 0.071875 0.065625
17 0.712500 0.753906 0.062500 0.067187
25 0.796875 0.753906 0.065625 0.067187
