19 0.094531 0.100000 0.064062 0.075000
26 0.183594 0.095312 0.073438 0.065625
26 0.269531 0.095312 0.070312 0.065625
19 0.353906 0.098437 0.060937 0.071875
27 0.436719 0.096094 0.070312 0.067187
11 0.092188 0.204687 0.059375 0.065625
13 0.167969 0.203906 0.064062 0.064062
18 0.244531 0.203906 0.064062 0.064062
21 0.326562 0.203906 0.065625 0.064062
22 0.404687 0.204687 0.071875 0.065625
29 0.085938 0.308594 0.046875 0.070312
30 0.152344 0.304688 0.057813 0.062500
5 0.229687 0.305469 0.068750 0.064062
0 0.310156 0.307812 0.060937 0.068750
27 0.099219 0.413281 0.073438 0.070312
34 0.183594 0.414062 0.067187 0.071875
19 0.263281 0.414062 0.060937 0.071875
20 0.336719 0.414062 0.060937 0.071875
1 0.096875 0.519531 0.068750 0.067187
14 0.174219 0.518750 0.064062 0.065625
8 0.246875 0.517188 0.046875 0.062500
31 0.316406 0.518750 0.067187 0.065625
26 0.399219 0.517188 0.070312 0.062500
10 0.547656 0.096875 0.060937 0.068750
22 0.628125 0.093750 0.068750 0.062500
24 0.714063 0.093750 0.068750 0.062500
15 0.788281 0.101562 0.060937 0.078125
30 0.546094 0.212500 0.057813 0.062500
36 0.621875 0.214844 0.071875 0.067187
29 0.690625 0.216406 0.046875 0.070312
30 0.752344 0.214062 0.060937 0.065625
5 0.551562 0.319531 0.068750 0.064062
7 0.629687 0.320312 0.065625 0.065625
23 0.703125 0.318750 0.062500 0.062500
22 0.778125 0.320312 0.071875 0.065625
3 0.855469 0.321875 0.060937 0.068750
22 0.551562 0.428125 0.068750 0.062500
28 0.630469 0.433594 0.070312 0.073438
29 0.707812 0.432031 0.046875 0.070312
5 0.778125 0.430469 0.071875 0.067187
33 0.860938 0.429688 0.062500 0.065625
1 0.551562 0.542969 0.068750 0.067187
10 0.632031 0.543750 0.060937 0.068750
16 0.708594 0.541406 0.057813 0.064062
29 0.770312 0.544531 0.050000 0.070312
6 0.837500 0.540625 0.068750 0.062500
24 0.553125 0.651563 0.071875 0.065625
19 0.635156 0.654687 0.060937 0.071875
20 0.714844 0.654687 0.060937 0.071875
13 0.786719 0.652344 0.067187 0.067187
33 0.864062 0.651563 0.062500 0.065625
12 0.552344 0.766406 0.070312 0.067187
1 0.642188 0.766406 0.068750 0.067187
20 0.717969 0.768750 0.060937 0.071875
0 0.789844 0.767188 0.060937 0.068750
2 0.860938 0.764844 0.059375 0.064062
3 0.547656 0.873437 0.060937 0.068750
20 0.628906 0.875000 0.064062 0.071875
31 0.700781 0.870313 0.064062 0.062500
24 0.775000 0.871875 0.068750 0.065625
33 0.862500 0.873437 0.065625 0.068750
