35 0.100000 0.094531 0.075000 0.064062
14 0.185156 0.095312 0.064062 0.065625
31 0.263281 0.093750 0.064062 0.062500
27 0.342969 0.096094 0.070312 0.067187
24 0.434375 0.095312 0.071875 0.065625
24 0.520312 0.093750 0.068750 0.062500
5 0.600000 0.096094 0.071875 0.067187
2 0.093750 0.199219 0.062500 0.067187
17 0.176563 0.199219 0.062500 0.067187
8 0.251563 0.196875 0.046875 0.062500
18 0.319531 0.199219 0.067187 0.067187
16 0.391406 0.199219 0.060937 0.067187
31 0.096094 0.309375 0.067187 0.065625
15 0.177344 0.314063 0.057813 0.075000
14 0.246094 0.307812 0.060937 0.062500
23 0.326562 0.307812 0.062500 0.062500
36 0.412500 0.310156 0.071875 0.067187
22 0.096875 0.426563 0.068750 0.062500
20 0.172656 0.432812 0.064062 0.075000
28 0.253906 0.432031 0.070312 0.073438
30 0.328906 0.426563 0.057813 0.062500
16 0.403906 0.428906 0.060937 0.067187
20 0.480469 0.432812 0.064062 0.075000
23 0.559375 0.426563 0.062500 0.062500
10 0.094531 0.540625 0.064062 0.071875
21 0.173437 0.536719 0.065625 0.064062
29 0.240625 0.539844 0.050000 0.070312
10 0.311719 0.540625 0.064062 0.071875
34 0.394531 0.539062 0.064062 0.068750
33 0.467187 0.537500 0.062500 0.065625
3 0.091406 0.642188 0.057813 0.065625
35 0.178125 0.642969 0.078125 0.067187
26 0.274219 0.642188 0.073438 0.065625
16 0.352344 0.641406 0.057813 0.064062
4 0.093750 0.748437 0.062500 0.068750
17 0.167187 0.746094 0.059375 0.064062
11 0.240625 0.746875 0.059375 0.065625
31 0.316406 0.745313 0.064062 0.062500
