24 0.096875 0.093750 0.068750 0.062500
6 0.175000 0.093750 0.068750 0.062500
11 0.251563 0.096875 0.062500 0.068750
24 0.335938 0.093750 0.068750 0.062500
22 0.423438 0.095312 0.071875 0.065625
21 0.096875 0.203906 0.068750 0.067187
16 0.171094 0.202344 0.057813 0.064062
2 0.239063 0.202344 0.059375 0.064062
21 0.314063 0.202344 0.065625 0.064062
0 0.392969 0.204687 0.060937 0.068750
16 0.092969 0.314844 0.060937 0.067187
6 0.176563 0.314063 0.071875 0.065625
20 0.255469 0.317188 0.060937 0.071875
4 0.328125 0.314063 0.059375 0.065625
11 0.396875 0.314063 0.059375 0.065625
32 0.091406 0.420312 0.057813 0.062500
4 0.165625 0.421875 0.059375 0.065625
37 0.243750 0.420312 0.059375 0.062500
12 0.321094 0.421094 0.067187 0.064062
22 0.400000 0.420312 0.068750 0.062500
3 0.091406 0.529687 0.057813 0.065625
7 0.167187 0.529687 0.065625 0.065625
4 0.239063 0.529687 0.059375 0.065625
32 0.313281 0.529687 0.060937 0.065625
13 0.094531 0.632031 0.064062 0.064062
16 0.174219 0.632031 0.057813 0.064062
31 0.249219 0.632812 0.067187 0.065625
35 0.332813 0.633594 0.075000 0.067187
36 0.417187 0.632031 0.068750 0.064062
23 0.095312 0.734375 0.065625 0.065625
4 0.165625 0.734375 0.059375 0.065625
27 0.241406 0.735156 0.070312 0.067187
28 0.324219 0.739844 0.073438 0.076563
30 0.546094 0.093750 0.057813 0.062500
16 0.625781 0.096094 0.060937 0.067187
12 0.705469 0.096094 0.070312 0.067187
16 0.783594 0.096094 0.060937 0.067187
22 0.856250 0.095312 0.068750 0.065625
4 0.546875 0.203125 0.059375 0.065625
35 0.635938 0.203906 0.078125 0.067187
17 0.712500 0.202344 0.059375 0.064062
15 0.792969 0.207813 0.060937 0.075000
18 0.871094 0.202344 0.064062 0.064062
11 0.548438 0.314063 0.062500 0.068750
36 0.634375 0.313281 0.071875 0.067187
2 0.710938 0.311719 0.059375 0.064062
10 0.785156 0.314063 0.060937 0.068750
29 0.854688 0.314844 0.050000 0.070312
6 0.551562 0.421875 0.068750 0.062500
33 0.631250 0.425000 0.065625 0.068750
8 0.695312 0.421875 0.046875 0.062500
36 0.765625 0.424219 0.071875 0.067187
24 0.553125 0.529687 0.071875 0.065625
20 0.639844 0.534375 0.064062 0.075000
12 0.721094 0.528906 0.067187 0.064062
18 0.808594 0.530469 0.067187 0.067187
37 0.889062 0.528125 0.059375 0.062500
6 0.553125 0.642188 0.071875 0.065625
3 0.632031 0.642188 0.060937 0.065625
3 0.710156 0.642188 0.057813 0.065625
27 0.783594 0.644531 0.073438 0.070312
25 0.864062 0.642969 0.065625 0.067187
