8 0.087500 0.093750 0.050000 0.062500
24 0.164062 0.093750 0.068750 0.062500
1 0.243750 0.096094 0.068750 0.067187
8 0.318750 0.093750 0.050000 0.062500
3 0.388281 0.096875 0.060937 0.068750
18 0.464844 0.096094 0.067187 0.067187
3 0.091406 0.198437 0.057813 0.065625
33 0.171875 0.198437 0.062500 0.065625
8 0.245312 0.196875 0.046875 0.062500
21 0.318750 0.197656 0.065625 0.064062
4 0.401562 0.200000 0.062500 0.068750
32 0.482031 0.198437 0.060937 0.065625
16 0.091406 0.308594 0.057813 0.064062
11 0.170313 0.309375 0.059375 0.065625
33 0.246875 0.309375 0.062500 0.065625
10 0.324219 0.310937 0.060937 0.068750
36 0.403125 0.310156 0.071875 0.067187
27 0.492969 0.310156 0.070312 0.067187
30 0.572656 0.307812 0.057813 0.062500
1 0.096875 0.419531 0.068750 0.067187
37 0.170313 0.417187 0.059375 0.062500
35 0.246875 0.417969 0.075000 0.064062
36 0.334375 0.419531 0.071875 0.067187
19 0.414844 0.421875 0.060937 0.071875
9 0.495312 0.417969 0.059375 0.064062
26 0.097656 0.521875 0.070312 0.062500
32 0.180469 0.521875 0.057813 0.062500
12 0.263281 0.522656 0.067187 0.064062
1 0.348438 0.525781 0.071875 0.070312
36 0.428125 0.524219 0.071875 0.067187
6 0.096875 0.631250 0.068750 0.062500
33 0.181250 0.634375 0.065625 0.068750
30 0.260156 0.631250 0.057813 0.062500
19 0.328906 0.635938 0.060937 0.071875
6 0.406250 0.631250 0.068750 0.062500
6 0.489063 0.632812 0.071875 0.065625
18 0.577344 0.632031 0.064062 0.064062
13 0.094531 0.739844 0.064062 0.064062
28 0.169531 0.744531 0.070312 0.073438
9 0.242188 0.741406 0.059375 0.067187
21 0.314063 0.741406 0.068750 0.067187
21 0.390625 0.739844 0.065625 0.064062
19 0.467969 0.745313 0.064062 0.075000
36 0.548438 0.739844 0.068750 0.064062
17 0.093750 0.857031 0.062500 0.067187
26 0.175781 0.854688 0.070312 0.062500
29 0.253125 0.860156 0.050000 0.073438
34 0.330469 0.859375 0.067187 0.071875
