25 0.093750 0.094531 0.062500 0.064062
22 0.176563 0.095312 0.071875 0.065625
19 0.263281 0.098437 0.064062 0.071875
35 0.354687 0.096094 0.078125 0.067187
1 0.440625 0.096094 0.068750 0.067187
12 0.097656 0.208594 0.070312 0.067187
3 0.177344 0.209375 0.060937 0.068750
12 0.255469 0.208594 0.070312 0.067187
7 0.337500 0.207813 0.065625 0.065625
26 0.097656 0.312500 0.070312 0.062500
13 0.183594 0.313281 0.064062 0.064062
15 0.264844 0.320312 0.060937 0.078125
31 0.336719 0.312500 0.064062 0.062500
4 0.412500 0.314063 0.059375 0.065625
0 0.092969 0.428125 0.060937 0.068750
8 0.167187 0.425000 0.046875 0.062500
26 0.241406 0.426563 0.073438 0.065625
37 0.326562 0.425000 0.059375 0.062500
0 0.400781 0.428125 0.060937 0.068750
24 0.096875 0.537500 0.068750 0.062500
18 0.183594 0.539844 0.067187 0.067187
32 0.260156 0.537500 0.057813 0.062500
33 0.332813 0.539062 0.062500 0.065625
27 0.416406 0.541406 0.073438 0.070312
15 0.092969 0.657813 0.060937 0.078125
0 0.174219 0.653125 0.060937 0.068750
35 0.250000 0.650781 0.075000 0.064062
32 0.328906 0.650000 0.057813 0.062500
6 0.404687 0.650000 0.068750 0.062500
32 0.091406 0.768750 0.057813 0.062500
7 0.162500 0.768750 0.062500 0.062500
33 0.245312 0.770312 0.062500 0.065625
15 0.317969 0.776563 0.060937 0.078125
0 0.391406 0.770312 0.057813 0.065625
19 0.547656 0.098437 0.060937 0.071875
6 0.620313 0.093750 0.068750 0.062500
19 0.700781 0.098437 0.060937 0.071875
5 0.773438 0.094531 0.068750 0.064062
21 0.848437 0.094531 0.065625 0.064062
30 0.546094 0.198437 0.057813 0.062500
12 0.619531 0.200781 0.070312 0.067187
8 0.692187 0.198437 0.046875 0.062500
11 0.754687 0.200000 0.059375 0.065625
32 0.832031 0.200000 0.060937 0.065625
2 0.906250 0.199219 0.059375 0.064062
25 0.550000 0.307031 0.065625 0.064062
24 0.637500 0.306250 0.068750 0.062500
11 0.709375 0.307812 0.059375 0.065625
14 0.786719 0.307812 0.064062 0.065625
37 0.867188 0.306250 0.059375 0.062500
8 0.540625 0.406250 0.046875 0.062500
29 0.607812 0.410156 0.050000 0.070312
9 0.682813 0.408594 0.059375 0.067187
25 0.764062 0.407031 0.062500 0.064062
24 0.842187 0.407813 0.071875 0.065625
11 0.548438 0.520312 0.062500 0.068750
20 0.619531 0.523438 0.064062 0.075000
18 0.699219 0.517969 0.064062 0.064062
24 0.784375 0.517188 0.068750 0.062500
27 0.874219 0.521094 0.073438 0.070312
19 0.547656 0.629687 0.060937 0.071875
17 0.626563 0.625781 0.059375 0.064062
9 0.703125 0.627344 0.059375 0.067187
20 0.775781 0.631250 0.064062 0.075000
27 0.863281 0.627344 0.070312 0.067187
30 0.546094 0.742188 0.057813 0.062500
10 0.624219 0.746875 0.064062 0.071875
17 0.703125 0.744531 0.062500 0.067187
8 0.776563 0.743750 0.050000 0.065625
15 0.839844 0.750000 0.060937 0.078125
5 0.551562 0.864844 0.068750 0.064062
6 0.637500 0.864062 0.068750 0.062500
24 0.715625 0.864062 0.068750 0.062500
22 0.803125 0.865625 0.071875 0.065625
37 0.881250 0.865625 0.062500 0.065625
