6 0.096875 0.093750 0.068750 0.062500
4 0.175000 0.095312 0.059375 0.065625
18 0.255469 0.096094 0.067187 0.067187
35 0.339062 0.096094 0.078125 0.067187
21 0.096875 0.196094 0.068750 0.067187
1 0.182812 0.196094 0.068750 0.067187
21 0.265625 0.194531 0.065625 0.064062
25 0.345313 0.194531 0.062500 0.064062
24 0.096875 0.301563 0.068750 0.062500
32 0.169531 0.303125 0.060937 0.065625
32 0.241406 0.301563 0.057813 0.062500
34 0.321094 0.306250 0.067187 0.071875
0 0.396094 0.304688 0.060937 0.068750
35 0.101562 0.410156 0.078125 0.067187
31 0.191406 0.407813 0.064062 0.062500
25 0.264062 0.408594 0.062500 0.064062
16 0.341406 0.408594 0.057813 0.064062
9 0.407813 0.408594 0.059375 0.064062
16 0.092969 0.513281 0.060937 0.067187
11 0.162500 0.512500 0.059375 0.065625
22 0.240625 0.510938 0.068750 0.062500
32 0.313281 0.510938 0.057813 0.062500
15 0.385156 0.517188 0.057813 0.075000
37 0.546875 0.093750 0.059375 0.062500
20 0.616406 0.098437 0.060937 0.071875
12 0.699219 0.094531 0.067187 0.064062
34 0.775781 0.098437 0.067187 0.071875
36 0.860938 0.094531 0.068750 0.064062
0 0.546094 0.201563 0.057813 0.065625
1 0.618750 0.203906 0.071875 0.070312
36 0.707812 0.202344 0.071875 0.067187
1 0.792188 0.203906 0.071875 0.070312
24 0.870313 0.200000 0.068750 0.062500
19 0.547656 0.312500 0.060937 0.071875
32 0.622656 0.307812 0.057813 0.062500
36 0.693750 0.308594 0.068750 0.064062
2 0.775000 0.308594 0.059375 0.064062
22 0.854688 0.309375 0.071875 0.065625
10 0.549219 0.425000 0.064062 0.071875
22 0.625000 0.421875 0.071875 0.065625
21 0.703125 0.421094 0.065625 0.064062
0 0.774219 0.421875 0.057813 0.065625
22 0.854688 0.421875 0.071875 0.065625
2 0.546875 0.527344 0.059375 0.064062
5 0.620313 0.527344 0.068750 0.064062
23 0.704688 0.526563 0.062500 0.062500
0 0.782031 0.529687 0.060937 0.068750
13 0.866406 0.528906 0.067187 0.067187
30 0.546094 0.635938 0.057813 0.062500
28 0.628906 0.642969 0.073438 0.076563
22 0.718750 0.635938 0.068750 0.062500
19 0.796094 0.642188 0.064062 0.075000
11 0.868750 0.637500 0.062500 0.065625
7 0.550000 0.750000 0.065625 0.065625
37 0.634375 0.750000 0.062500 0.065625
25 0.707812 0.750781 0.065625 0.067187
12 0.794531 0.750781 0.067187 0.067187
9 0.870313 0.749219 0.059375 0.064062
