32 0.092969 0.095312 0.060937 0.065625
27 0.171094 0.097656 0.073438 0.070312
35 0.260937 0.096094 0.078125 0.067187
12 0.344531 0.094531 0.067187 0.064062
8 0.417187 0.093750 0.046875 0.062500
25 0.093750 0.199219 0.062500 0.064062
18 0.166406 0.200781 0.067187 0.067187
0 0.247656 0.200000 0.057813 0.065625
11 0.323437 0.200000 0.059375 0.065625
16 0.091406 0.299219 0.057813 0.064062
32 0.158594 0.298438 0.057813 0.062500
8 0.229687 0.298438 0.046875 0.062500
23 0.301563 0.298438 0.062500 0.062500
0 0.369531 0.300000 0.057813 0.065625
36 0.098437 0.400781 0.071875 0.067187
24 0.187500 0.400000 0.071875 0.065625
28 0.275781 0.405469 0.073438 0.076563
4 0.359375 0.400000 0.059375 0.065625
18 0.430469 0.400781 0.067187 0.067187
18 0.096094 0.519531 0.067187 0.067187
16 0.174219 0.517969 0.060937 0.064062
27 0.258594 0.519531 0.070312 0.067187
37 0.337500 0.518750 0.062500 0.065625
