32 0.091406 0.093750 0.057813 0.062500
24 0.168750 0.095312 0.071875 0.065625
16 0.242969 0.096094 0.060937 0.067187
6 0.328125 0.093750 0.068750 0.062500
26 0.408594 0.093750 0.070312 0.062500
34 0.497656 0.098437 0.067187 0.071875
21 0.584375 0.094531 0.065625 0.064062
14 0.094531 0.210938 0.064062 0.065625
6 0.181250 0.209375 0.068750 0.062500
12 0.266406 0.210156 0.067187 0.064062
11 0.340625 0.212500 0.062500 0.068750
16 0.417969 0.211719 0.060937 0.067187
23 0.093750 0.312500 0.062500 0.062500
1 0.173437 0.314844 0.068750 0.067187
12 0.255469 0.313281 0.067187 0.064062
8 0.321875 0.312500 0.046875 0.062500
13 0.096094 0.419531 0.067187 0.067187
26 0.185156 0.417187 0.070312 0.062500
29 0.264062 0.421094 0.046875 0.070312
34 0.338281 0.421875 0.067187 0.071875
23 0.093750 0.528125 0.062500 0.062500
7 0.168750 0.528125 0.062500 0.062500
2 0.239063 0.530469 0.062500 0.067187
22 0.317188 0.528125 0.068750 0.062500
