22 0.096875 0.093750 0.068750 0.062500
10 0.182031 0.098437 0.064062 0.071875
20 0.260156 0.098437 0.060937 0.071875
25 0.340625 0.094531 0.062500 0.064062
6 0.420312 0.093750 0.068750 0.062500
20 0.494531 0.098437 0.060937 0.071875
31 0.094531 0.200000 0.064062 0.062500
28 0.172656 0.205469 0.070312 0.073438
27 0.257031 0.203906 0.073438 0.070312
30 0.332031 0.201563 0.060937 0.065625
16 0.407031 0.200781 0.057813 0.064062
31 0.486719 0.200000 0.064062 0.062500
26 0.097656 0.312500 0.070312 0.062500
8 0.165625 0.312500 0.046875 0.062500
25 0.237500 0.314844 0.065625 0.067187
18 0.317969 0.313281 0.064062 0.064062
5 0.398438 0.314844 0.071875 0.067187
35 0.492188 0.314844 0.078125 0.067187
9 0.092188 0.425781 0.059375 0.067187
28 0.177344 0.430469 0.073438 0.076563
15 0.257031 0.429688 0.060937 0.075000
5 0.331250 0.425781 0.071875 0.067187
35 0.100000 0.541406 0.075000 0.064062
16 0.175781 0.542969 0.060937 0.067187
27 0.260156 0.544531 0.073438 0.070312
2 0.345313 0.542969 0.062500 0.067187
31 0.427344 0.542188 0.067187 0.065625
27 0.516406 0.542969 0.070312 0.067187
6 0.607812 0.542188 0.071875 0.065625
