13 0.096094 0.096094 0.067187 0.067187
14 0.172656 0.095312 0.064062 0.065625
15 0.252344 0.100000 0.060937 0.075000
14 0.325781 0.095312 0.064062 0.065625
36 0.406250 0.096094 0.071875 0.067187
16 0.091406 0.211719 0.057813 0.064062
9 0.156250 0.211719 0.056250 0.064062
20 0.233594 0.217188 0.064062 0.075000
16 0.303906 0.213281 0.060937 0.067187
29 0.375000 0.214844 0.050000 0.070312
4 0.440625 0.212500 0.059375 0.065625
37 0.092188 0.318750 0.059375 0.062500
4 0.160938 0.321875 0.062500 0.068750
1 0.237500 0.321094 0.068750 0.067187
19 0.319531 0.325000 0.064062 0.075000
17 0.093750 0.430469 0.062500 0.067187
24 0.175000 0.428125 0.068750 0.062500
17 0.254688 0.428906 0.059375 0.064062
7 0.325000 0.429688 0.065625 0.065625
31 0.408594 0.429688 0.067187 0.065625
5 0.096875 0.535156 0.068750 0.064062
13 0.174219 0.536719 0.067187 0.067187
18 0.257031 0.535156 0.064062 0.064062
7 0.332813 0.534375 0.062500 0.062500
24 0.418750 0.534375 0.068750 0.062500
21 0.096875 0.647656 0.068750 0.067187
19 0.174219 0.650000 0.060937 0.071875
10 0.249219 0.648438 0.060937 0.068750
34 0.325781 0.650000 0.067187 0.071875
32 0.091406 0.757812 0.057813 0.062500
13 0.166406 0.760156 0.067187 0.067187
33 0.251563 0.759375 0.062500 0.065625
22 0.331250 0.757812 0.068750 0.062500
9 0.407813 0.760156 0.059375 0.067187
5 0.553125 0.096094 0.071875 0.067187
4 0.637500 0.096875 0.062500 0.068750
7 0.710938 0.093750 0.062500 0.062500
25 0.785937 0.094531 0.062500 0.064062
7 0.856250 0.093750 0.062500 0.062500
5 0.551562 0.202344 0.068750 0.064062
37 0.628125 0.201563 0.059375 0.062500
23 0.701562 0.203125 0.065625 0.065625
0 0.777344 0.203125 0.057813 0.065625
31 0.852344 0.201563 0.064062 0.062500
35 0.556250 0.305469 0.078125 0.067187
35 0.642188 0.305469 0.078125 0.067187
28 0.727344 0.308594 0.070312 0.073438
4 0.812500 0.304688 0.059375 0.065625
7 0.889062 0.304688 0.065625 0.065625
12 0.550781 0.413281 0.067187 0.064062
13 0.633594 0.414844 0.067187 0.067187
0 0.705469 0.415625 0.060937 0.068750
20 0.777344 0.418750 0.064062 0.075000
17 0.859375 0.413281 0.059375 0.064062
33 0.548438 0.531250 0.062500 0.065625
4 0.617188 0.531250 0.059375 0.065625
7 0.693750 0.531250 0.065625 0.065625
23 0.778125 0.529687 0.062500 0.062500
34 0.550781 0.640625 0.067187 0.068750
30 0.633594 0.639062 0.060937 0.065625
14 0.716406 0.639062 0.064062 0.065625
11 0.792188 0.639062 0.059375 0.065625
