24 0.096875 0.093750 0.068750 0.062500
22 0.175000 0.093750 0.068750 0.062500
3 0.257031 0.096875 0.060937 0.068750
30 0.327344 0.093750 0.057813 0.062500
37 0.092188 0.195312 0.059375 0.062500
22 0.167187 0.195312 0.068750 0.062500
15 0.238281 0.201563 0.057813 0.075000
34 0.321094 0.198437 0.067187 0.068750
31 0.403906 0.196875 0.067187 0.065625
37 0.475000 0.195312 0.059375 0.062500
10 0.542969 0.198437 0.060937 0.068750
28 0.099219 0.317969 0.073438 0.076563
12 0.189844 0.313281 0.070312 0.067187
32 0.263281 0.310937 0.060937 0.062500
29 0.337500 0.314844 0.046875 0.070312
12 0.407031 0.311719 0.067187 0.064062
30 0.092969 0.426563 0.060937 0.062500
15 0.172656 0.432812 0.057813 0.075000
17 0.240625 0.428906 0.062500 0.067187
3 0.308594 0.428125 0.057813 0.065625
0 0.382031 0.428125 0.057813 0.065625
5 0.096875 0.544531 0.068750 0.064062
5 0.185938 0.546094 0.071875 0.067187
3 0.264844 0.545312 0.057813 0.065625
21 0.346875 0.544531 0.065625 0.064062
0 0.417969 0.545312 0.057813 0.065625
24 0.501563 0.545312 0.068750 0.065625
8 0.573438 0.543750 0.050000 0.062500
