8 0.087500 0.093750 0.050000 0.062500
30 0.150781 0.095312 0.060937 0.065625
16 0.219531 0.096094 0.060937 0.067187
9 0.292187 0.096094 0.059375 0.067187
22 0.376563 0.095312 0.071875 0.065625
25 0.093750 0.200781 0.062500 0.064062
31 0.178906 0.201563 0.067187 0.065625
6 0.267188 0.201563 0.071875 0.065625
18 0.355469 0.200781 0.064062 0.064062
3 0.432031 0.203125 0.060937 0.068750
14 0.092969 0.312500 0.060937 0.062500
24 0.168750 0.314063 0.071875 0.065625
4 0.242188 0.314063 0.059375 0.065625
9 0.310937 0.314844 0.059375 0.067187
7 0.382812 0.312500 0.062500 0.062500
21 0.095312 0.421094 0.065625 0.064062
33 0.173437 0.421875 0.062500 0.065625
5 0.256250 0.421094 0.068750 0.064062
34 0.332031 0.423438 0.064062 0.068750
12 0.096094 0.528906 0.067187 0.064062
9 0.167187 0.528906 0.059375 0.064062
4 0.239063 0.531250 0.062500 0.068750
29 0.306250 0.532031 0.046875 0.070312
20 0.371094 0.532813 0.060937 0.071875
19 0.449219 0.532813 0.060937 0.071875
31 0.094531 0.642188 0.064062 0.062500
4 0.167187 0.643750 0.059375 0.065625
13 0.238281 0.642969 0.064062 0.064062
21 0.320312 0.642969 0.065625 0.064062
13 0.402344 0.644531 0.067187 0.067187
17 0.093750 0.750781 0.062500 0.067187
20 0.172656 0.754687 0.064062 0.075000
37 0.243750 0.748437 0.059375 0.062500
3 0.314844 0.750000 0.057813 0.065625
8 0.375000 0.748437 0.046875 0.062500
26 0.444531 0.750000 0.073438 0.065625
19 0.092969 0.867188 0.060937 0.071875
13 0.166406 0.863281 0.064062 0.064062
5 0.243750 0.863281 0.068750 0.064062
37 0.321875 0.864062 0.062500 0.065625
10 0.397656 0.867188 0.064062 0.071875
27 0.552344 0.096094 0.070312 0.067187
20 0.635156 0.098437 0.060937 0.071875
35 0.710938 0.096094 0.075000 0.067187
6 0.798438 0.095312 0.071875 0.065625
28 0.877344 0.099219 0.070312 0.073438
31 0.549219 0.209375 0.064062 0.062500
26 0.627344 0.209375 0.070312 0.062500
17 0.712500 0.210156 0.059375 0.064062
2 0.782813 0.210156 0.059375 0.064062
23 0.856250 0.209375 0.062500 0.062500
13 0.550781 0.316406 0.067187 0.067187
14 0.627344 0.315625 0.064062 0.065625
16 0.708594 0.314844 0.057813 0.064062
28 0.794531 0.321094 0.073438 0.076563
14 0.878906 0.314063 0.060937 0.062500
29 0.540625 0.430469 0.046875 0.070312
13 0.611719 0.427344 0.064062 0.064062
29 0.681250 0.430469 0.046875 0.070312
33 0.751563 0.429688 0.065625 0.068750
13 0.549219 0.538281 0.064062 0.064062
0 0.627344 0.540625 0.060937 0.068750
10 0.697656 0.540625 0.060937 0.068750
8 0.768750 0.537500 0.046875 0.062500
4 0.835938 0.539062 0.059375 0.065625
