28 0.099219 0.100781 0.073438 0.076563
32 0.172656 0.093750 0.057813 0.062500
19 0.250781 0.098437 0.064062 0.071875
2 0.320312 0.094531 0.059375 0.064062
22 0.396875 0.093750 0.068750 0.062500
5 0.481250 0.096094 0.068750 0.067187
1 0.570312 0.097656 0.071875 0.070312
9 0.090625 0.208594 0.056250 0.064062
28 0.171094 0.214844 0.073438 0.076563
12 0.258594 0.210156 0.070312 0.067187
19 0.341406 0.212500 0.060937 0.071875
21 0.412500 0.208594 0.065625 0.064062
31 0.094531 0.326562 0.064062 0.062500
25 0.170313 0.328906 0.065625 0.067187
5 0.257812 0.328906 0.071875 0.067187
31 0.338281 0.328125 0.067187 0.065625
17 0.410938 0.328906 0.062500 0.067187
32 0.091406 0.435937 0.057813 0.062500
20 0.161719 0.440625 0.060937 0.071875
34 0.236719 0.439063 0.064062 0.068750
28 0.313281 0.441406 0.070312 0.073438
27 0.394531 0.438281 0.070312 0.067187
23 0.475000 0.435937 0.062500 0.062500
17 0.554688 0.438281 0.062500 0.067187
30 0.092969 0.545312 0.060937 0.065625
33 0.167187 0.545312 0.062500 0.065625
36 0.248438 0.544531 0.068750 0.064062
14 0.333594 0.545312 0.064062 0.065625
32 0.091406 0.646875 0.057813 0.062500
2 0.165625 0.649219 0.062500 0.067187
29 0.242188 0.650781 0.050000 0.070312
27 0.316406 0.649219 0.070312 0.067187
5 0.403125 0.649219 0.071875 0.067187
19 0.483594 0.651563 0.064062 0.071875
20 0.566406 0.651563 0.060937 0.071875
21 0.096875 0.757031 0.068750 0.067187
16 0.174219 0.755469 0.057813 0.064062
23 0.250000 0.756250 0.065625 0.065625
28 0.328906 0.761719 0.073438 0.076563
5 0.098437 0.869531 0.071875 0.067187
22 0.178125 0.867188 0.068750 0.062500
12 0.253906 0.867969 0.067187 0.064062
4 0.334375 0.870313 0.062500 0.068750
15 0.403906 0.873437 0.057813 0.075000
