10 0.094531 0.096875 0.064062 0.068750
19 0.169531 0.100000 0.064062 0.075000
12 0.252344 0.094531 0.067187 0.064062
18 0.335156 0.096094 0.067187 0.067187
6 0.096875 0.204687 0.068750 0.062500
0 0.177344 0.206250 0.057813 0.065625
0 0.253906 0.206250 0.060937 0.065625
2 0.326562 0.207031 0.062500 0.067187
14 0.399219 0.206250 0.064062 0.065625
18 0.094531 0.305469 0.064062 0.064062
29 0.165625 0.308594 0.046875 0.070312
33 0.234375 0.306250 0.062500 0.065625
11 0.312500 0.306250 0.059375 0.065625
5 0.396875 0.307031 0.071875 0.067187
29 0.087500 0.417969 0.050000 0.070312
16 0.163281 0.416406 0.060937 0.067187
21 0.246875 0.414844 0.065625 0.064062
9 0.320312 0.414844 0.056250 0.064062
37 0.393750 0.414062 0.059375 0.062500
11 0.093750 0.526563 0.062500 0.068750
26 0.174219 0.525000 0.070312 0.065625
30 0.258594 0.523438 0.057813 0.062500
3 0.336719 0.525000 0.057813 0.065625
26 0.421094 0.523438 0.070312 0.062500
19 0.092969 0.639062 0.060937 0.071875
14 0.166406 0.634375 0.060937 0.062500
16 0.235156 0.636719 0.060937 0.067187
13 0.314844 0.636719 0.067187 0.067187
19 0.389844 0.639062 0.060937 0.071875
17 0.092188 0.746094 0.059375 0.064062
27 0.175781 0.749219 0.073438 0.070312
28 0.255469 0.750781 0.070312 0.073438
29 0.326562 0.749219 0.046875 0.070312
37 0.393750 0.745313 0.062500 0.062500
14 0.547656 0.093750 0.060937 0.062500
8 0.621875 0.093750 0.050000 0.062500
11 0.689063 0.095312 0.059375 0.065625
10 0.766406 0.098437 0.064062 0.071875
10 0.846094 0.096875 0.060937 0.068750
12 0.550781 0.202344 0.067187 0.064062
37 0.625000 0.203125 0.062500 0.065625
24 0.707812 0.201563 0.068750 0.062500
6 0.795312 0.203125 0.071875 0.065625
14 0.880469 0.203125 0.064062 0.065625
32 0.547656 0.312500 0.060937 0.065625
1 0.621875 0.313281 0.068750 0.067187
23 0.706250 0.310937 0.062500 0.062500
18 0.777344 0.311719 0.064062 0.064062
20 0.852344 0.315625 0.060937 0.071875
6 0.551562 0.418750 0.068750 0.062500
5 0.635938 0.419531 0.068750 0.064062
35 0.720313 0.419531 0.075000 0.064062
4 0.807813 0.421875 0.062500 0.068750
35 0.892188 0.419531 0.075000 0.064062
22 0.551562 0.529687 0.068750 0.062500
29 0.618750 0.533594 0.046875 0.070312
23 0.693750 0.529687 0.062500 0.062500
24 0.771875 0.529687 0.068750 0.062500
21 0.550000 0.644531 0.065625 0.064062
2 0.620313 0.644531 0.059375 0.064062
11 0.692187 0.645312 0.059375 0.065625
26 0.766406 0.643750 0.070312 0.062500
20 0.844531 0.648438 0.060937 0.071875
12 0.552344 0.752344 0.070312 0.067187
4 0.629687 0.753125 0.062500 0.068750
31 0.711719 0.750000 0.064062 0.062500
1 0.796875 0.752344 0.068750 0.067187
0 0.880469 0.753125 0.060937 0.068750
30 0.547656 0.860938 0.060937 0.065625
4 0.626563 0.862500 0.062500 0.068750
36 0.703125 0.860156 0.068750 0.064062
14 0.780469 0.859375 0.060937 0.062500
