19 0.092969 0.098437 0.060937 0.071875
21 0.165625 0.094531 0.065625 0.064062
3 0.241406 0.095312 0.057813 0.065625
7 0.309375 0.093750 0.062500 0.062500
31 0.096094 0.201563 0.067187 0.065625
9 0.171875 0.202344 0.059375 0.067187
24 0.256250 0.201563 0.071875 0.065625
14 0.339844 0.201563 0.064062 0.065625
33 0.421875 0.201563 0.062500 0.065625
17 0.093750 0.302344 0.062500 0.067187
8 0.157812 0.300000 0.046875 0.062500
19 0.230469 0.304688 0.060937 0.071875
4 0.300000 0.301563 0.062500 0.065625
9 0.376563 0.302344 0.059375 0.067187
3 0.091406 0.415625 0.057813 0.065625
26 0.163281 0.414062 0.070312 0.062500
30 0.247656 0.414062 0.057813 0.062500
7 0.329688 0.415625 0.065625 0.065625
22 0.414062 0.415625 0.071875 0.065625
5 0.098437 0.519531 0.071875 0.067187
2 0.181250 0.519531 0.062500 0.067187
11 0.254688 0.518750 0.059375 0.065625
11 0.332813 0.520312 0.062500 0.068750
11 0.401562 0.518750 0.059375 0.065625
4 0.092188 0.629687 0.059375 0.065625
35 0.179688 0.628906 0.075000 0.064062
33 0.256250 0.629687 0.062500 0.065625
26 0.338281 0.629687 0.073438 0.065625
3 0.546094 0.095312 0.057813 0.065625
18 0.627344 0.094531 0.064062 0.064062
25 0.703125 0.094531 0.062500 0.064062
1 0.779687 0.097656 0.071875 0.070312
20 0.867969 0.100000 0.064062 0.075000
10 0.547656 0.206250 0.060937 0.068750
5 0.629687 0.205469 0.071875 0.067187
31 0.708594 0.204687 0.067187 0.065625
26 0.788281 0.203125 0.070312 0.062500
25 0.865625 0.203906 0.062500 0.064062
20 0.549219 0.310937 0.064062 0.071875
33 0.625000 0.309375 0.065625 0.068750
20 0.697656 0.312500 0.064062 0.075000
10 0.774219 0.309375 0.060937 0.068750
17 0.845313 0.307031 0.059375 0.064062
30 0.547656 0.425000 0.060937 0.065625
22 0.625000 0.423438 0.068750 0.062500
19 0.708594 0.429688 0.064062 0.075000
2 0.785937 0.424219 0.059375 0.064062
13 0.861719 0.425781 0.067187 0.067187
3 0.547656 0.534375 0.060937 0.065625
14 0.624219 0.532813 0.060937 0.062500
3 0.697656 0.534375 0.057813 0.065625
23 0.776563 0.532813 0.062500 0.062500
30 0.849219 0.532813 0.057813 0.062500
