4 0.092188 0.095312 0.059375 0.065625
15 0.171094 0.100000 0.057813 0.075000
14 0.244531 0.093750 0.060937 0.062500
16 0.324219 0.094531 0.057813 0.064062
20 0.092969 0.210938 0.060937 0.071875
34 0.169531 0.209375 0.064062 0.068750
10 0.244531 0.209375 0.060937 0.068750
14 0.319531 0.206250 0.060937 0.062500
4 0.390625 0.207813 0.059375 0.065625
8 0.087500 0.317188 0.050000 0.062500
2 0.151562 0.319531 0.062500 0.067187
1 0.235937 0.319531 0.068750 0.067187
35 0.328125 0.319531 0.078125 0.067187
19 0.092969 0.426563 0.060937 0.071875
23 0.175000 0.423438 0.065625 0.065625
37 0.256250 0.423438 0.062500 0.065625
25 0.328125 0.424219 0.065625 0.067187
35 0.415625 0.424219 0.078125 0.067187
25 0.093750 0.535156 0.062500 0.064062
15 0.161719 0.540625 0.057813 0.075000
4 0.234375 0.535937 0.059375 0.065625
26 0.313281 0.535937 0.073438 0.065625
26 0.405469 0.534375 0.070312 0.062500
35 0.100000 0.650781 0.075000 0.064062
25 0.181250 0.650781 0.062500 0.064062
18 0.263281 0.652344 0.067187 0.067187
29 0.331250 0.653906 0.050000 0.070312
27 0.408594 0.652344 0.070312 0.067187
33 0.093750 0.757812 0.062500 0.065625
29 0.167187 0.760156 0.050000 0.070312
11 0.231250 0.757812 0.059375 0.065625
3 0.305469 0.759375 0.060937 0.068750
32 0.385156 0.757812 0.060937 0.065625
22 0.551562 0.093750 0.068750 0.062500
1 0.642188 0.097656 0.071875 0.070312
13 0.722656 0.094531 0.064062 0.064062
27 0.802344 0.097656 0.070312 0.070312
33 0.884375 0.096875 0.065625 0.068750
29 0.542188 0.207031 0.050000 0.073438
34 0.611719 0.204687 0.064062 0.068750
21 0.689063 0.202344 0.065625 0.064062
13 0.772656 0.203906 0.067187 0.067187
6 0.551562 0.318750 0.068750 0.062500
24 0.628125 0.318750 0.068750 0.062500
6 0.712500 0.318750 0.068750 0.062500
37 0.789062 0.318750 0.059375 0.062500
37 0.865625 0.318750 0.059375 0.062500
23 0.550000 0.418750 0.065625 0.065625
36 0.629687 0.419531 0.071875 0.067187
6 0.715625 0.417187 0.068750 0.062500
36 0.795312 0.419531 0.071875 0.067187
37 0.878125 0.417187 0.059375 0.062500
36 0.551562 0.521094 0.068750 0.064062
26 0.633594 0.521875 0.073438 0.065625
3 0.713281 0.521875 0.057813 0.065625
16 0.789844 0.521094 0.057813 0.064062
24 0.864062 0.521875 0.071875 0.065625
18 0.550781 0.621094 0.067187 0.067187
17 0.632812 0.619531 0.059375 0.064062
27 0.705469 0.621094 0.070312 0.067187
6 0.787500 0.618750 0.068750 0.062500
12 0.863281 0.619531 0.067187 0.064062
5 0.551562 0.728906 0.068750 0.064062
29 0.621875 0.732031 0.050000 0.070312
14 0.699219 0.729688 0.064062 0.065625
10 0.775781 0.732812 0.064062 0.071875
34 0.850781 0.731250 0.064062 0.068750
