6 0.096875 0.093750 0.068750 0.062500
11 0.168750 0.095312 0.059375 0.065625
36 0.253125 0.096094 0.071875 0.067187
21 0.332813 0.096094 0.068750 0.067187
16 0.411719 0.094531 0.057813 0.064062
11 0.490625 0.095312 0.059375 0.065625
2 0.092188 0.205469 0.059375 0.064062
34 0.169531 0.209375 0.067187 0.071875
13 0.249219 0.205469 0.064062 0.064062
5 0.337500 0.207031 0.071875 0.067187
26 0.417969 0.204687 0.070312 0.062500
35 0.504687 0.205469 0.075000 0.064062
1 0.096875 0.322656 0.068750 0.067187
1 0.185938 0.322656 0.068750 0.067187
10 0.266406 0.325000 0.064062 0.071875
5 0.350000 0.321094 0.068750 0.064062
3 0.432031 0.323437 0.060937 0.068750
5 0.507812 0.321094 0.068750 0.064062
6 0.098437 0.429688 0.071875 0.065625
18 0.182031 0.430469 0.067187 0.067187
0 0.253906 0.431250 0.060937 0.068750
8 0.317188 0.428125 0.046875 0.062500
1 0.098437 0.536719 0.071875 0.070312
12 0.177344 0.533594 0.067187 0.064062
13 0.253906 0.533594 0.064062 0.064062
6 0.335938 0.534375 0.071875 0.065625
18 0.425781 0.535156 0.067187 0.067187
8 0.493750 0.534375 0.050000 0.065625
26 0.099219 0.646875 0.073438 0.065625
10 0.180469 0.648438 0.060937 0.068750
24 0.257812 0.645312 0.068750 0.062500
6 0.337500 0.645312 0.068750 0.062500
17 0.093750 0.749219 0.062500 0.067187
14 0.175781 0.748437 0.064062 0.065625
4 0.246875 0.748437 0.059375 0.065625
35 0.323437 0.747656 0.075000 0.064062
21 0.401562 0.747656 0.065625 0.064062
21 0.484375 0.747656 0.065625 0.064062
3 0.561719 0.750000 0.060937 0.068750
