25 0.095312 0.096094 0.065625 0.067187
6 0.181250 0.093750 0.068750 0.062500
21 0.268750 0.094531 0.065625 0.064062
29 0.334375 0.099219 0.050000 0.073438
10 0.400781 0.098437 0.064062 0.071875
30 0.091406 0.204687 0.057813 0.062500
13 0.166406 0.207031 0.067187 0.067187
6 0.251563 0.204687 0.068750 0.062500
16 0.327344 0.207031 0.060937 0.067187
25 0.400000 0.205469 0.065625 0.064062
10 0.472656 0.207813 0.060937 0.068750
0 0.553906 0.206250 0.060937 0.065625
4 0.092188 0.310937 0.059375 0.065625
33 0.164062 0.310937 0.062500 0.065625
26 0.246094 0.309375 0.070312 0.062500
9 0.321875 0.311719 0.059375 0.067187
12 0.407031 0.311719 0.070312 0.067187
2 0.493750 0.311719 0.062500 0.067187
23 0.093750 0.415625 0.062500 0.062500
6 0.175000 0.417187 0.071875 0.065625
5 0.254688 0.417969 0.071875 0.067187
37 0.340625 0.415625 0.059375 0.062500
13 0.417969 0.416406 0.064062 0.064062
8 0.085938 0.515625 0.046875 0.062500
18 0.160156 0.516406 0.064062 0.064062
0 0.235156 0.518750 0.060937 0.068750
8 0.303125 0.515625 0.046875 0.062500
6 0.368750 0.515625 0.068750 0.062500
