24 0.098437 0.095312 0.071875 0.065625
9 0.173437 0.094531 0.056250 0.064062
34 0.244531 0.098437 0.067187 0.071875
34 0.325781 0.098437 0.067187 0.071875
35 0.100000 0.200781 0.075000 0.064062
17 0.179688 0.200781 0.059375 0.064062
22 0.265625 0.201563 0.071875 0.065625
33 0.351562 0.203125 0.065625 0.068750
31 0.428906 0.200000 0.064062 0.062500
14 0.092969 0.312500 0.060937 0.062500
4 0.164062 0.314063 0.062500 0.065625
19 0.235156 0.317188 0.060937 0.071875
9 0.301563 0.313281 0.056250 0.064062
25 0.375000 0.314844 0.065625 0.067187
33 0.450000 0.314063 0.062500 0.065625
36 0.098437 0.425781 0.071875 0.067187
30 0.177344 0.423438 0.060937 0.062500
10 0.258594 0.426563 0.060937 0.068750
25 0.329688 0.424219 0.062500 0.064062
5 0.415625 0.425781 0.071875 0.067187
24 0.098437 0.526563 0.071875 0.065625
28 0.186719 0.530469 0.070312 0.073438
32 0.260156 0.525000 0.057813 0.062500
28 0.333594 0.530469 0.070312 0.073438
13 0.410156 0.527344 0.067187 0.067187
9 0.546875 0.096094 0.059375 0.067187
26 0.628906 0.093750 0.070312 0.062500
24 0.712500 0.095312 0.071875 0.065625
5 0.801562 0.094531 0.068750 0.064062
0 0.547656 0.198437 0.060937 0.068750
14 0.619531 0.196875 0.064062 0.065625
21 0.701562 0.196094 0.065625 0.064062
28 0.780469 0.202344 0.073438 0.076563
5 0.871875 0.196094 0.068750 0.064062
7 0.548438 0.310937 0.062500 0.062500
2 0.623437 0.313281 0.062500 0.067187
2 0.695312 0.311719 0.059375 0.064062
5 0.781250 0.313281 0.071875 0.067187
32 0.860156 0.310937 0.057813 0.062500
2 0.548438 0.414844 0.062500 0.067187
34 0.628906 0.415625 0.064062 0.068750
6 0.714063 0.412500 0.068750 0.062500
24 0.796875 0.412500 0.068750 0.062500
17 0.870313 0.413281 0.059375 0.064062
17 0.546875 0.521094 0.059375 0.064062
6 0.618750 0.520312 0.068750 0.062500
10 0.692969 0.523438 0.060937 0.068750
12 0.775781 0.521094 0.067187 0.064062
1 0.864062 0.522656 0.068750 0.067187
26 0.552344 0.632812 0.070312 0.062500
37 0.625000 0.632812 0.059375 0.062500
4 0.696875 0.634375 0.059375 0.065625
27 0.782031 0.636719 0.073438 0.070312
4 0.546875 0.746875 0.059375 0.065625
35 0.632812 0.747656 0.078125 0.067187
31 0.722656 0.745313 0.064062 0.062500
3 0.800781 0.746875 0.057813 0.065625
3 0.866406 0.746875 0.057813 0.065625
29 0.540625 0.853906 0.046875 0.070312
21 0.617188 0.850781 0.065625 0.064062
30 0.691406 0.851562 0.060937 0.065625
22 0.775000 0.850000 0.068750 0.062500
