30 0.091406 0.093750 0.057813 0.062500
7 0.167187 0.093750 0.062500 0.062500
10 0.242969 0.096875 0.060937 0.068750
13 0.321094 0.094531 0.064062 0.064062
16 0.392969 0.094531 0.057813 0.064062
10 0.092969 0.207813 0.060937 0.068750
26 0.167969 0.204687 0.070312 0.062500
22 0.245312 0.204687 0.068750 0.062500
18 0.332031 0.207031 0.067187 0.067187
8 0.409375 0.204687 0.046875 0.062500
30 0.091406 0.310937 0.057813 0.062500
2 0.162500 0.313281 0.062500 0.067187
18 0.247656 0.313281 0.067187 0.067187
7 0.331250 0.310937 0.062500 0.062500
20 0.413281 0.315625 0.060937 0.071875
17 0.092188 0.424219 0.059375 0.064062
31 0.174219 0.423438 0.064062 0.062500
32 0.246094 0.423438 0.060937 0.062500
6 0.326562 0.425000 0.071875 0.065625
37 0.403125 0.423438 0.059375 0.062500
14 0.092969 0.525000 0.060937 0.062500
4 0.167187 0.526563 0.059375 0.065625
3 0.236719 0.526563 0.057813 0.065625
21 0.315625 0.527344 0.068750 0.067187
0 0.091406 0.626563 0.057813 0.065625
15 0.171094 0.632812 0.060937 0.078125
14 0.241406 0.626563 0.064062 0.065625
11 0.321875 0.626563 0.062500 0.065625
16 0.394531 0.625781 0.057813 0.064062
35 0.100000 0.738281 0.075000 0.067187
5 0.187500 0.738281 0.071875 0.067187
14 0.274219 0.735938 0.060937 0.062500
7 0.350000 0.737500 0.065625 0.065625
10 0.424219 0.739062 0.064062 0.068750
16 0.092969 0.846094 0.060937 0.067187
35 0.176563 0.844531 0.075000 0.064062
13 0.255469 0.844531 0.064062 0.064062
31 0.338281 0.843750 0.064062 0.062500
35 0.420312 0.846094 0.078125 0.067187
9 0.545312 0.094531 0.056250 0.064062
15 0.611719 0.101562 0.060937 0.078125
34 0.685156 0.098437 0.067187 0.071875
12 0.763281 0.096094 0.070312 0.067187
33 0.550000 0.212500 0.065625 0.065625
32 0.628906 0.210938 0.057813 0.062500
11 0.706250 0.212500 0.059375 0.065625
4 0.779687 0.214062 0.062500 0.068750
1 0.856250 0.213281 0.068750 0.067187
27 0.553906 0.324219 0.073438 0.070312
3 0.628906 0.321875 0.057813 0.065625
34 0.702344 0.325000 0.067187 0.071875
7 0.775000 0.320312 0.062500 0.062500
15 0.847656 0.328125 0.060937 0.078125
37 0.548438 0.435937 0.062500 0.065625
8 0.618750 0.434375 0.046875 0.062500
29 0.684375 0.438281 0.046875 0.070312
36 0.757812 0.435156 0.068750 0.064062
12 0.839844 0.435156 0.067187 0.064062
35 0.554688 0.542969 0.075000 0.067187
9 0.631250 0.541406 0.056250 0.064062
32 0.707031 0.540625 0.057813 0.062500
32 0.775781 0.542188 0.060937 0.065625
22 0.551562 0.645312 0.068750 0.062500
30 0.633594 0.645312 0.057813 0.062500
27 0.714844 0.647656 0.070312 0.067187
36 0.795312 0.646094 0.068750 0.064062
24 0.876563 0.646875 0.068750 0.065625
18 0.550781 0.757031 0.067187 0.067187
19 0.627344 0.760938 0.064062 0.075000
25 0.698438 0.755469 0.062500 0.064062
13 0.769531 0.755469 0.064062 0.064062
16 0.846094 0.755469 0.057813 0.064062
