11 0.092188 0.095312 0.059375 0.065625
29 0.164062 0.097656 0.046875 0.070312
0 0.233594 0.096875 0.060937 0.068750
28 0.316406 0.099219 0.073438 0.073438
34 0.096094 0.215625 0.067187 0.071875
10 0.178906 0.214062 0.060937 0.068750
33 0.256250 0.212500 0.062500 0.065625
18 0.335156 0.211719 0.064062 0.064062
37 0.409375 0.210938 0.059375 0.062500
19 0.094531 0.323437 0.064062 0.075000
19 0.167969 0.323437 0.064062 0.075000
8 0.239063 0.317188 0.050000 0.062500
18 0.305469 0.317969 0.064062 0.064062
36 0.098437 0.435156 0.071875 0.067187
13 0.183594 0.435156 0.067187 0.067187
5 0.267188 0.435156 0.071875 0.067187
29 0.337500 0.438281 0.050000 0.073438
19 0.403906 0.437500 0.064062 0.071875
9 0.090625 0.541406 0.056250 0.064062
36 0.164062 0.541406 0.068750 0.064062
32 0.244531 0.542188 0.060937 0.065625
25 0.323437 0.541406 0.062500 0.064062
1 0.400000 0.544531 0.071875 0.070312
10 0.547656 0.096875 0.060937 0.068750
1 0.632812 0.096094 0.068750 0.067187
30 0.705469 0.095312 0.060937 0.065625
33 0.785937 0.095312 0.062500 0.065625
5 0.864062 0.096094 0.071875 0.067187
2 0.546875 0.197656 0.059375 0.064062
31 0.630469 0.198437 0.067187 0.065625
8 0.696875 0.196875 0.046875 0.062500
24 0.775000 0.196875 0.068750 0.062500
17 0.848437 0.199219 0.062500 0.067187
13 0.550781 0.305469 0.067187 0.067187
21 0.639062 0.305469 0.068750 0.067187
4 0.712500 0.304688 0.059375 0.065625
32 0.791406 0.303125 0.057813 0.062500
28 0.553906 0.416406 0.073438 0.076563
13 0.638281 0.411719 0.067187 0.067187
8 0.707812 0.409375 0.046875 0.062500
7 0.784375 0.410938 0.065625 0.065625
32 0.858594 0.410938 0.060937 0.065625
21 0.550000 0.527344 0.065625 0.064062
2 0.632812 0.527344 0.059375 0.064062
17 0.706250 0.528906 0.062500 0.067187
35 0.790625 0.528906 0.078125 0.067187
2 0.867188 0.527344 0.059375 0.064062
36 0.553125 0.630469 0.071875 0.067187
18 0.638281 0.630469 0.067187 0.067187
30 0.711719 0.629687 0.060937 0.065625
19 0.794531 0.634375 0.064062 0.075000
13 0.867969 0.630469 0.067187 0.067187
37 0.546875 0.746875 0.059375 0.062500
7 0.625000 0.746875 0.062500 0.062500
12 0.707031 0.747656 0.067187 0.064062
5 0.787500 0.747656 0.068750 0.064062
34 0.872656 0.751563 0.067187 0.071875
11 0.548438 0.856250 0.062500 0.068750
1 0.626563 0.857031 0.071875 0.070312
17 0.709375 0.853906 0.059375 0.064062
33 0.789062 0.856250 0.065625 0.068750
9 0.860938 0.853906 0.056250 0.064062
