29 0.085938 0.097656 0.046875 0.070312
2 0.154688 0.094531 0.059375 0.064062
14 0.230469 0.095312 0.064062 0.065625
8 0.300000 0.093750 0.046875 0.062500
15 0.361719 0.100000 0.057813 0.075000
15 0.428906 0.100000 0.057813 0.075000
14 0.503906 0.093750 0.060937 0.062500
34 0.094531 0.206250 0.064062 0.068750
12 0.171094 0.205469 0.070312 0.067187
28 0.257031 0.208594 0.070312 0.073438
36 0.337500 0.205469 0.071875 0.067187
8 0.412500 0.203125 0.046875 0.062500
37 0.475000 0.204687 0.062500 0.065625
3 0.553906 0.204687 0.057813 0.065625
19 0.094531 0.325000 0.064062 0.075000
8 0.167187 0.318750 0.046875 0.062500
26 0.239844 0.318750 0.070312 0.062500
18 0.325781 0.321094 0.067187 0.067187
22 0.403125 0.318750 0.068750 0.062500
11 0.481250 0.321875 0.062500 0.068750
34 0.560156 0.321875 0.064062 0.068750
34 0.094531 0.439063 0.064062 0.068750
4 0.173437 0.437500 0.059375 0.065625
34 0.253906 0.440625 0.067187 0.071875
14 0.335156 0.437500 0.064062 0.065625
0 0.411719 0.437500 0.057813 0.065625
14 0.482031 0.437500 0.064062 0.065625
17 0.564063 0.436719 0.059375 0.064062
17 0.092188 0.549219 0.059375 0.064062
15 0.169531 0.556250 0.060937 0.078125
24 0.254688 0.548438 0.068750 0.062500
22 0.335938 0.548438 0.068750 0.062500
19 0.413281 0.554688 0.064062 0.075000
23 0.495312 0.548438 0.062500 0.062500
0 0.574219 0.550000 0.057813 0.065625
20 0.092969 0.675000 0.060937 0.071875
28 0.172656 0.675781 0.070312 0.073438
28 0.252344 0.675781 0.070312 0.073438
24 0.337500 0.670312 0.068750 0.062500
24 0.421875 0.670312 0.068750 0.062500
22 0.096875 0.778125 0.068750 0.062500
19 0.180469 0.782813 0.060937 0.071875
36 0.257812 0.780469 0.071875 0.067187
19 0.332031 0.782813 0.060937 0.071875
8 0.403125 0.778125 0.050000 0.062500
