21 0.096875 0.096094 0.068750 0.067187
32 0.174219 0.093750 0.057813 0.062500
12 0.252344 0.096094 0.070312 0.067187
35 0.342187 0.094531 0.075000 0.064062
3 0.091406 0.203125 0.057813 0.065625
2 0.162500 0.203906 0.062500 0.067187
7 0.240625 0.201563 0.062500 0.062500
1 0.315625 0.203906 0.068750 0.067187
31 0.094531 0.307812 0.064062 0.062500
33 0.171875 0.310937 0.065625 0.068750
18 0.252344 0.310156 0.067187 0.067187
30 0.325781 0.309375 0.060937 0.065625
8 0.085938 0.418750 0.046875 0.062500
1 0.162500 0.422656 0.071875 0.070312
14 0.239844 0.418750 0.060937 0.062500
33 0.317188 0.420312 0.062500 0.065625
8 0.393750 0.418750 0.050000 0.062500
13 0.094531 0.533594 0.064062 0.064062
20 0.167969 0.537500 0.060937 0.071875
13 0.247656 0.535156 0.067187 0.067187
22 0.328125 0.532813 0.068750 0.062500
11 0.092188 0.643750 0.059375 0.065625
7 0.162500 0.642188 0.062500 0.062500
4 0.243750 0.643750 0.059375 0.065625
10 0.324219 0.645312 0.060937 0.068750
8 0.085938 0.753125 0.046875 0.062500
2 0.153125 0.755469 0.062500 0.067187
14 0.224219 0.753125 0.060937 0.062500
22 0.307812 0.753125 0.068750 0.062500
27 0.392969 0.755469 0.070312 0.067187
3 0.091406 0.860938 0.057813 0.065625
19 0.169531 0.865625 0.064062 0.075000
24 0.253125 0.859375 0.068750 0.062500
32 0.328906 0.859375 0.057813 0.062500
32 0.407031 0.860938 0.060937 0.065625
9 0.546875 0.096094 0.059375 0.067187
36 0.631250 0.094531 0.068750 0.064062
28 0.719531 0.099219 0.070312 0.073438
25 0.795312 0.096094 0.065625 0.067187
33 0.548438 0.210938 0.062500 0.065625
12 0.630469 0.211719 0.070312 0.067187
7 0.709375 0.210938 0.065625 0.065625
22 0.796875 0.210938 0.071875 0.065625
30 0.871094 0.209375 0.060937 0.062500
30 0.547656 0.315625 0.060937 0.065625
23 0.623437 0.314063 0.062500 0.062500
6 0.703125 0.314063 0.068750 0.062500
1 0.782813 0.316406 0.068750 0.067187
21 0.551562 0.416406 0.068750 0.067187
16 0.625781 0.414844 0.057813 0.064062
28 0.699219 0.421094 0.073438 0.076563
37 0.775000 0.414062 0.059375 0.062500
7 0.846875 0.415625 0.065625 0.065625
18 0.550781 0.533594 0.067187 0.067187
25 0.628125 0.533594 0.065625 0.067187
11 0.707812 0.532813 0.059375 0.065625
1 0.779687 0.533594 0.068750 0.067187
7 0.859375 0.532813 0.065625 0.065625
16 0.546094 0.636719 0.057813 0.064062
32 0.614844 0.635938 0.057813 0.062500
20 0.683594 0.640625 0.060937 0.071875
2 0.754687 0.638281 0.062500 0.067187
3 0.546094 0.748437 0.057813 0.065625
12 0.621094 0.749219 0.070312 0.067187
8 0.695312 0.746875 0.046875 0.062500
16 0.761719 0.749219 0.060937 0.067187
8 0.829688 0.746875 0.046875 0.062500
15 0.546094 0.862500 0.057813 0.075000
29 0.612500 0.860156 0.046875 0.070312
19 0.677344 0.860938 0.060937 0.071875
24 0.753125 0.857812 0.071875 0.065625
