21 0.095312 0.094531 0.065625 0.064062
36 0.184375 0.096094 0.071875 0.067187
15 0.266406 0.100000 0.057813 0.075000
8 0.328125 0.093750 0.046875 0.062500
3 0.391406 0.095312 0.057813 0.065625
18 0.094531 0.205469 0.064062 0.064062
18 0.178906 0.205469 0.064062 0.064062
4 0.256250 0.207813 0.062500 0.068750
18 0.327344 0.205469 0.064062 0.064062
4 0.409375 0.206250 0.059375 0.065625
12 0.096094 0.310156 0.067187 0.064062
19 0.169531 0.314063 0.060937 0.071875
5 0.251563 0.311719 0.071875 0.067187
2 0.329688 0.311719 0.062500 0.067187
3 0.403906 0.310937 0.057813 0.065625
37 0.092188 0.423438 0.059375 0.062500
11 0.173437 0.426563 0.062500 0.068750
14 0.250781 0.425000 0.064062 0.065625
24 0.329688 0.425000 0.071875 0.065625
31 0.416406 0.423438 0.064062 0.062500
6 0.096875 0.528125 0.068750 0.062500
20 0.182031 0.532813 0.060937 0.071875
27 0.267969 0.530469 0.070312 0.067187
19 0.347656 0.532813 0.064062 0.071875
35 0.435937 0.528906 0.075000 0.064062
5 0.096875 0.642969 0.068750 0.064062
8 0.171875 0.643750 0.050000 0.065625
5 0.240625 0.642969 0.068750 0.064062
31 0.321094 0.643750 0.067187 0.065625
12 0.097656 0.747656 0.070312 0.067187
19 0.180469 0.751563 0.064062 0.075000
5 0.264062 0.746094 0.068750 0.064062
1 0.342187 0.747656 0.068750 0.067187
15 0.424219 0.751563 0.057813 0.075000
0 0.546094 0.095312 0.057813 0.065625
6 0.626563 0.093750 0.068750 0.062500
18 0.707031 0.094531 0.064062 0.064062
14 0.782031 0.093750 0.060937 0.062500
9 0.857812 0.096094 0.059375 0.067187
5 0.551562 0.196094 0.068750 0.064062
6 0.642188 0.196875 0.071875 0.065625
5 0.726562 0.196094 0.068750 0.064062
4 0.806250 0.196875 0.059375 0.065625
19 0.886719 0.200000 0.060937 0.071875
20 0.549219 0.306250 0.064062 0.075000
23 0.621875 0.300000 0.062500 0.062500
20 0.691406 0.304688 0.060937 0.071875
14 0.771094 0.300000 0.060937 0.062500
27 0.853906 0.303906 0.073438 0.070312
29 0.542188 0.414844 0.050000 0.073438
37 0.606250 0.410938 0.062500 0.065625
33 0.689063 0.410938 0.062500 0.065625
6 0.764062 0.410938 0.071875 0.065625
23 0.842187 0.409375 0.062500 0.062500
18 0.550781 0.517969 0.067187 0.067187
15 0.622656 0.523438 0.060937 0.078125
3 0.692969 0.518750 0.060937 0.068750
12 0.769531 0.517969 0.070312 0.067187
31 0.550781 0.631250 0.067187 0.065625
3 0.630469 0.631250 0.057813 0.065625
18 0.703906 0.630469 0.064062 0.064062
23 0.787500 0.629687 0.062500 0.062500
12 0.552344 0.739844 0.070312 0.067187
5 0.639062 0.739844 0.071875 0.067187
17 0.718750 0.739844 0.062500 0.067187
0 0.796094 0.739062 0.057813 0.065625
11 0.865625 0.739062 0.059375 0.065625
