17 0.092188 0.094531 0.059375 0.064062
34 0.174219 0.098437 0.067187 0.071875
16 0.253906 0.096094 0.060937 0.067187
35 0.339062 0.094531 0.075000 0.064062
23 0.428125 0.093750 0.062500 0.062500
10 0.092969 0.204687 0.060937 0.068750
36 0.170313 0.203906 0.068750 0.067187
25 0.257812 0.203906 0.065625 0.067187
27 0.333594 0.203906 0.070312 0.067187
27 0.425781 0.205469 0.073438 0.070312
12 0.516406 0.203906 0.070312 0.067187
19 0.600781 0.206250 0.064062 0.071875
31 0.094531 0.306250 0.064062 0.062500
0 0.177344 0.307812 0.060937 0.065625
19 0.250781 0.310937 0.060937 0.071875
22 0.328125 0.307812 0.071875 0.065625
10 0.411719 0.309375 0.060937 0.068750
22 0.484375 0.306250 0.068750 0.062500
7 0.570312 0.306250 0.062500 0.062500
16 0.091406 0.421094 0.057813 0.064062
17 0.165625 0.421094 0.059375 0.064062
23 0.248438 0.421875 0.065625 0.065625
31 0.325781 0.421875 0.067187 0.065625
14 0.408594 0.421875 0.064062 0.065625
33 0.489063 0.423438 0.065625 0.068750
1 0.096875 0.530469 0.068750 0.067187
25 0.178125 0.530469 0.065625 0.067187
22 0.262500 0.528125 0.068750 0.062500
26 0.346094 0.528125 0.070312 0.062500
15 0.092969 0.639062 0.060937 0.078125
37 0.167187 0.631250 0.059375 0.062500
15 0.247656 0.639062 0.060937 0.078125
32 0.325781 0.631250 0.057813 0.062500
0 0.092969 0.748437 0.060937 0.068750
10 0.166406 0.750000 0.064062 0.071875
28 0.242969 0.752344 0.073438 0.076563
28 0.325781 0.750781 0.070312 0.073438
11 0.409375 0.746875 0.059375 0.065625
23 0.093750 0.856250 0.062500 0.062500
33 0.164062 0.857812 0.062500 0.065625
35 0.243750 0.858594 0.078125 0.067187
37 0.329688 0.856250 0.059375 0.062500
8 0.403125 0.857812 0.050000 0.065625
