28 0.099219 0.100781 0.073438 0.076563
16 0.178906 0.094531 0.057813 0.064062
1 0.250000 0.096094 0.068750 0.067187
18 0.327344 0.094531 0.064062 0.064062
19 0.411719 0.100000 0.064062 0.075000
19 0.491406 0.100000 0.064062 0.075000
0 0.091406 0.215625 0.057813 0.065625
19 0.160156 0.220312 0.064062 0.075000
29 0.232813 0.217969 0.046875 0.070312
35 0.312500 0.214844 0.075000 0.064062
32 0.388281 0.215625 0.060937 0.065625
30 0.461719 0.214062 0.057813 0.062500
33 0.531250 0.215625 0.062500 0.065625
7 0.093750 0.332813 0.062500 0.062500
3 0.175781 0.335938 0.060937 0.068750
18 0.250781 0.333594 0.064062 0.064062
31 0.330469 0.332813 0.064062 0.062500
28 0.413281 0.339844 0.073438 0.076563
33 0.489063 0.334375 0.062500 0.065625
11 0.092188 0.453125 0.059375 0.065625
37 0.162500 0.453125 0.062500 0.065625
22 0.245312 0.451562 0.068750 0.062500
24 0.321875 0.451562 0.068750 0.062500
8 0.387500 0.451562 0.046875 0.062500
28 0.461719 0.457031 0.070312 0.073438
30 0.536719 0.451562 0.057813 0.062500
21 0.096875 0.569531 0.068750 0.067187
5 0.173437 0.567969 0.068750 0.064062
34 0.249219 0.571875 0.067187 0.071875
26 0.338281 0.567187 0.070312 0.062500
35 0.425000 0.569531 0.078125 0.067187
31 0.507031 0.567187 0.064062 0.062500
37 0.093750 0.682813 0.062500 0.065625
5 0.168750 0.682031 0.068750 0.064062
25 0.243750 0.682031 0.062500 0.064062
28 0.325781 0.686719 0.070312 0.073438
22 0.098437 0.798438 0.071875 0.065625
25 0.182812 0.799219 0.065625 0.067187
33 0.254688 0.798438 0.062500 0.065625
33 0.331250 0.800000 0.065625 0.068750
33 0.414062 0.798438 0.062500 0.065625
29 0.487500 0.802344 0.050000 0.073438
