8 0.087500 0.093750 0.050000 0.062500
18 0.164844 0.094531 0.064062 0.064062
23 0.235937 0.093750 0.062500 0.062500
12 0.311719 0.094531 0.067187 0.064062
25 0.384375 0.094531 0.062500 0.064062
17 0.092188 0.200781 0.059375 0.064062
18 0.167969 0.202344 0.067187 0.067187
8 0.237500 0.200000 0.046875 0.062500
18 0.307031 0.200781 0.064062 0.064062
35 0.385937 0.202344 0.078125 0.067187
25 0.095312 0.305469 0.065625 0.067187
17 0.173437 0.303906 0.059375 0.064062
14 0.246094 0.303125 0.060937 0.062500
37 0.328125 0.303125 0.062500 0.062500
8 0.392188 0.303125 0.046875 0.062500
6 0.096875 0.404687 0.068750 0.062500
32 0.172656 0.404687 0.060937 0.062500
10 0.242969 0.407813 0.060937 0.068750
2 0.321875 0.407031 0.062500 0.067187
26 0.402344 0.406250 0.073438 0.065625
21 0.096875 0.519531 0.068750 0.067187
17 0.181250 0.517969 0.059375 0.064062
37 0.253125 0.518750 0.062500 0.065625
30 0.333594 0.517188 0.057813 0.062500
19 0.094531 0.625000 0.064062 0.075000
15 0.164844 0.626563 0.060937 0.078125
28 0.247656 0.625781 0.073438 0.076563
36 0.337500 0.621094 0.071875 0.067187
31 0.096094 0.732812 0.067187 0.065625
35 0.178125 0.732031 0.075000 0.064062
7 0.260937 0.732812 0.065625 0.065625
3 0.333594 0.732812 0.057813 0.065625
9 0.406250 0.732031 0.056250 0.064062
7 0.550000 0.095312 0.065625 0.065625
18 0.625781 0.094531 0.064062 0.064062
3 0.694531 0.095312 0.057813 0.065625
5 0.770312 0.096094 0.071875 0.067187
3 0.846094 0.095312 0.057813 0.065625
28 0.552344 0.205469 0.070312 0.073438
3 0.625781 0.201563 0.057813 0.065625
10 0.692969 0.203125 0.060937 0.068750
15 0.767969 0.206250 0.060937 0.075000
33 0.848437 0.201563 0.062500 0.065625
5 0.551562 0.308594 0.068750 0.064062
6 0.642188 0.309375 0.071875 0.065625
12 0.727344 0.308594 0.067187 0.064062
3 0.799219 0.309375 0.057813 0.065625
14 0.871094 0.309375 0.064062 0.065625
3 0.547656 0.414062 0.060937 0.068750
14 0.625781 0.410938 0.060937 0.062500
35 0.706250 0.413281 0.078125 0.067187
15 0.783594 0.417187 0.057813 0.075000
13 0.549219 0.530469 0.064062 0.064062
10 0.630469 0.532813 0.060937 0.068750
13 0.707031 0.530469 0.064062 0.064062
15 0.780469 0.537500 0.060937 0.078125
5 0.859375 0.532031 0.071875 0.067187
34 0.549219 0.653125 0.064062 0.068750
17 0.632812 0.652344 0.062500 0.067187
29 0.704688 0.653906 0.046875 0.070312
7 0.768750 0.651563 0.065625 0.065625
6 0.845313 0.651563 0.071875 0.065625
25 0.548438 0.763281 0.062500 0.064062
27 0.628906 0.764844 0.070312 0.067187
17 0.714063 0.763281 0.059375 0.064062
1 0.795312 0.766406 0.071875 0.070312
20 0.882031 0.768750 0.064062 0.075000
5 0.551562 0.882031 0.068750 0.064062
31 0.639844 0.882812 0.067187 0.065625
2 0.723437 0.882031 0.059375 0.064062
29 0.790625 0.886719 0.050000 0.073438
