19 0.092969 0.098437 0.060937 0.071875
34 0.163281 0.096875 0.064062 0.068750
6 0.250000 0.093750 0.068750 0.062500
0 0.332031 0.095312 0.057813 0.065625
22 0.409375 0.095312 0.071875 0.065625
21 0.095312 0.207031 0.065625 0.064062
28 0.178906 0.211719 0.070312 0.073438
35 0.260937 0.207031 0.075000 0.064062
21 0.340625 0.208594 0.068750 0.067187
22 0.425000 0.206250 0.068750 0.062500
26 0.505469 0.206250 0.070312 0.062500
32 0.577344 0.206250 0.057813 0.062500
7 0.093750 0.323437 0.062500 0.062500
17 0.165625 0.324219 0.062500 0.064062
32 0.242969 0.323437 0.060937 0.062500
35 0.328125 0.325781 0.078125 0.067187
5 0.096875 0.435156 0.068750 0.064062
1 0.179688 0.438281 0.071875 0.070312
28 0.260156 0.441406 0.073438 0.076563
25 0.339062 0.435156 0.065625 0.064062
2 0.418750 0.435156 0.059375 0.064062
8 0.087500 0.551562 0.050000 0.062500
26 0.160156 0.553125 0.073438 0.065625
27 0.252344 0.555469 0.073438 0.070312
34 0.338281 0.556250 0.067187 0.071875
18 0.421094 0.552344 0.064062 0.064062
26 0.496094 0.551562 0.070312 0.062500
8 0.571875 0.551562 0.046875 0.062500
14 0.092969 0.665625 0.060937 0.062500
20 0.166406 0.670312 0.060937 0.071875
34 0.238281 0.670312 0.067187 0.071875
30 0.316406 0.665625 0.057813 0.062500
9 0.393750 0.666406 0.056250 0.064062
4 0.464062 0.667188 0.059375 0.065625
14 0.546094 0.667188 0.064062 0.065625
33 0.093750 0.778125 0.062500 0.065625
11 0.173437 0.778125 0.059375 0.065625
17 0.254688 0.778906 0.062500 0.067187
14 0.327344 0.776563 0.060937 0.062500
30 0.091406 0.879687 0.057813 0.062500
37 0.165625 0.879687 0.059375 0.062500
23 0.243750 0.879687 0.062500 0.062500
37 0.321875 0.881250 0.062500 0.065625
7 0.393750 0.879687 0.062500 0.062500
18 0.477344 0.880469 0.064062 0.064062
13 0.561719 0.880469 0.064062 0.064062
