6 0.098437 0.095312 0.071875 0.065625
31 0.182031 0.093750 0.064062 0.062500
18 0.255469 0.094531 0.064062 0.064062
13 0.333594 0.096094 0.067187 0.067187
31 0.416406 0.095312 0.067187 0.065625
17 0.501563 0.094531 0.062500 0.064062
27 0.099219 0.197656 0.073438 0.070312
13 0.178906 0.196094 0.067187 0.067187
26 0.263281 0.195312 0.070312 0.065625
9 0.335938 0.194531 0.056250 0.064062
30 0.408594 0.193750 0.057813 0.062500
1 0.487500 0.196094 0.068750 0.067187
27 0.575781 0.196094 0.070312 0.067187
34 0.094531 0.304688 0.064062 0.068750
23 0.167187 0.301563 0.062500 0.062500
35 0.256250 0.302344 0.075000 0.064062
16 0.336719 0.302344 0.057813 0.064062
34 0.416406 0.306250 0.067187 0.071875
0 0.091406 0.407813 0.057813 0.065625
30 0.167969 0.406250 0.057813 0.062500
5 0.242188 0.407031 0.068750 0.064062
19 0.322656 0.410938 0.060937 0.071875
2 0.392188 0.407031 0.059375 0.064062
0 0.469531 0.409375 0.060937 0.068750
17 0.545312 0.407031 0.059375 0.064062
37 0.092188 0.515625 0.059375 0.062500
11 0.160938 0.517188 0.062500 0.065625
26 0.239844 0.517188 0.073438 0.065625
12 0.327344 0.517969 0.070312 0.067187
9 0.409375 0.516406 0.056250 0.064062
31 0.483594 0.515625 0.064062 0.062500
28 0.561719 0.522656 0.073438 0.076563
12 0.097656 0.632031 0.070312 0.067187
37 0.184375 0.631250 0.062500 0.065625
2 0.262500 0.632031 0.062500 0.067187
23 0.342187 0.629687 0.062500 0.062500
9 0.412500 0.630469 0.056250 0.064062
1 0.487500 0.632031 0.068750 0.067187
