30 0.092969 0.095312 0.060937 0.065625
7 0.167187 0.095312 0.065625 0.065625
14 0.246094 0.093750 0.060937 0.062500
17 0.325000 0.096094 0.062500 0.067187
3 0.403906 0.095312 0.057813 0.065625
37 0.092188 0.200000 0.059375 0.062500
5 0.171875 0.202344 0.071875 0.067187
33 0.256250 0.203125 0.065625 0.068750
22 0.334375 0.201563 0.071875 0.065625
24 0.412500 0.200000 0.068750 0.062500
25 0.093750 0.305469 0.062500 0.064062
28 0.172656 0.311719 0.073438 0.076563
6 0.260937 0.304688 0.068750 0.062500
33 0.337500 0.306250 0.062500 0.065625
0 0.416406 0.306250 0.057813 0.065625
34 0.094531 0.425000 0.064062 0.068750
3 0.164844 0.423438 0.057813 0.065625
3 0.238281 0.423438 0.057813 0.065625
34 0.316406 0.425000 0.067187 0.068750
20 0.399219 0.426563 0.060937 0.071875
18 0.094531 0.536719 0.064062 0.064062
16 0.171094 0.538281 0.060937 0.067187
10 0.253906 0.540625 0.064062 0.071875
34 0.335156 0.540625 0.067187 0.071875
27 0.419531 0.539844 0.073438 0.070312
32 0.092969 0.642188 0.060937 0.065625
5 0.176563 0.642969 0.071875 0.067187
19 0.255469 0.645312 0.060937 0.071875
22 0.328125 0.640625 0.068750 0.062500
0 0.546094 0.095312 0.057813 0.065625
24 0.617188 0.093750 0.068750 0.062500
33 0.696875 0.096875 0.065625 0.068750
26 0.786719 0.095312 0.073438 0.065625
22 0.551562 0.200000 0.068750 0.062500
24 0.637500 0.201563 0.068750 0.065625
6 0.715625 0.201563 0.071875 0.065625
25 0.800000 0.202344 0.065625 0.067187
11 0.882812 0.201563 0.059375 0.065625
7 0.548438 0.300000 0.062500 0.062500
31 0.632031 0.300000 0.064062 0.062500
12 0.717969 0.300781 0.067187 0.064062
8 0.784375 0.300000 0.046875 0.062500
17 0.848437 0.300781 0.059375 0.064062
8 0.542188 0.406250 0.050000 0.062500
10 0.614844 0.410938 0.064062 0.071875
29 0.679688 0.410156 0.050000 0.070312
16 0.752344 0.407031 0.057813 0.064062
18 0.825781 0.407031 0.064062 0.064062
3 0.547656 0.521875 0.060937 0.065625
24 0.629687 0.521875 0.071875 0.065625
28 0.722656 0.527344 0.073438 0.076563
26 0.808594 0.520312 0.070312 0.062500
9 0.887500 0.521094 0.056250 0.064062
19 0.547656 0.640625 0.060937 0.071875
32 0.617969 0.635938 0.057813 0.062500
3 0.685156 0.639062 0.060937 0.068750
17 0.757812 0.638281 0.062500 0.067187
4 0.835938 0.639062 0.062500 0.068750
