3 0.091406 0.095312 0.057813 0.065625
28 0.166406 0.099219 0.070312 0.073438
35 0.253125 0.096094 0.078125 0.067187
10 0.336719 0.096875 0.060937 0.068750
3 0.405469 0.096875 0.060937 0.068750
18 0.475781 0.094531 0.064062 0.064062
28 0.097656 0.205469 0.070312 0.073438
24 0.179688 0.201563 0.071875 0.065625
6 0.264062 0.200000 0.068750 0.062500
14 0.349219 0.201563 0.064062 0.065625
26 0.424219 0.200000 0.070312 0.062500
13 0.503906 0.202344 0.067187 0.067187
0 0.091406 0.310937 0.057813 0.065625
20 0.169531 0.314063 0.060937 0.071875
5 0.243750 0.311719 0.071875 0.067187
36 0.334375 0.310156 0.068750 0.064062
19 0.417969 0.315625 0.064062 0.075000
29 0.085938 0.427344 0.046875 0.070312
36 0.153125 0.425781 0.071875 0.067187
1 0.235937 0.425781 0.068750 0.067187
3 0.319531 0.425000 0.057813 0.065625
30 0.396094 0.423438 0.057813 0.062500
32 0.474219 0.423438 0.057813 0.062500
21 0.096875 0.536719 0.068750 0.067187
15 0.172656 0.540625 0.057813 0.075000
21 0.256250 0.536719 0.068750 0.067187
5 0.339062 0.535156 0.068750 0.064062
9 0.421875 0.535156 0.056250 0.064062
25 0.495312 0.535156 0.062500 0.064062
0 0.091406 0.651563 0.057813 0.065625
11 0.164062 0.653125 0.062500 0.068750
19 0.247656 0.656250 0.064062 0.075000
13 0.332031 0.652344 0.067187 0.067187
17 0.415625 0.652344 0.062500 0.067187
12 0.492969 0.652344 0.070312 0.067187
31 0.578906 0.650000 0.064062 0.062500
