24 0.096875 0.093750 0.068750 0.062500
15 0.178906 0.100000 0.057813 0.075000
9 0.254688 0.094531 0.056250 0.064062
35 0.335938 0.094531 0.075000 0.064062
37 0.420312 0.093750 0.059375 0.062500
15 0.092969 0.209375 0.060937 0.078125
25 0.168750 0.202344 0.062500 0.064062
25 0.239063 0.202344 0.062500 0.064062
34 0.314844 0.204687 0.064062 0.068750
32 0.091406 0.317188 0.057813 0.062500
27 0.171094 0.321094 0.073438 0.070312
19 0.255469 0.323437 0.064062 0.075000
30 0.333594 0.318750 0.060937 0.065625
31 0.403906 0.317188 0.064062 0.062500
20 0.094531 0.434375 0.064062 0.071875
26 0.174219 0.431250 0.073438 0.065625
25 0.264062 0.432031 0.065625 0.067187
35 0.354687 0.430469 0.075000 0.064062
19 0.441406 0.435937 0.064062 0.075000
20 0.092969 0.548438 0.060937 0.071875
21 0.175000 0.546094 0.068750 0.067187
31 0.249219 0.543750 0.064062 0.062500
24 0.331250 0.543750 0.068750 0.062500
33 0.412500 0.545312 0.062500 0.065625
32 0.091406 0.651563 0.057813 0.062500
11 0.167187 0.653125 0.059375 0.065625
36 0.246875 0.653906 0.071875 0.067187
32 0.325781 0.651563 0.057813 0.062500
19 0.400781 0.657813 0.064062 0.075000
18 0.550781 0.096094 0.067187 0.067187
17 0.621875 0.094531 0.059375 0.064062
36 0.703125 0.096094 0.071875 0.067187
17 0.782813 0.094531 0.059375 0.064062
1 0.857812 0.097656 0.071875 0.070312
32 0.546094 0.201563 0.057813 0.062500
2 0.620313 0.202344 0.059375 0.064062
13 0.696094 0.203906 0.067187 0.067187
2 0.771875 0.203906 0.062500 0.067187
0 0.847656 0.203125 0.060937 0.065625
20 0.547656 0.314063 0.060937 0.071875
12 0.625781 0.310156 0.067187 0.064062
34 0.710156 0.314063 0.067187 0.071875
14 0.792969 0.310937 0.064062 0.065625
19 0.866406 0.314063 0.060937 0.071875
35 0.554688 0.417969 0.075000 0.067187
25 0.635938 0.416406 0.062500 0.064062
15 0.711719 0.423438 0.060937 0.078125
2 0.784375 0.417969 0.062500 0.067187
24 0.862500 0.417187 0.071875 0.065625
5 0.551562 0.538281 0.068750 0.067187
2 0.635938 0.538281 0.062500 0.067187
2 0.709375 0.538281 0.062500 0.067187
23 0.790625 0.537500 0.065625 0.065625
3 0.864844 0.537500 0.057813 0.065625
