4 0.093750 0.096875 0.062500 0.068750
10 0.164844 0.096875 0.060937 0.068750
27 0.250781 0.097656 0.070312 0.070312
17 0.328125 0.096094 0.062500 0.067187
29 0.396875 0.097656 0.050000 0.070312
4 0.092188 0.200000 0.059375 0.065625
3 0.164844 0.200000 0.057813 0.065625
17 0.231250 0.199219 0.059375 0.064062
34 0.300781 0.201563 0.064062 0.068750
6 0.378125 0.198437 0.068750 0.062500
36 0.098437 0.308594 0.071875 0.067187
19 0.174219 0.312500 0.064062 0.075000
25 0.256250 0.307031 0.062500 0.064062
33 0.334375 0.307812 0.062500 0.065625
25 0.095312 0.422656 0.065625 0.067187
4 0.167187 0.421875 0.059375 0.065625
26 0.250781 0.420312 0.070312 0.062500
20 0.333594 0.426563 0.064062 0.075000
8 0.396875 0.420312 0.046875 0.062500
2 0.093750 0.541406 0.062500 0.067187
22 0.179688 0.539062 0.068750 0.062500
1 0.260937 0.542969 0.071875 0.070312
8 0.340625 0.540625 0.050000 0.065625
20 0.092969 0.646875 0.060937 0.071875
17 0.173437 0.642969 0.059375 0.064062
29 0.239063 0.646094 0.050000 0.070312
37 0.303125 0.642188 0.059375 0.062500
6 0.387500 0.642188 0.068750 0.062500
26 0.099219 0.750000 0.073438 0.065625
28 0.191406 0.755469 0.073438 0.076563
31 0.267969 0.750000 0.064062 0.065625
2 0.345313 0.750781 0.062500 0.067187
13 0.428906 0.750781 0.067187 0.067187
29 0.085938 0.872656 0.046875 0.070312
10 0.161719 0.871875 0.064062 0.068750
2 0.232813 0.869531 0.059375 0.064062
3 0.310156 0.871875 0.060937 0.068750
22 0.390625 0.870313 0.071875 0.065625
12 0.552344 0.096094 0.070312 0.067187
15 0.628906 0.101562 0.060937 0.078125
35 0.709375 0.096094 0.075000 0.067187
15 0.794531 0.101562 0.060937 0.078125
21 0.875000 0.096094 0.068750 0.067187
25 0.550000 0.210156 0.065625 0.067187
15 0.627344 0.215625 0.060937 0.078125
6 0.712500 0.209375 0.068750 0.065625
16 0.786719 0.208594 0.057813 0.064062
35 0.865625 0.208594 0.075000 0.064062
10 0.547656 0.329688 0.060937 0.068750
33 0.617188 0.328125 0.062500 0.065625
26 0.699219 0.328125 0.073438 0.065625
27 0.780469 0.330469 0.073438 0.070312
20 0.857031 0.331250 0.064062 0.071875
14 0.547656 0.442188 0.060937 0.062500
28 0.633594 0.447656 0.070312 0.073438
37 0.707812 0.442188 0.059375 0.062500
21 0.779687 0.442969 0.065625 0.064062
24 0.859375 0.443750 0.071875 0.065625
18 0.549219 0.552344 0.064062 0.064062
18 0.633594 0.553906 0.067187 0.067187
2 0.717187 0.553906 0.062500 0.067187
29 0.787500 0.555469 0.050000 0.070312
6 0.865625 0.551562 0.068750 0.062500
22 0.551562 0.659375 0.068750 0.062500
8 0.625000 0.659375 0.050000 0.062500
4 0.690625 0.660937 0.059375 0.065625
18 0.761719 0.661719 0.067187 0.067187
15 0.838281 0.665625 0.057813 0.075000
20 0.549219 0.775000 0.064062 0.075000
34 0.627344 0.773438 0.067187 0.071875
12 0.702344 0.769531 0.067187 0.064062
20 0.783594 0.773438 0.060937 0.071875
