20 0.092969 0.098437 0.060937 0.071875
31 0.167969 0.093750 0.064062 0.062500
6 0.256250 0.095312 0.071875 0.065625
29 0.335938 0.097656 0.050000 0.070312
14 0.408594 0.095312 0.064062 0.065625
13 0.094531 0.208594 0.064062 0.064062
9 0.170313 0.210156 0.059375 0.067187
25 0.240625 0.208594 0.062500 0.064062
16 0.313281 0.208594 0.057813 0.064062
25 0.389062 0.210156 0.065625 0.067187
28 0.099219 0.314844 0.073438 0.076563
28 0.191406 0.313281 0.070312 0.073438
9 0.271875 0.308594 0.056250 0.064062
36 0.351562 0.310156 0.071875 0.067187
3 0.427344 0.309375 0.057813 0.065625
1 0.096875 0.421094 0.068750 0.067187
1 0.182812 0.421094 0.068750 0.067187
14 0.266406 0.420312 0.064062 0.065625
24 0.345313 0.420312 0.071875 0.065625
37 0.431250 0.418750 0.059375 0.062500
33 0.095312 0.523438 0.065625 0.068750
32 0.174219 0.520312 0.057813 0.062500
21 0.246875 0.522656 0.068750 0.067187
10 0.328906 0.523438 0.060937 0.068750
31 0.096094 0.626563 0.067187 0.065625
31 0.177344 0.625000 0.064062 0.062500
29 0.245312 0.630469 0.050000 0.073438
20 0.310156 0.629687 0.060937 0.071875
12 0.389844 0.627344 0.070312 0.067187
18 0.094531 0.733594 0.064062 0.064062
37 0.175000 0.732812 0.062500 0.062500
19 0.255469 0.737500 0.060937 0.071875
30 0.335156 0.732812 0.057813 0.062500
11 0.407813 0.735938 0.062500 0.068750
9 0.546875 0.096094 0.059375 0.067187
14 0.617969 0.093750 0.060937 0.062500
30 0.696094 0.093750 0.057813 0.062500
11 0.773438 0.095312 0.059375 0.065625
34 0.857031 0.098437 0.067187 0.071875
14 0.549219 0.200000 0.064062 0.065625
9 0.625000 0.199219 0.056250 0.064062
21 0.696875 0.199219 0.065625 0.064062
15 0.769531 0.206250 0.060937 0.078125
30 0.838281 0.198437 0.057813 0.062500
31 0.549219 0.312500 0.064062 0.062500
13 0.621094 0.313281 0.064062 0.064062
5 0.707812 0.314844 0.071875 0.067187
10 0.786719 0.315625 0.060937 0.068750
27 0.872656 0.314844 0.070312 0.067187
4 0.546875 0.420312 0.059375 0.065625
1 0.628125 0.422656 0.071875 0.070312
2 0.704688 0.421094 0.062500 0.067187
24 0.784375 0.420312 0.071875 0.065625
15 0.860156 0.425000 0.057813 0.075000
3 0.547656 0.534375 0.060937 0.065625
7 0.629687 0.532813 0.062500 0.062500
18 0.711719 0.533594 0.064062 0.064062
35 0.790625 0.533594 0.075000 0.064062
7 0.870313 0.532813 0.062500 0.062500
6 0.551562 0.631250 0.068750 0.062500
19 0.628906 0.635938 0.060937 0.071875
25 0.704688 0.633594 0.065625 0.067187
28 0.783594 0.636719 0.070312 0.073438
12 0.550781 0.739844 0.067187 0.064062
27 0.630469 0.741406 0.070312 0.067187
18 0.716406 0.741406 0.067187 0.067187
6 0.795312 0.739062 0.068750 0.062500
