23 0.093750 0.093750 0.062500 0.062500
6 0.168750 0.095312 0.071875 0.065625
15 0.241406 0.100000 0.057813 0.075000
23 0.315625 0.095312 0.065625 0.065625
2 0.398438 0.096094 0.062500 0.067187
22 0.096875 0.203125 0.068750 0.062500
12 0.182031 0.205469 0.070312 0.067187
27 0.263281 0.207031 0.073438 0.070312
1 0.351562 0.205469 0.068750 0.067187
11 0.432812 0.204687 0.059375 0.065625
24 0.096875 0.312500 0.068750 0.062500
20 0.174219 0.318750 0.064062 0.075000
36 0.256250 0.313281 0.068750 0.064062
9 0.339062 0.314844 0.059375 0.067187
29 0.404687 0.316406 0.046875 0.070312
10 0.094531 0.428125 0.064062 0.071875
36 0.168750 0.424219 0.068750 0.064062
8 0.243750 0.425000 0.050000 0.065625
22 0.325000 0.425000 0.071875 0.065625
13 0.413281 0.425781 0.067187 0.067187
19 0.092969 0.539062 0.060937 0.071875
34 0.167969 0.537500 0.064062 0.068750
0 0.241406 0.537500 0.060937 0.068750
28 0.328906 0.541406 0.073438 0.076563
17 0.409375 0.535156 0.059375 0.064062
7 0.093750 0.643750 0.062500 0.062500
37 0.173437 0.645312 0.062500 0.065625
35 0.264062 0.646094 0.078125 0.067187
26 0.352344 0.645312 0.073438 0.065625
30 0.427344 0.643750 0.057813 0.062500
22 0.096875 0.754687 0.068750 0.062500
29 0.170313 0.758594 0.046875 0.070312
13 0.247656 0.757031 0.067187 0.067187
31 0.333594 0.756250 0.067187 0.065625
27 0.099219 0.866406 0.073438 0.070312
8 0.173437 0.862500 0.046875 0.062500
28 0.244531 0.869531 0.073438 0.076563
15 0.317969 0.868750 0.057813 0.075000
8 0.384375 0.862500 0.046875 0.062500
5 0.551562 0.094531 0.068750 0.064062
20 0.636719 0.100000 0.064062 0.075000
21 0.720313 0.094531 0.065625 0.064062
22 0.803125 0.093750 0.068750 0.062500
21 0.887500 0.094531 0.065625 0.064062
36 0.553125 0.205469 0.071875 0.067187
10 0.627344 0.206250 0.060937 0.068750
11 0.700000 0.204687 0.059375 0.065625
30 0.772656 0.203125 0.057813 0.062500
35 0.846875 0.203906 0.075000 0.064062
0 0.546094 0.307812 0.057813 0.065625
23 0.621875 0.306250 0.062500 0.062500
34 0.703906 0.309375 0.064062 0.068750
33 0.785937 0.307812 0.062500 0.065625
22 0.860938 0.307812 0.071875 0.065625
16 0.547656 0.410156 0.060937 0.067187
14 0.624219 0.407813 0.060937 0.062500
24 0.701562 0.407813 0.068750 0.062500
23 0.789062 0.409375 0.065625 0.065625
7 0.868750 0.407813 0.062500 0.062500
36 0.551562 0.514844 0.068750 0.064062
18 0.628906 0.516406 0.067187 0.067187
37 0.707812 0.515625 0.062500 0.065625
15 0.786719 0.520312 0.057813 0.075000
19 0.857031 0.518750 0.060937 0.071875
11 0.546875 0.628125 0.059375 0.065625
29 0.610938 0.632031 0.050000 0.073438
15 0.678906 0.632812 0.057813 0.075000
35 0.754687 0.628906 0.078125 0.067187
