35 0.100000 0.094531 0.075000 0.064062
32 0.178906 0.093750 0.060937 0.062500
28 0.266406 0.100781 0.073438 0.076563
36 0.354687 0.094531 0.068750 0.064062
5 0.442188 0.094531 0.068750 0.064062
13 0.096094 0.207031 0.067187 0.067187
28 0.185156 0.211719 0.073438 0.076563
32 0.263281 0.204687 0.060937 0.062500
8 0.325000 0.204687 0.046875 0.062500
29 0.379688 0.208594 0.046875 0.070312
6 0.098437 0.321875 0.071875 0.065625
31 0.177344 0.320312 0.064062 0.062500
23 0.251563 0.321875 0.065625 0.065625
29 0.317188 0.325781 0.050000 0.073438
22 0.396875 0.320312 0.068750 0.062500
13 0.094531 0.436719 0.064062 0.064062
9 0.171875 0.438281 0.059375 0.067187
34 0.252344 0.439063 0.064062 0.068750
22 0.326562 0.435937 0.068750 0.062500
37 0.403125 0.435937 0.059375 0.062500
23 0.095312 0.548438 0.065625 0.065625
21 0.179688 0.549219 0.068750 0.067187
11 0.257812 0.548438 0.059375 0.065625
25 0.334375 0.547656 0.062500 0.064062
6 0.420312 0.548438 0.068750 0.065625
16 0.091406 0.655469 0.057813 0.064062
17 0.160938 0.655469 0.059375 0.064062
22 0.239063 0.654687 0.068750 0.062500
20 0.316406 0.660937 0.064062 0.075000
11 0.396875 0.656250 0.062500 0.065625
25 0.093750 0.769531 0.062500 0.064062
37 0.164062 0.768750 0.059375 0.062500
26 0.246094 0.768750 0.070312 0.062500
12 0.332031 0.771094 0.070312 0.067187
18 0.408594 0.769531 0.064062 0.064062
23 0.550000 0.095312 0.065625 0.065625
15 0.628906 0.101562 0.060937 0.078125
15 0.708594 0.100000 0.057813 0.075000
3 0.786719 0.096875 0.060937 0.068750
36 0.551562 0.208594 0.068750 0.064062
11 0.626563 0.209375 0.059375 0.065625
4 0.696875 0.210938 0.062500 0.068750
10 0.777344 0.210938 0.060937 0.068750
22 0.856250 0.207813 0.068750 0.062500
36 0.551562 0.311719 0.068750 0.064062
15 0.624219 0.318750 0.060937 0.078125
30 0.699219 0.310937 0.057813 0.062500
2 0.773438 0.311719 0.059375 0.064062
24 0.551562 0.432812 0.068750 0.062500
4 0.625000 0.434375 0.059375 0.065625
18 0.707031 0.435156 0.067187 0.067187
31 0.792969 0.432812 0.064062 0.062500
17 0.864062 0.435156 0.062500 0.067187
10 0.547656 0.537500 0.060937 0.068750
25 0.623437 0.536719 0.065625 0.067187
24 0.710938 0.534375 0.068750 0.062500
0 0.791406 0.535937 0.057813 0.065625
7 0.867188 0.535937 0.065625 0.065625
5 0.553125 0.638281 0.071875 0.067187
20 0.636719 0.640625 0.060937 0.071875
5 0.717187 0.636719 0.068750 0.064062
28 0.807031 0.642969 0.073438 0.076563
22 0.889062 0.635938 0.068750 0.062500
20 0.549219 0.753125 0.064062 0.075000
18 0.624219 0.749219 0.067187 0.067187
28 0.702344 0.753906 0.073438 0.076563
25 0.779687 0.747656 0.062500 0.064062
