35 0.101562 0.096094 0.078125 0.067187
10 0.185156 0.096875 0.060937 0.068750
17 0.259375 0.094531 0.059375 0.064062
3 0.338281 0.095312 0.057813 0.065625
34 0.410156 0.098437 0.067187 0.071875
5 0.098437 0.205469 0.071875 0.067187
21 0.176563 0.203906 0.065625 0.064062
19 0.258594 0.207813 0.060937 0.071875
19 0.338281 0.209375 0.064062 0.075000
37 0.092188 0.315625 0.059375 0.062500
15 0.160156 0.321875 0.057813 0.075000
7 0.239063 0.315625 0.062500 0.062500
4 0.317188 0.317188 0.059375 0.065625
37 0.396875 0.315625 0.059375 0.062500
9 0.092188 0.432031 0.059375 0.064062
22 0.164062 0.431250 0.068750 0.062500
17 0.239063 0.433594 0.062500 0.067187
1 0.317188 0.433594 0.068750 0.067187
15 0.392969 0.437500 0.057813 0.075000
13 0.094531 0.544531 0.064062 0.064062
22 0.179688 0.543750 0.068750 0.062500
9 0.256250 0.546094 0.059375 0.067187
21 0.328125 0.544531 0.065625 0.064062
10 0.405469 0.548438 0.064062 0.071875
9 0.092188 0.650781 0.059375 0.064062
10 0.171094 0.653125 0.064062 0.068750
29 0.243750 0.653906 0.050000 0.070312
4 0.307812 0.651563 0.059375 0.065625
9 0.373437 0.650781 0.056250 0.064062
30 0.438281 0.650000 0.057813 0.062500
23 0.093750 0.762500 0.062500 0.062500
20 0.167969 0.767188 0.060937 0.071875
30 0.247656 0.764062 0.060937 0.065625
28 0.328906 0.767969 0.070312 0.073438
8 0.400000 0.762500 0.050000 0.062500
28 0.099219 0.886719 0.073438 0.076563
35 0.184375 0.882031 0.078125 0.067187
36 0.268750 0.882031 0.071875 0.067187
11 0.346875 0.881250 0.059375 0.065625
16 0.422656 0.882031 0.060937 0.067187
19 0.549219 0.098437 0.064062 0.071875
35 0.635938 0.096094 0.078125 0.067187
23 0.723437 0.093750 0.062500 0.062500
26 0.805469 0.095312 0.073438 0.065625
27 0.889844 0.096094 0.070312 0.067187
33 0.550000 0.203125 0.065625 0.068750
6 0.628125 0.201563 0.071875 0.065625
5 0.710938 0.202344 0.071875 0.067187
37 0.795312 0.200000 0.059375 0.062500
26 0.877344 0.201563 0.073438 0.065625
3 0.547656 0.306250 0.060937 0.068750
18 0.627344 0.303906 0.064062 0.064062
20 0.699219 0.307812 0.064062 0.071875
15 0.772656 0.309375 0.057813 0.075000
30 0.846094 0.303125 0.057813 0.062500
18 0.549219 0.419531 0.064062 0.064062
34 0.624219 0.421875 0.064062 0.068750
16 0.696094 0.419531 0.057813 0.064062
7 0.771875 0.418750 0.062500 0.062500
20 0.850781 0.425000 0.064062 0.075000
31 0.549219 0.532813 0.064062 0.062500
20 0.621094 0.537500 0.060937 0.071875
6 0.700000 0.532813 0.068750 0.062500
27 0.778906 0.535156 0.070312 0.067187
0 0.852344 0.534375 0.057813 0.065625
5 0.551562 0.638281 0.068750 0.064062
22 0.629687 0.639062 0.071875 0.065625
33 0.717187 0.639062 0.062500 0.065625
12 0.799219 0.638281 0.067187 0.064062
9 0.546875 0.738281 0.059375 0.067187
0 0.624219 0.739062 0.060937 0.068750
13 0.696094 0.736719 0.064062 0.064062
28 0.782031 0.742969 0.073438 0.076563
0 0.869531 0.739062 0.060937 0.068750
