21 0.095312 0.094531 0.065625 0.064062
16 0.174219 0.096094 0.060937 0.067187
16 0.244531 0.096094 0.060937 0.067187
28 0.322656 0.100781 0.073438 0.076563
15 0.400781 0.100000 0.060937 0.075000
18 0.483594 0.094531 0.064062 0.064062
15 0.091406 0.212500 0.057813 0.075000
25 0.162500 0.208594 0.065625 0.067187
10 0.236719 0.209375 0.060937 0.068750
37 0.315625 0.207813 0.062500 0.065625
28 0.399219 0.211719 0.070312 0.073438
7 0.473438 0.206250 0.062500 0.062500
11 0.550000 0.207813 0.059375 0.065625
18 0.096094 0.319531 0.067187 0.067187
26 0.178906 0.318750 0.073438 0.065625
36 0.268750 0.317969 0.068750 0.064062
2 0.345313 0.317969 0.059375 0.064062
27 0.099219 0.428906 0.073438 0.070312
16 0.183594 0.425781 0.060937 0.064062
33 0.264062 0.426563 0.062500 0.065625
7 0.337500 0.425000 0.062500 0.062500
20 0.092969 0.543750 0.060937 0.071875
24 0.178125 0.539062 0.068750 0.062500
28 0.264844 0.544531 0.070312 0.073438
25 0.342187 0.539844 0.062500 0.064062
11 0.093750 0.656250 0.062500 0.068750
30 0.161719 0.653125 0.057813 0.062500
8 0.226562 0.654687 0.050000 0.065625
6 0.304688 0.654687 0.071875 0.065625
7 0.387500 0.654687 0.065625 0.065625
25 0.468750 0.653906 0.062500 0.064062
14 0.550781 0.653125 0.060937 0.062500
