19 0.092969 0.098437 0.060937 0.071875
6 0.167187 0.093750 0.068750 0.062500
4 0.248438 0.096875 0.062500 0.068750
12 0.335156 0.096094 0.070312 0.067187
17 0.415625 0.096094 0.062500 0.067187
17 0.498437 0.096094 0.062500 0.067187
14 0.092969 0.204687 0.060937 0.062500
12 0.169531 0.205469 0.067187 0.064062
11 0.243750 0.206250 0.059375 0.065625
36 0.325000 0.205469 0.068750 0.064062
28 0.099219 0.319531 0.073438 0.076563
22 0.182812 0.314063 0.071875 0.065625
26 0.271094 0.312500 0.070312 0.062500
16 0.347656 0.313281 0.057813 0.064062
1 0.431250 0.314844 0.068750 0.067187
28 0.511719 0.317969 0.070312 0.073438
25 0.587500 0.314844 0.065625 0.067187
15 0.091406 0.429688 0.057813 0.075000
17 0.162500 0.425781 0.062500 0.067187
0 0.233594 0.426563 0.060937 0.068750
0 0.310156 0.425000 0.057813 0.065625
18 0.094531 0.541406 0.064062 0.064062
24 0.173437 0.542188 0.071875 0.065625
28 0.261719 0.546094 0.070312 0.073438
0 0.342969 0.542188 0.057813 0.065625
32 0.410156 0.540625 0.060937 0.062500
11 0.487500 0.542188 0.059375 0.065625
