33 0.095312 0.096875 0.065625 0.068750
10 0.177344 0.096875 0.064062 0.068750
8 0.250000 0.093750 0.046875 0.062500
4 0.314063 0.096875 0.062500 0.068750
21 0.392188 0.094531 0.065625 0.064062
33 0.093750 0.196875 0.062500 0.065625
17 0.175000 0.196094 0.062500 0.064062
22 0.254688 0.196875 0.071875 0.065625
8 0.323437 0.195312 0.046875 0.062500
29 0.379688 0.199219 0.050000 0.070312
3 0.092969 0.307812 0.060937 0.068750
29 0.164062 0.308594 0.046875 0.070312
14 0.232031 0.304688 0.060937 0.062500
28 0.317969 0.310156 0.070312 0.073438
30 0.400781 0.304688 0.057813 0.062500
21 0.095312 0.422656 0.065625 0.064062
37 0.179688 0.421875 0.062500 0.062500
13 0.253906 0.424219 0.067187 0.067187
26 0.330469 0.421875 0.070312 0.062500
18 0.094531 0.527344 0.064062 0.064062
16 0.163281 0.527344 0.057813 0.064062
32 0.235156 0.526563 0.057813 0.062500
1 0.317188 0.530469 0.071875 0.070312
15 0.091406 0.640625 0.057813 0.075000
26 0.169531 0.635938 0.073438 0.065625
24 0.259375 0.634375 0.068750 0.062500
0 0.336719 0.635938 0.060937 0.065625
23 0.415625 0.635938 0.065625 0.065625
29 0.540625 0.097656 0.046875 0.070312
19 0.613281 0.098437 0.060937 0.071875
34 0.697656 0.098437 0.067187 0.071875
36 0.779687 0.096094 0.071875 0.067187
31 0.549219 0.198437 0.064062 0.062500
22 0.631250 0.198437 0.068750 0.062500
36 0.714063 0.200781 0.071875 0.067187
1 0.793750 0.200781 0.068750 0.067187
16 0.871094 0.199219 0.060937 0.064062
34 0.550781 0.309375 0.067187 0.068750
12 0.628906 0.307031 0.067187 0.064062
18 0.708594 0.307031 0.064062 0.064062
21 0.790625 0.308594 0.068750 0.067187
26 0.878906 0.307812 0.073438 0.065625
26 0.552344 0.407813 0.070312 0.062500
0 0.630469 0.410938 0.060937 0.068750
3 0.703906 0.409375 0.057813 0.065625
1 0.778125 0.411719 0.071875 0.070312
17 0.862500 0.410156 0.062500 0.067187
8 0.540625 0.512500 0.046875 0.062500
33 0.615625 0.514062 0.062500 0.065625
7 0.698438 0.512500 0.062500 0.062500
32 0.767969 0.512500 0.057813 0.062500
35 0.843750 0.513281 0.075000 0.064062
24 0.553125 0.623437 0.071875 0.065625
33 0.639062 0.623437 0.062500 0.065625
27 0.724219 0.625781 0.073438 0.070312
8 0.796875 0.621875 0.050000 0.062500
10 0.872656 0.625000 0.060937 0.068750
1 0.551562 0.730469 0.068750 0.067187
17 0.625000 0.728906 0.059375 0.064062
7 0.706250 0.728125 0.062500 0.062500
33 0.789062 0.729688 0.062500 0.065625
10 0.872656 0.731250 0.064062 0.068750
