10 0.094531 0.096875 0.064062 0.068750
23 0.173437 0.095312 0.065625 0.065625
9 0.246875 0.094531 0.056250 0.064062
1 0.318750 0.097656 0.071875 0.070312
16 0.392969 0.094531 0.057813 0.064062
30 0.091406 0.200000 0.057813 0.062500
13 0.164844 0.200781 0.064062 0.064062
7 0.246875 0.200000 0.062500 0.062500
1 0.323437 0.203906 0.071875 0.070312
9 0.092188 0.316406 0.059375 0.067187
0 0.163281 0.317188 0.060937 0.068750
34 0.239844 0.317188 0.064062 0.068750
18 0.324219 0.314844 0.064062 0.064062
28 0.400781 0.319531 0.070312 0.073438
16 0.092969 0.425781 0.060937 0.064062
18 0.175781 0.427344 0.067187 0.067187
18 0.263281 0.427344 0.067187 0.067187
0 0.344531 0.428125 0.060937 0.068750
36 0.096875 0.536719 0.068750 0.064062
28 0.186719 0.541406 0.070312 0.073438
21 0.268750 0.536719 0.065625 0.064062
7 0.348438 0.535937 0.062500 0.062500
9 0.421875 0.536719 0.056250 0.064062
3 0.547656 0.096875 0.060937 0.068750
19 0.625781 0.100000 0.064062 0.075000
25 0.701562 0.094531 0.062500 0.064062
23 0.775000 0.093750 0.062500 0.062500
9 0.851562 0.096094 0.059375 0.067187
14 0.547656 0.203125 0.060937 0.062500
33 0.629687 0.204687 0.065625 0.065625
6 0.718750 0.204687 0.071875 0.065625
7 0.804688 0.204687 0.065625 0.065625
36 0.882812 0.205469 0.071875 0.067187
0 0.546094 0.310937 0.057813 0.065625
31 0.622656 0.309375 0.064062 0.062500
34 0.696094 0.312500 0.064062 0.068750
30 0.771094 0.310937 0.060937 0.065625
35 0.857812 0.311719 0.075000 0.067187
2 0.548438 0.421094 0.062500 0.067187
6 0.631250 0.420312 0.071875 0.065625
32 0.708594 0.418750 0.057813 0.062500
14 0.788281 0.418750 0.060937 0.062500
16 0.866406 0.421094 0.060937 0.067187
0 0.546094 0.523438 0.057813 0.065625
35 0.621875 0.522656 0.075000 0.064062
16 0.700781 0.522656 0.057813 0.064062
3 0.780469 0.525000 0.060937 0.068750
4 0.856250 0.525000 0.062500 0.068750
36 0.551562 0.628906 0.068750 0.067187
1 0.631250 0.628906 0.068750 0.067187
34 0.714844 0.631250 0.067187 0.071875
23 0.790625 0.626563 0.062500 0.062500
1 0.870313 0.630469 0.071875 0.070312
33 0.550000 0.745313 0.065625 0.068750
20 0.630469 0.748437 0.064062 0.075000
9 0.707812 0.744531 0.059375 0.067187
16 0.788281 0.744531 0.060937 0.067187
4 0.856250 0.743750 0.059375 0.065625
21 0.551562 0.860156 0.068750 0.067187
25 0.634375 0.858594 0.062500 0.064062
24 0.710938 0.859375 0.068750 0.065625
28 0.797656 0.863281 0.070312 0.073438
2 0.881250 0.860156 0.062500 0.067187
