28 0.099219 0.100781 0.073438 0.076563
26 0.183594 0.093750 0.070312 0.062500
23 0.268750 0.095312 0.065625 0.065625
3 0.346094 0.096875 0.060937 0.068750
18 0.427344 0.094531 0.064062 0.064062
2 0.501563 0.094531 0.059375 0.064062
22 0.096875 0.206250 0.068750 0.062500
37 0.168750 0.206250 0.059375 0.062500
35 0.257812 0.208594 0.078125 0.067187
5 0.351562 0.207031 0.068750 0.064062
11 0.432812 0.207813 0.059375 0.065625
5 0.515625 0.207031 0.068750 0.064062
37 0.589063 0.206250 0.059375 0.062500
16 0.092969 0.310156 0.060937 0.067187
2 0.167187 0.308594 0.059375 0.064062
37 0.239063 0.307812 0.059375 0.062500
11 0.310937 0.309375 0.059375 0.065625
3 0.380469 0.310937 0.060937 0.068750
31 0.461719 0.309375 0.067187 0.065625
16 0.544531 0.308594 0.057813 0.064062
22 0.096875 0.417187 0.068750 0.062500
36 0.178125 0.419531 0.071875 0.067187
6 0.264062 0.417187 0.068750 0.062500
32 0.335156 0.417187 0.057813 0.062500
31 0.414844 0.417187 0.064062 0.062500
13 0.096094 0.525781 0.067187 0.067187
6 0.184375 0.525000 0.071875 0.065625
26 0.269531 0.525000 0.070312 0.065625
34 0.347656 0.526563 0.064062 0.068750
