14 0.092969 0.093750 0.060937 0.062500
3 0.174219 0.096875 0.060937 0.068750
12 0.252344 0.094531 0.067187 0.064062
13 0.332031 0.096094 0.067187 0.067187
18 0.410156 0.094531 0.064062 0.064062
17 0.482812 0.096094 0.062500 0.067187
14 0.560156 0.093750 0.060937 0.062500
19 0.094531 0.206250 0.064062 0.075000
25 0.168750 0.202344 0.065625 0.067187
11 0.253125 0.203125 0.062500 0.068750
31 0.327344 0.201563 0.067187 0.065625
12 0.097656 0.316406 0.070312 0.067187
17 0.175000 0.316406 0.062500 0.067187
31 0.258594 0.314063 0.064062 0.062500
29 0.323437 0.317969 0.046875 0.070312
8 0.392188 0.315625 0.050000 0.065625
28 0.097656 0.425781 0.070312 0.073438
20 0.178906 0.426563 0.064062 0.075000
15 0.249219 0.426563 0.060937 0.075000
4 0.318750 0.423438 0.062500 0.068750
36 0.404687 0.421094 0.068750 0.064062
11 0.092188 0.539062 0.059375 0.065625
23 0.173437 0.537500 0.062500 0.062500
6 0.253125 0.539062 0.068750 0.065625
2 0.331250 0.538281 0.059375 0.064062
34 0.402344 0.542188 0.067187 0.071875
34 0.096094 0.646875 0.067187 0.071875
5 0.178125 0.644531 0.071875 0.067187
2 0.253125 0.644531 0.062500 0.067187
6 0.331250 0.642188 0.068750 0.062500
31 0.094531 0.751563 0.064062 0.062500
18 0.172656 0.752344 0.064062 0.064062
22 0.256250 0.751563 0.068750 0.062500
33 0.329688 0.753125 0.062500 0.065625
20 0.407031 0.756250 0.060937 0.071875
6 0.490625 0.751563 0.068750 0.062500
