23 0.093750 0.093750 0.062500 0.062500
0 0.161719 0.095312 0.057813 0.065625
2 0.239063 0.094531 0.059375 0.064062
11 0.309375 0.095312 0.059375 0.065625
31 0.388281 0.095312 0.067187 0.065625
3 0.091406 0.201563 0.057813 0.065625
11 0.170313 0.203125 0.062500 0.068750
6 0.248438 0.200000 0.068750 0.062500
21 0.323437 0.200781 0.065625 0.064062
0 0.091406 0.306250 0.057813 0.065625
4 0.165625 0.307812 0.062500 0.068750
35 0.245312 0.305469 0.075000 0.064062
3 0.322656 0.307812 0.060937 0.068750
17 0.403125 0.305469 0.059375 0.064062
0 0.471094 0.306250 0.057813 0.065625
33 0.545312 0.307812 0.065625 0.068750
32 0.091406 0.415625 0.057813 0.062500
13 0.163281 0.416406 0.064062 0.064062
31 0.246094 0.417187 0.067187 0.065625
37 0.323437 0.415625 0.059375 0.062500
3 0.394531 0.418750 0.060937 0.068750
1 0.470313 0.419531 0.071875 0.070312
16 0.549219 0.416406 0.057813 0.064062
20 0.092969 0.525000 0.060937 0.071875
25 0.168750 0.522656 0.065625 0.067187
36 0.250000 0.521094 0.068750 0.064062
22 0.331250 0.520312 0.068750 0.062500
16 0.405469 0.521094 0.057813 0.064062
