14 0.092969 0.093750 0.060937 0.062500
2 0.170313 0.094531 0.059375 0.064062
11 0.245312 0.095312 0.059375 0.065625
33 0.325000 0.095312 0.062500 0.065625
16 0.091406 0.199219 0.057813 0.064062
7 0.164062 0.200000 0.065625 0.065625
13 0.247656 0.200781 0.067187 0.067187
16 0.332031 0.199219 0.060937 0.064062
24 0.414062 0.198437 0.068750 0.062500
9 0.090625 0.310156 0.056250 0.064062
19 0.169531 0.315625 0.064062 0.075000
10 0.241406 0.312500 0.060937 0.068750
19 0.313281 0.315625 0.064062 0.075000
21 0.398438 0.310156 0.065625 0.064062
26 0.099219 0.425000 0.073438 0.065625
1 0.185938 0.425781 0.068750 0.067187
25 0.270313 0.424219 0.062500 0.064062
23 0.342187 0.423438 0.062500 0.062500
16 0.410156 0.424219 0.057813 0.064062
15 0.091406 0.537500 0.057813 0.075000
29 0.159375 0.536719 0.050000 0.073438
33 0.226562 0.534375 0.065625 0.068750
16 0.300781 0.533594 0.060937 0.067187
10 0.371094 0.534375 0.060937 0.068750
26 0.097656 0.639062 0.070312 0.062500
11 0.175000 0.642188 0.062500 0.068750
7 0.254688 0.640625 0.065625 0.065625
33 0.329688 0.640625 0.062500 0.065625
12 0.405469 0.639844 0.067187 0.064062
16 0.547656 0.096094 0.060937 0.067187
20 0.625781 0.098437 0.060937 0.071875
11 0.696875 0.096875 0.062500 0.068750
7 0.779687 0.095312 0.065625 0.065625
28 0.553906 0.216406 0.073438 0.076563
1 0.632812 0.211719 0.068750 0.067187
26 0.710156 0.209375 0.070312 0.062500
21 0.793750 0.211719 0.068750 0.067187
35 0.554688 0.328906 0.075000 0.064062
14 0.632031 0.328125 0.060937 0.062500
26 0.713281 0.329688 0.073438 0.065625
6 0.798438 0.328125 0.068750 0.062500
2 0.881250 0.328906 0.059375 0.064062
14 0.549219 0.428125 0.064062 0.065625
12 0.627344 0.428906 0.070312 0.067187
14 0.707031 0.428125 0.064062 0.065625
18 0.786719 0.427344 0.064062 0.064062
15 0.858594 0.432812 0.060937 0.075000
25 0.548438 0.538281 0.062500 0.064062
11 0.626563 0.539062 0.059375 0.065625
29 0.700000 0.541406 0.050000 0.070312
29 0.768750 0.541406 0.046875 0.070312
35 0.846875 0.538281 0.075000 0.064062
13 0.549219 0.642969 0.064062 0.064062
9 0.618750 0.642969 0.056250 0.064062
11 0.695312 0.643750 0.059375 0.065625
8 0.759375 0.642188 0.046875 0.062500
2 0.826562 0.644531 0.062500 0.067187
26 0.552344 0.745313 0.070312 0.062500
22 0.634375 0.745313 0.068750 0.062500
9 0.709375 0.747656 0.059375 0.067187
37 0.785937 0.745313 0.059375 0.062500
