18 0.094531 0.094531 0.064062 0.064062
7 0.168750 0.093750 0.062500 0.062500
8 0.239063 0.093750 0.046875 0.062500
31 0.303906 0.095312 0.067187 0.065625
22 0.379688 0.093750 0.068750 0.062500
35 0.100000 0.203906 0.075000 0.064062
17 0.176563 0.205469 0.062500 0.067187
14 0.257031 0.204687 0.064062 0.065625
10 0.330469 0.207813 0.064062 0.071875
34 0.408594 0.206250 0.067187 0.068750
9 0.090625 0.313281 0.056250 0.064062
1 0.165625 0.316406 0.071875 0.070312
24 0.246875 0.314063 0.071875 0.065625
32 0.332031 0.312500 0.057813 0.062500
15 0.092969 0.432812 0.060937 0.075000
16 0.167969 0.428906 0.060937 0.067187
3 0.242969 0.428125 0.057813 0.065625
0 0.314844 0.428125 0.057813 0.065625
2 0.385937 0.427344 0.059375 0.064062
35 0.100000 0.541406 0.075000 0.064062
1 0.193750 0.544531 0.071875 0.070312
19 0.274219 0.546875 0.064062 0.075000
3 0.350781 0.542188 0.057813 0.065625
2 0.421875 0.541406 0.059375 0.064062
31 0.549219 0.093750 0.064062 0.062500
3 0.622656 0.096875 0.060937 0.068750
24 0.696875 0.093750 0.068750 0.062500
1 0.784375 0.096094 0.068750 0.067187
21 0.870313 0.096094 0.068750 0.067187
5 0.553125 0.202344 0.071875 0.067187
28 0.633594 0.205469 0.070312 0.073438
12 0.710156 0.200781 0.067187 0.064062
7 0.793750 0.200000 0.062500 0.062500
5 0.867188 0.200781 0.068750 0.064062
26 0.552344 0.310937 0.070312 0.065625
17 0.628125 0.310156 0.059375 0.064062
37 0.696875 0.309375 0.059375 0.062500
32 0.774219 0.310937 0.060937 0.065625
26 0.857031 0.309375 0.070312 0.062500
23 0.548438 0.410938 0.062500 0.062500
21 0.623437 0.411719 0.065625 0.064062
19 0.696094 0.415625 0.064062 0.071875
35 0.784375 0.411719 0.075000 0.064062
34 0.875781 0.415625 0.067187 0.071875
2 0.548438 0.528906 0.062500 0.067187
7 0.632812 0.528125 0.065625 0.065625
18 0.707031 0.527344 0.064062 0.064062
36 0.781250 0.527344 0.068750 0.064062
6 0.867188 0.528125 0.071875 0.065625
9 0.545312 0.635156 0.056250 0.064062
20 0.614844 0.639062 0.060937 0.071875
15 0.692969 0.640625 0.057813 0.075000
8 0.754687 0.634375 0.046875 0.062500
10 0.816406 0.637500 0.060937 0.068750
10 0.891406 0.639062 0.064062 0.071875
18 0.549219 0.749219 0.064062 0.064062
12 0.636719 0.750781 0.070312 0.067187
3 0.722656 0.751563 0.060937 0.068750
22 0.796875 0.750000 0.068750 0.065625
26 0.878906 0.750000 0.073438 0.065625
32 0.547656 0.859375 0.060937 0.065625
33 0.629687 0.860938 0.065625 0.068750
9 0.701562 0.860156 0.059375 0.067187
20 0.783594 0.864062 0.064062 0.075000
18 0.861719 0.860156 0.067187 0.067187
