0 0.091406 0.095312 0.057813 0.065625
21 0.168750 0.096094 0.068750 0.067187
23 0.253125 0.095312 0.065625 0.065625
30 0.333594 0.093750 0.057813 0.062500
2 0.092188 0.200781 0.059375 0.064062
16 0.160156 0.202344 0.060937 0.067187
28 0.233594 0.205469 0.070312 0.073438
15 0.310156 0.207813 0.060937 0.078125
13 0.380469 0.200781 0.064062 0.064062
0 0.092969 0.323437 0.060937 0.068750
8 0.160938 0.320312 0.046875 0.062500
35 0.234375 0.321094 0.075000 0.064062
32 0.319531 0.321875 0.060937 0.065625
28 0.097656 0.430469 0.070312 0.073438
35 0.184375 0.425781 0.075000 0.064062
25 0.267188 0.425781 0.062500 0.064062
12 0.347656 0.427344 0.070312 0.067187
21 0.095312 0.539844 0.065625 0.064062
37 0.176563 0.540625 0.062500 0.065625
29 0.248438 0.544531 0.050000 0.073438
6 0.318750 0.539062 0.068750 0.062500
20 0.397656 0.543750 0.060937 0.071875
20 0.471094 0.545312 0.064062 0.075000
1 0.096875 0.660156 0.068750 0.067187
28 0.175781 0.663281 0.070312 0.073438
34 0.260156 0.662500 0.067187 0.071875
12 0.347656 0.658594 0.067187 0.064062
24 0.428125 0.657813 0.068750 0.062500
24 0.517188 0.657813 0.068750 0.062500
0 0.591406 0.660937 0.060937 0.068750
13 0.094531 0.771094 0.064062 0.064062
10 0.172656 0.775000 0.064062 0.071875
13 0.250781 0.771094 0.064062 0.064062
3 0.332031 0.773438 0.060937 0.068750
22 0.406250 0.771875 0.071875 0.065625
3 0.480469 0.773438 0.060937 0.068750
5 0.564063 0.771094 0.068750 0.064062
