6 0.098437 0.095312 0.071875 0.065625
1 0.184375 0.096094 0.068750 0.067187
30 0.258594 0.095312 0.060937 0.065625
3 0.325781 0.095312 0.057813 0.065625
24 0.403125 0.095312 0.071875 0.065625
11 0.481250 0.096875 0.062500 0.068750
16 0.549219 0.094531 0.057813 0.064062
25 0.093750 0.202344 0.062500 0.064062
26 0.178906 0.203125 0.073438 0.065625
17 0.264062 0.202344 0.059375 0.064062
15 0.333594 0.207813 0.060937 0.075000
25 0.409375 0.203906 0.065625 0.067187
16 0.483594 0.203906 0.060937 0.067187
12 0.097656 0.319531 0.070312 0.067187
13 0.177344 0.317969 0.064062 0.064062
22 0.260937 0.318750 0.071875 0.065625
22 0.346875 0.317188 0.068750 0.062500
1 0.428125 0.321094 0.071875 0.070312
3 0.510156 0.320312 0.060937 0.068750
33 0.095312 0.432812 0.065625 0.068750
36 0.176563 0.430469 0.068750 0.064062
33 0.259375 0.431250 0.062500 0.065625
15 0.335156 0.435937 0.057813 0.075000
30 0.411719 0.429688 0.057813 0.062500
13 0.489844 0.430469 0.064062 0.064062
8 0.085938 0.537500 0.046875 0.062500
16 0.150781 0.538281 0.057813 0.064062
18 0.232031 0.538281 0.064062 0.064062
8 0.298438 0.539062 0.050000 0.065625
14 0.366406 0.539062 0.064062 0.065625
25 0.450000 0.539844 0.065625 0.067187
21 0.525000 0.538281 0.065625 0.064062
8 0.085938 0.645312 0.046875 0.062500
0 0.149219 0.646875 0.057813 0.065625
31 0.219531 0.645312 0.064062 0.062500
27 0.305469 0.647656 0.070312 0.067187
0 0.383594 0.646875 0.057813 0.065625
24 0.459375 0.645312 0.068750 0.062500
19 0.533594 0.650000 0.060937 0.071875
28 0.099219 0.764844 0.073438 0.076563
30 0.178906 0.757812 0.057813 0.062500
30 0.246094 0.757812 0.057813 0.062500
19 0.317969 0.762500 0.060937 0.071875
3 0.396094 0.759375 0.060937 0.065625
