7 0.095312 0.095312 0.065625 0.065625
30 0.171094 0.093750 0.057813 0.062500
19 0.242969 0.098437 0.064062 0.071875
30 0.319531 0.095312 0.060937 0.065625
15 0.391406 0.100000 0.060937 0.075000
33 0.093750 0.212500 0.062500 0.065625
10 0.174219 0.214062 0.064062 0.068750
26 0.253906 0.212500 0.073438 0.065625
2 0.337500 0.211719 0.059375 0.064062
23 0.417187 0.212500 0.065625 0.065625
11 0.092188 0.320312 0.059375 0.065625
25 0.170313 0.319531 0.062500 0.064062
3 0.242969 0.321875 0.060937 0.068750
4 0.321875 0.320312 0.059375 0.065625
19 0.391406 0.323437 0.060937 0.071875
9 0.090625 0.428906 0.056250 0.064062
1 0.167187 0.432031 0.068750 0.070312
9 0.251563 0.430469 0.059375 0.067187
29 0.315625 0.433594 0.050000 0.073438
14 0.380469 0.429688 0.064062 0.065625
23 0.093750 0.534375 0.062500 0.062500
33 0.165625 0.535937 0.062500 0.065625
36 0.245312 0.535156 0.068750 0.064062
36 0.325000 0.536719 0.071875 0.067187
7 0.412500 0.534375 0.062500 0.062500
36 0.551562 0.094531 0.068750 0.064062
17 0.629687 0.094531 0.059375 0.064062
15 0.696094 0.100000 0.057813 0.075000
21 0.768750 0.096094 0.068750 0.067187
9 0.839063 0.094531 0.056250 0.064062
17 0.548438 0.214844 0.062500 0.067187
37 0.628125 0.212500 0.059375 0.062500
35 0.710938 0.213281 0.075000 0.064062
37 0.790625 0.212500 0.059375 0.062500
10 0.864844 0.215625 0.060937 0.068750
19 0.547656 0.329688 0.060937 0.071875
10 0.627344 0.328125 0.060937 0.068750
4 0.704688 0.326562 0.059375 0.065625
5 0.784375 0.325781 0.068750 0.064062
0 0.864844 0.326562 0.057813 0.065625
25 0.550000 0.438281 0.065625 0.067187
35 0.629687 0.436719 0.075000 0.064062
27 0.710156 0.438281 0.070312 0.067187
35 0.792188 0.436719 0.075000 0.064062
4 0.548438 0.539062 0.062500 0.068750
22 0.634375 0.535937 0.068750 0.062500
2 0.718750 0.536719 0.059375 0.064062
7 0.796875 0.535937 0.062500 0.062500
37 0.876563 0.535937 0.059375 0.062500
12 0.550781 0.649219 0.067187 0.064062
22 0.637500 0.650000 0.071875 0.065625
24 0.720313 0.650000 0.071875 0.065625
32 0.803906 0.648438 0.057813 0.062500
32 0.883594 0.648438 0.060937 0.062500
22 0.551562 0.753125 0.068750 0.062500
35 0.634375 0.755469 0.078125 0.067187
0 0.722656 0.756250 0.060937 0.068750
20 0.792969 0.757812 0.060937 0.071875
18 0.872656 0.753906 0.064062 0.064062
