33 0.095312 0.095312 0.065625 0.065625
12 0.177344 0.096094 0.070312 0.067187
1 0.267188 0.096094 0.068750 0.067187
2 0.343750 0.096094 0.062500 0.067187
21 0.417187 0.094531 0.065625 0.064062
8 0.482812 0.093750 0.046875 0.062500
15 0.552344 0.100000 0.057813 0.075000
24 0.096875 0.207813 0.068750 0.062500
29 0.168750 0.211719 0.050000 0.070312
8 0.235937 0.207813 0.046875 0.062500
1 0.310937 0.210156 0.068750 0.067187
20 0.386719 0.212500 0.060937 0.071875
9 0.467187 0.210156 0.059375 0.067187
1 0.542188 0.210156 0.068750 0.067187
30 0.091406 0.323437 0.057813 0.062500
3 0.167969 0.325000 0.057813 0.065625
1 0.243750 0.327344 0.071875 0.070312
19 0.324219 0.328125 0.060937 0.071875
28 0.402344 0.330469 0.073438 0.076563
1 0.493750 0.325781 0.068750 0.067187
21 0.573438 0.324219 0.065625 0.064062
27 0.099219 0.446094 0.073438 0.070312
31 0.182031 0.443750 0.067187 0.065625
22 0.259375 0.443750 0.068750 0.065625
22 0.348438 0.442188 0.068750 0.062500
27 0.438281 0.446094 0.070312 0.070312
4 0.517188 0.445312 0.062500 0.068750
33 0.095312 0.548438 0.065625 0.065625
16 0.175781 0.547656 0.057813 0.064062
21 0.245312 0.547656 0.065625 0.064062
14 0.324219 0.548438 0.064062 0.065625
28 0.097656 0.650781 0.070312 0.073438
4 0.175000 0.648438 0.062500 0.068750
27 0.252344 0.649219 0.073438 0.070312
10 0.327344 0.648438 0.060937 0.068750
35 0.412500 0.647656 0.078125 0.067187
14 0.497656 0.645312 0.060937 0.062500
29 0.573438 0.649219 0.050000 0.070312
