1 0.096875 0.096094 0.068750 0.067187
8 0.164062 0.093750 0.046875 0.062500
14 0.227344 0.093750 0.060937 0.062500
30 0.300781 0.093750 0.057813 0.062500
25 0.371875 0.096094 0.065625 0.067187
20 0.094531 0.203125 0.064062 0.075000
11 0.173437 0.198437 0.059375 0.065625
27 0.247656 0.199219 0.070312 0.067187
23 0.335938 0.198437 0.065625 0.065625
6 0.096875 0.315625 0.068750 0.062500
13 0.171094 0.316406 0.064062 0.064062
10 0.242969 0.318750 0.060937 0.068750
27 0.330469 0.319531 0.073438 0.070312
19 0.092969 0.432812 0.060937 0.071875
26 0.169531 0.428125 0.070312 0.062500
21 0.248438 0.428906 0.065625 0.064062
31 0.332031 0.428125 0.064062 0.062500
0 0.092969 0.537500 0.060937 0.068750
1 0.171875 0.536719 0.068750 0.067187
19 0.249219 0.540625 0.064062 0.075000
31 0.322656 0.534375 0.064062 0.062500
14 0.397656 0.535937 0.064062 0.065625
12 0.097656 0.646094 0.070312 0.067187
35 0.185938 0.646094 0.078125 0.067187
37 0.273438 0.645312 0.062500 0.065625
21 0.359375 0.646094 0.068750 0.067187
6 0.442188 0.645312 0.071875 0.065625
11 0.093750 0.748437 0.062500 0.068750
15 0.164844 0.751563 0.057813 0.075000
17 0.243750 0.746094 0.059375 0.064062
16 0.310156 0.746094 0.057813 0.064062
28 0.552344 0.099219 0.070312 0.073438
22 0.631250 0.093750 0.068750 0.062500
14 0.710156 0.093750 0.060937 0.062500
16 0.782031 0.094531 0.060937 0.064062
26 0.867969 0.095312 0.073438 0.065625
0 0.547656 0.210938 0.060937 0.065625
14 0.619531 0.210938 0.064062 0.065625
30 0.694531 0.210938 0.060937 0.065625
9 0.773438 0.210156 0.056250 0.064062
23 0.853125 0.210938 0.065625 0.065625
28 0.553906 0.321094 0.073438 0.076563
14 0.628906 0.314063 0.060937 0.062500
11 0.707812 0.317188 0.062500 0.068750
27 0.785156 0.316406 0.070312 0.067187
21 0.871875 0.314844 0.065625 0.064062
5 0.553125 0.436719 0.071875 0.067187
30 0.638281 0.435937 0.060937 0.065625
5 0.715625 0.436719 0.068750 0.067187
25 0.792188 0.436719 0.065625 0.067187
18 0.871094 0.436719 0.067187 0.067187
29 0.540625 0.544531 0.046875 0.070312
20 0.607031 0.545312 0.060937 0.071875
25 0.684375 0.541406 0.062500 0.064062
9 0.753125 0.541406 0.056250 0.064062
36 0.825000 0.542969 0.071875 0.067187
1 0.551562 0.649219 0.068750 0.070312
36 0.629687 0.647656 0.068750 0.067187
22 0.706250 0.645312 0.068750 0.062500
29 0.784375 0.649219 0.046875 0.070312
