33 0.093750 0.095312 0.062500 0.065625
24 0.178125 0.095312 0.071875 0.065625
2 0.265625 0.096094 0.062500 0.067187
3 0.339844 0.095312 0.057813 0.065625
28 0.414844 0.100781 0.073438 0.076563
16 0.491406 0.094531 0.057813 0.064062
7 0.095312 0.214062 0.065625 0.065625
8 0.165625 0.212500 0.050000 0.062500
33 0.237500 0.214062 0.062500 0.065625
6 0.314063 0.214062 0.071875 0.065625
25 0.395313 0.213281 0.062500 0.064062
33 0.476562 0.214062 0.062500 0.065625
28 0.557031 0.217969 0.070312 0.073438
37 0.093750 0.325000 0.062500 0.065625
31 0.171094 0.325000 0.067187 0.065625
32 0.241406 0.323437 0.057813 0.062500
17 0.317188 0.324219 0.059375 0.064062
4 0.387500 0.325000 0.059375 0.065625
21 0.459375 0.324219 0.065625 0.064062
5 0.096875 0.424219 0.068750 0.064062
25 0.176563 0.424219 0.062500 0.064062
2 0.253125 0.424219 0.059375 0.064062
20 0.328906 0.428125 0.060937 0.071875
11 0.409375 0.425000 0.059375 0.065625
2 0.092188 0.535156 0.059375 0.064062
13 0.172656 0.536719 0.067187 0.067187
35 0.251563 0.535156 0.075000 0.064062
34 0.333594 0.539062 0.067187 0.071875
9 0.090625 0.641406 0.056250 0.064062
23 0.165625 0.642188 0.065625 0.065625
31 0.249219 0.640625 0.064062 0.062500
30 0.325781 0.642188 0.060937 0.065625
26 0.410156 0.642188 0.073438 0.065625
25 0.485938 0.641406 0.062500 0.064062
25 0.093750 0.750781 0.062500 0.064062
15 0.172656 0.756250 0.057813 0.075000
4 0.239063 0.751563 0.059375 0.065625
5 0.321875 0.750781 0.068750 0.064062
