4 0.092188 0.095312 0.059375 0.065625
2 0.159375 0.094531 0.059375 0.064062
9 0.226562 0.094531 0.056250 0.064062
12 0.303906 0.094531 0.067187 0.064062
37 0.382812 0.093750 0.059375 0.062500
14 0.460156 0.095312 0.064062 0.065625
31 0.094531 0.198437 0.064062 0.062500
2 0.168750 0.200781 0.062500 0.067187
6 0.246875 0.198437 0.068750 0.062500
5 0.334375 0.199219 0.068750 0.064062
35 0.428125 0.200781 0.078125 0.067187
31 0.514844 0.200000 0.067187 0.065625
32 0.586719 0.200000 0.060937 0.065625
35 0.101562 0.305469 0.078125 0.067187
31 0.192969 0.304688 0.067187 0.065625
8 0.268750 0.304688 0.050000 0.065625
25 0.339062 0.303906 0.062500 0.064062
3 0.091406 0.407813 0.057813 0.065625
36 0.168750 0.407031 0.068750 0.064062
20 0.247656 0.410938 0.064062 0.071875
8 0.314063 0.406250 0.046875 0.062500
26 0.386719 0.406250 0.070312 0.062500
3 0.472656 0.409375 0.060937 0.068750
32 0.091406 0.515625 0.057813 0.062500
5 0.171875 0.516406 0.068750 0.064062
16 0.244531 0.516406 0.057813 0.064062
27 0.328906 0.517969 0.070312 0.067187
1 0.409375 0.517969 0.068750 0.067187
36 0.487500 0.516406 0.068750 0.064062
34 0.564844 0.520312 0.067187 0.071875
12 0.096094 0.627344 0.067187 0.064062
24 0.182812 0.626563 0.068750 0.062500
32 0.257031 0.626563 0.057813 0.062500
22 0.337500 0.626563 0.068750 0.062500
29 0.406250 0.632031 0.050000 0.073438
16 0.477344 0.627344 0.057813 0.064062
11 0.093750 0.735938 0.062500 0.068750
28 0.171094 0.738281 0.070312 0.073438
1 0.262500 0.736719 0.071875 0.070312
37 0.340625 0.732812 0.059375 0.062500
12 0.419531 0.735156 0.070312 0.067187
34 0.502344 0.737500 0.067187 0.071875
23 0.584375 0.732812 0.062500 0.062500
