36 0.096875 0.094531 0.068750 0.064062
11 0.175000 0.095312 0.059375 0.065625
14 0.249219 0.093750 0.060937 0.062500
25 0.320312 0.094531 0.062500 0.064062
37 0.092188 0.198437 0.059375 0.062500
29 0.157812 0.202344 0.050000 0.070312
0 0.221094 0.200000 0.057813 0.065625
1 0.303125 0.200781 0.068750 0.067187
37 0.093750 0.312500 0.062500 0.065625
9 0.168750 0.311719 0.056250 0.064062
23 0.243750 0.310937 0.062500 0.062500
2 0.323437 0.311719 0.059375 0.064062
33 0.400000 0.312500 0.062500 0.065625
3 0.471094 0.314063 0.060937 0.068750
32 0.541406 0.310937 0.060937 0.062500
21 0.096875 0.422656 0.068750 0.067187
29 0.173437 0.424219 0.050000 0.070312
25 0.248438 0.421094 0.062500 0.064062
37 0.325000 0.420312 0.062500 0.062500
8 0.085938 0.523438 0.046875 0.062500
24 0.160938 0.523438 0.068750 0.062500
27 0.249219 0.525781 0.070312 0.067187
11 0.328125 0.525000 0.062500 0.065625
16 0.405469 0.524219 0.057813 0.064062
6 0.481250 0.523438 0.068750 0.062500
24 0.559375 0.523438 0.068750 0.062500
