16 0.091406 0.094531 0.057813 0.064062
29 0.153125 0.097656 0.046875 0.070312
10 0.224219 0.098437 0.064062 0.071875
25 0.303125 0.096094 0.065625 0.067187
26 0.099219 0.200000 0.073438 0.065625
33 0.184375 0.200000 0.062500 0.065625
16 0.258594 0.199219 0.057813 0.064062
24 0.334375 0.198437 0.068750 0.062500
19 0.092969 0.303125 0.060937 0.071875
1 0.175000 0.302344 0.071875 0.070312
29 0.253125 0.302344 0.046875 0.070312
10 0.321094 0.303125 0.064062 0.071875
28 0.402344 0.303906 0.070312 0.073438
15 0.092969 0.414062 0.060937 0.078125
28 0.172656 0.413281 0.073438 0.076563
28 0.266406 0.413281 0.073438 0.076563
25 0.353125 0.408594 0.065625 0.067187
4 0.431250 0.407813 0.059375 0.065625
37 0.092188 0.526563 0.059375 0.062500
30 0.160156 0.526563 0.057813 0.062500
28 0.241406 0.532031 0.070312 0.073438
31 0.322656 0.526563 0.064062 0.062500
30 0.091406 0.643750 0.057813 0.062500
24 0.173437 0.645312 0.071875 0.065625
3 0.260156 0.645312 0.060937 0.065625
27 0.341406 0.646094 0.070312 0.067187
24 0.418750 0.643750 0.068750 0.062500
19 0.499219 0.648438 0.060937 0.071875
23 0.573438 0.643750 0.062500 0.062500
18 0.096094 0.752344 0.067187 0.067187
34 0.178906 0.754687 0.067187 0.071875
20 0.261719 0.756250 0.064062 0.075000
36 0.350000 0.752344 0.071875 0.067187
6 0.440625 0.750000 0.068750 0.062500
