17 0.093750 0.096094 0.062500 0.067187
24 0.179688 0.093750 0.068750 0.062500
34 0.253906 0.096875 0.064062 0.068750
7 0.337500 0.095312 0.065625 0.065625
36 0.096875 0.207031 0.068750 0.067187
8 0.164062 0.204687 0.046875 0.062500
36 0.237500 0.205469 0.068750 0.064062
18 0.324219 0.205469 0.064062 0.064062
12 0.397656 0.205469 0.067187 0.064062
14 0.092969 0.304688 0.060937 0.062500
0 0.161719 0.306250 0.057813 0.065625
36 0.243750 0.307031 0.071875 0.067187
28 0.332031 0.311719 0.073438 0.076563
29 0.403125 0.308594 0.046875 0.070312
12 0.096094 0.417969 0.067187 0.064062
37 0.171875 0.417187 0.059375 0.062500
35 0.254688 0.417969 0.075000 0.064062
28 0.336719 0.422656 0.070312 0.073438
7 0.093750 0.534375 0.062500 0.062500
36 0.175000 0.536719 0.068750 0.067187
29 0.254688 0.538281 0.050000 0.070312
26 0.330469 0.535937 0.073438 0.065625
4 0.414062 0.537500 0.062500 0.068750
31 0.094531 0.637500 0.064062 0.062500
31 0.171094 0.637500 0.064062 0.062500
5 0.248438 0.638281 0.068750 0.064062
2 0.332813 0.638281 0.059375 0.064062
34 0.403906 0.642188 0.067187 0.071875
12 0.096094 0.746094 0.067187 0.064062
9 0.168750 0.747656 0.059375 0.067187
5 0.240625 0.746094 0.068750 0.064062
4 0.317188 0.746875 0.059375 0.065625
25 0.389062 0.747656 0.065625 0.067187
27 0.097656 0.857031 0.070312 0.067187
33 0.176563 0.857812 0.065625 0.068750
5 0.256250 0.855469 0.068750 0.064062
22 0.345313 0.856250 0.071875 0.065625
2 0.548438 0.096094 0.062500 0.067187
9 0.628125 0.094531 0.056250 0.064062
14 0.697656 0.093750 0.060937 0.062500
33 0.776563 0.095312 0.062500 0.065625
2 0.546875 0.205469 0.059375 0.064062
8 0.615625 0.204687 0.046875 0.062500
25 0.682813 0.207031 0.065625 0.067187
25 0.757812 0.207031 0.065625 0.067187
28 0.839844 0.211719 0.073438 0.076563
0 0.547656 0.317188 0.060937 0.065625
21 0.620313 0.316406 0.065625 0.064062
25 0.695312 0.317969 0.065625 0.067187
37 0.775000 0.315625 0.059375 0.062500
9 0.848437 0.316406 0.056250 0.064062
25 0.548438 0.419531 0.062500 0.064062
28 0.625781 0.424219 0.070312 0.073438
21 0.715625 0.421094 0.068750 0.067187
35 0.795312 0.419531 0.075000 0.064062
16 0.874219 0.419531 0.057813 0.064062
10 0.549219 0.531250 0.064062 0.071875
26 0.635156 0.528125 0.073438 0.065625
23 0.715625 0.526563 0.062500 0.062500
10 0.799219 0.531250 0.064062 0.071875
37 0.878125 0.526563 0.059375 0.062500
7 0.548438 0.632812 0.062500 0.062500
0 0.624219 0.635938 0.060937 0.068750
1 0.701562 0.635156 0.068750 0.067187
5 0.790625 0.633594 0.068750 0.064062
21 0.875000 0.635156 0.068750 0.067187
35 0.554688 0.739844 0.075000 0.064062
21 0.643750 0.739844 0.065625 0.064062
5 0.721875 0.741406 0.071875 0.067187
27 0.808594 0.742969 0.073438 0.070312
