15 0.091406 0.100000 0.057813 0.075000
8 0.154688 0.095312 0.050000 0.065625
8 0.220312 0.093750 0.046875 0.062500
23 0.295312 0.093750 0.062500 0.062500
22 0.098437 0.207813 0.071875 0.065625
12 0.177344 0.208594 0.070312 0.067187
25 0.256250 0.208594 0.065625 0.067187
2 0.326562 0.207031 0.059375 0.064062
9 0.403125 0.207031 0.056250 0.064062
21 0.096875 0.314844 0.068750 0.067187
2 0.181250 0.314844 0.062500 0.067187
11 0.264062 0.315625 0.062500 0.068750
37 0.332813 0.312500 0.059375 0.062500
15 0.410156 0.318750 0.057813 0.075000
9 0.090625 0.432031 0.056250 0.064062
3 0.163281 0.434375 0.060937 0.068750
3 0.242969 0.432812 0.057813 0.065625
7 0.312500 0.431250 0.062500 0.062500
27 0.391406 0.435156 0.073438 0.070312
11 0.092188 0.545312 0.059375 0.065625
14 0.163281 0.545312 0.064062 0.065625
26 0.247656 0.543750 0.070312 0.062500
36 0.328125 0.544531 0.068750 0.064062
31 0.405469 0.543750 0.064062 0.062500
17 0.092188 0.644531 0.059375 0.064062
36 0.164062 0.644531 0.068750 0.064062
18 0.244531 0.644531 0.064062 0.064062
29 0.317188 0.647656 0.046875 0.070312
7 0.385937 0.643750 0.062500 0.062500
13 0.096094 0.752344 0.067187 0.067187
9 0.168750 0.752344 0.059375 0.067187
20 0.239844 0.754687 0.060937 0.071875
33 0.323437 0.753125 0.065625 0.068750
12 0.400781 0.750781 0.067187 0.064062
3 0.547656 0.096875 0.060937 0.068750
1 0.632812 0.096094 0.068750 0.067187
3 0.705469 0.096875 0.060937 0.068750
23 0.784375 0.095312 0.065625 0.065625
1 0.553125 0.199219 0.071875 0.070312
28 0.633594 0.202344 0.073438 0.076563
13 0.719531 0.197656 0.067187 0.067187
37 0.803125 0.195312 0.059375 0.062500
8 0.865625 0.195312 0.046875 0.062500
6 0.551562 0.307812 0.068750 0.062500
35 0.643750 0.308594 0.075000 0.064062
12 0.732031 0.308594 0.067187 0.064062
0 0.803906 0.309375 0.057813 0.065625
9 0.882812 0.310156 0.059375 0.067187
19 0.547656 0.421875 0.060937 0.071875
9 0.615625 0.417969 0.056250 0.064062
27 0.686719 0.419531 0.070312 0.067187
16 0.764844 0.417969 0.057813 0.064062
16 0.546094 0.522656 0.057813 0.064062
3 0.613281 0.523438 0.057813 0.065625
4 0.681250 0.525000 0.062500 0.068750
0 0.750781 0.525000 0.060937 0.068750
5 0.834375 0.524219 0.071875 0.067187
8 0.909375 0.521875 0.046875 0.062500
5 0.551562 0.633594 0.068750 0.064062
5 0.631250 0.635156 0.071875 0.067187
6 0.720313 0.634375 0.071875 0.065625
0 0.799219 0.634375 0.057813 0.065625
11 0.876563 0.634375 0.059375 0.065625
