1 0.098437 0.097656 0.071875 0.070312
11 0.178125 0.096875 0.062500 0.068750
23 0.254688 0.093750 0.062500 0.062500
29 0.325000 0.097656 0.050000 0.070312
18 0.094531 0.205469 0.064062 0.064062
12 0.180469 0.207031 0.070312 0.067187
17 0.254688 0.205469 0.059375 0.064062
6 0.339062 0.206250 0.071875 0.065625
6 0.426563 0.206250 0.071875 0.065625
0 0.092969 0.306250 0.060937 0.065625
27 0.178906 0.308594 0.073438 0.070312
19 0.263281 0.309375 0.060937 0.071875
34 0.344531 0.307812 0.064062 0.068750
30 0.091406 0.409375 0.057813 0.062500
16 0.158594 0.410156 0.057813 0.064062
6 0.229687 0.409375 0.068750 0.062500
13 0.308594 0.411719 0.067187 0.067187
30 0.380469 0.409375 0.057813 0.062500
4 0.453125 0.410938 0.059375 0.065625
34 0.094531 0.514062 0.064062 0.068750
4 0.170313 0.512500 0.059375 0.065625
37 0.245312 0.512500 0.062500 0.065625
32 0.319531 0.512500 0.060937 0.065625
29 0.384375 0.514844 0.046875 0.070312
23 0.548438 0.093750 0.062500 0.062500
6 0.629687 0.095312 0.071875 0.065625
11 0.706250 0.095312 0.059375 0.065625
10 0.783594 0.096875 0.060937 0.068750
22 0.865625 0.095312 0.068750 0.065625
4 0.548438 0.203125 0.062500 0.065625
29 0.614062 0.205469 0.050000 0.070312
30 0.680469 0.201563 0.060937 0.062500
32 0.753906 0.201563 0.057813 0.062500
13 0.550781 0.314844 0.067187 0.067187
11 0.634375 0.314063 0.059375 0.065625
23 0.709375 0.312500 0.062500 0.062500
14 0.788281 0.312500 0.060937 0.062500
34 0.864844 0.317188 0.067187 0.071875
27 0.553906 0.424219 0.073438 0.070312
0 0.636719 0.423438 0.060937 0.068750
3 0.717969 0.423438 0.060937 0.068750
5 0.800000 0.421094 0.068750 0.064062
31 0.549219 0.532813 0.064062 0.062500
34 0.633594 0.535937 0.064062 0.068750
24 0.712500 0.534375 0.071875 0.065625
8 0.782813 0.532813 0.046875 0.062500
6 0.851562 0.534375 0.071875 0.065625
