9 0.092188 0.096094 0.059375 0.067187
8 0.162500 0.093750 0.046875 0.062500
14 0.236719 0.095312 0.064062 0.065625
16 0.310156 0.096094 0.060937 0.067187
20 0.383594 0.100000 0.064062 0.075000
37 0.092188 0.212500 0.059375 0.062500
25 0.170313 0.214844 0.065625 0.067187
29 0.243750 0.216406 0.046875 0.070312
12 0.314844 0.213281 0.067187 0.064062
18 0.396094 0.214844 0.067187 0.067187
35 0.100000 0.319531 0.075000 0.064062
17 0.187500 0.321094 0.062500 0.067187
10 0.258594 0.321875 0.060937 0.068750
2 0.335938 0.319531 0.059375 0.064062
14 0.092969 0.420312 0.060937 0.062500
5 0.173437 0.421094 0.068750 0.064062
1 0.253125 0.424219 0.071875 0.070312
11 0.328125 0.423438 0.062500 0.068750
13 0.408594 0.422656 0.067187 0.067187
23 0.093750 0.526563 0.062500 0.062500
6 0.167187 0.526563 0.068750 0.062500
26 0.246094 0.526563 0.070312 0.062500
6 0.332813 0.528125 0.071875 0.065625
8 0.403125 0.526563 0.046875 0.062500
28 0.553906 0.100781 0.073438 0.076563
27 0.644531 0.096094 0.070312 0.067187
22 0.735938 0.095312 0.071875 0.065625
11 0.814063 0.095312 0.059375 0.065625
30 0.885156 0.095312 0.060937 0.065625
37 0.546875 0.203125 0.059375 0.062500
21 0.625000 0.203906 0.065625 0.064062
11 0.701562 0.204687 0.059375 0.065625
24 0.775000 0.203125 0.068750 0.062500
29 0.846875 0.207031 0.046875 0.070312
4 0.548438 0.317188 0.062500 0.068750
13 0.627344 0.316406 0.067187 0.067187
9 0.698438 0.314844 0.056250 0.064062
34 0.771094 0.317188 0.064062 0.068750
10 0.844531 0.318750 0.064062 0.071875
22 0.551562 0.418750 0.068750 0.062500
2 0.632812 0.421094 0.062500 0.067187
11 0.703125 0.420312 0.059375 0.065625
8 0.771875 0.420312 0.050000 0.065625
8 0.540625 0.529687 0.046875 0.062500
34 0.608594 0.534375 0.067187 0.071875
6 0.685937 0.529687 0.068750 0.062500
2 0.768750 0.530469 0.059375 0.064062
18 0.838281 0.530469 0.064062 0.064062
