28 0.097656 0.099219 0.070312 0.073438
23 0.182812 0.093750 0.062500 0.062500
0 0.263281 0.095312 0.057813 0.065625
23 0.335938 0.093750 0.062500 0.062500
26 0.097656 0.203125 0.070312 0.062500
35 0.184375 0.205469 0.078125 0.067187
4 0.268750 0.204687 0.059375 0.065625
2 0.335938 0.203906 0.059375 0.064062
26 0.413281 0.203125 0.070312 0.062500
35 0.101562 0.313281 0.078125 0.067187
3 0.180469 0.312500 0.057813 0.065625
10 0.255469 0.314063 0.060937 0.068750
5 0.339062 0.313281 0.068750 0.067187
4 0.425000 0.312500 0.062500 0.065625
24 0.096875 0.412500 0.068750 0.062500
15 0.167969 0.418750 0.057813 0.075000
7 0.242188 0.412500 0.062500 0.062500
28 0.321094 0.417969 0.070312 0.073438
3 0.396094 0.414062 0.057813 0.065625
13 0.094531 0.528906 0.064062 0.064062
21 0.173437 0.528906 0.065625 0.064062
26 0.255469 0.528125 0.070312 0.062500
7 0.331250 0.528125 0.062500 0.062500
5 0.407813 0.530469 0.071875 0.067187
28 0.097656 0.635156 0.070312 0.073438
16 0.175781 0.630469 0.057813 0.064062
17 0.251563 0.630469 0.059375 0.064062
2 0.321875 0.630469 0.059375 0.064062
29 0.389062 0.633594 0.046875 0.070312
24 0.098437 0.743750 0.071875 0.065625
36 0.184375 0.742969 0.068750 0.064062
23 0.270313 0.742188 0.062500 0.062500
26 0.353906 0.742188 0.070312 0.062500
6 0.439063 0.742188 0.068750 0.062500
31 0.096094 0.853125 0.067187 0.065625
34 0.171094 0.856250 0.067187 0.071875
31 0.246094 0.851562 0.064062 0.062500
35 0.332813 0.853906 0.078125 0.067187
16 0.546094 0.094531 0.057813 0.064062
18 0.614844 0.094531 0.064062 0.064062
22 0.698438 0.095312 0.071875 0.065625
27 0.778906 0.096094 0.070312 0.067187
2 0.859375 0.094531 0.059375 0.064062
1 0.551562 0.197656 0.068750 0.070312
2 0.634375 0.196094 0.062500 0.067187
8 0.703125 0.193750 0.046875 0.062500
9 0.765625 0.196094 0.059375 0.067187
25 0.846875 0.194531 0.062500 0.064062
5 0.551562 0.299219 0.068750 0.064062
25 0.632812 0.299219 0.062500 0.064062
36 0.715625 0.299219 0.068750 0.064062
12 0.796094 0.300781 0.070312 0.067187
5 0.885938 0.299219 0.068750 0.064062
12 0.552344 0.402344 0.070312 0.067187
34 0.632031 0.404687 0.067187 0.071875
11 0.709375 0.401562 0.059375 0.065625
20 0.783594 0.404687 0.060937 0.071875
26 0.857031 0.400000 0.070312 0.062500
28 0.553906 0.514844 0.073438 0.076563
7 0.643750 0.509375 0.065625 0.065625
30 0.722656 0.509375 0.060937 0.065625
16 0.802344 0.508594 0.057813 0.064062
28 0.552344 0.632031 0.070312 0.073438
4 0.628125 0.628125 0.062500 0.065625
4 0.704688 0.628125 0.059375 0.065625
15 0.782031 0.632812 0.057813 0.075000
14 0.860156 0.626563 0.060937 0.062500
