24 0.098437 0.095312 0.071875 0.065625
20 0.174219 0.098437 0.060937 0.071875
2 0.251563 0.094531 0.059375 0.064062
28 0.324219 0.099219 0.070312 0.073438
11 0.398438 0.095312 0.059375 0.065625
18 0.094531 0.205469 0.064062 0.064062
28 0.178906 0.210156 0.070312 0.073438
8 0.251563 0.204687 0.050000 0.062500
26 0.333594 0.206250 0.073438 0.065625
23 0.415625 0.204687 0.062500 0.062500
25 0.093750 0.314844 0.062500 0.064062
21 0.173437 0.316406 0.065625 0.067187
21 0.254688 0.316406 0.068750 0.067187
27 0.338281 0.316406 0.070312 0.067187
1 0.426563 0.316406 0.068750 0.067187
12 0.096094 0.422656 0.067187 0.064062
26 0.183594 0.423438 0.073438 0.065625
25 0.262500 0.422656 0.065625 0.064062
12 0.347656 0.422656 0.067187 0.064062
30 0.422656 0.423438 0.060937 0.065625
0 0.091406 0.529687 0.057813 0.065625
36 0.164062 0.528906 0.068750 0.064062
30 0.241406 0.529687 0.060937 0.065625
16 0.319531 0.530469 0.060937 0.067187
34 0.389844 0.531250 0.064062 0.068750
0 0.091406 0.635938 0.057813 0.065625
25 0.173437 0.636719 0.065625 0.067187
27 0.253906 0.636719 0.070312 0.067187
14 0.332031 0.635938 0.064062 0.065625
32 0.402344 0.634375 0.057813 0.062500
5 0.096875 0.736719 0.068750 0.064062
14 0.169531 0.735938 0.060937 0.062500
21 0.245312 0.738281 0.068750 0.067187
9 0.317188 0.738281 0.059375 0.067187
15 0.385156 0.742188 0.060937 0.075000
25 0.095312 0.847656 0.065625 0.067187
8 0.167187 0.845313 0.046875 0.062500
17 0.231250 0.847656 0.062500 0.067187
25 0.306250 0.847656 0.065625 0.067187
22 0.553125 0.095312 0.071875 0.065625
19 0.635156 0.100000 0.064062 0.075000
37 0.714063 0.093750 0.059375 0.062500
10 0.789844 0.098437 0.064062 0.071875
13 0.864844 0.096094 0.067187 0.067187
12 0.550781 0.202344 0.067187 0.064062
20 0.632031 0.207813 0.064062 0.075000
16 0.711719 0.203906 0.060937 0.067187
31 0.783594 0.201563 0.064062 0.062500
15 0.863281 0.207813 0.057813 0.075000
2 0.548438 0.311719 0.062500 0.067187
27 0.633594 0.311719 0.070312 0.067187
32 0.717969 0.309375 0.060937 0.062500
29 0.787500 0.313281 0.046875 0.070312
16 0.847656 0.310156 0.057813 0.064062
3 0.546094 0.420312 0.057813 0.065625
37 0.615625 0.420312 0.062500 0.065625
22 0.703125 0.420312 0.071875 0.065625
6 0.792188 0.420312 0.071875 0.065625
11 0.876563 0.420312 0.059375 0.065625
5 0.551562 0.524219 0.068750 0.064062
12 0.635156 0.524219 0.067187 0.064062
35 0.717187 0.525781 0.078125 0.067187
8 0.787500 0.523438 0.046875 0.062500
23 0.851562 0.525000 0.065625 0.065625
20 0.547656 0.639062 0.060937 0.071875
26 0.633594 0.635938 0.073438 0.065625
26 0.725781 0.634375 0.070312 0.062500
4 0.810937 0.635938 0.062500 0.065625
15 0.880469 0.640625 0.060937 0.075000
6 0.553125 0.754687 0.071875 0.065625
1 0.635938 0.757031 0.071875 0.070312
15 0.713281 0.760938 0.060937 0.078125
6 0.793750 0.753125 0.068750 0.062500
1 0.879687 0.757031 0.071875 0.070312
