30 0.091406 0.093750 0.057813 0.062500
11 0.159375 0.095312 0.062500 0.065625
34 0.242969 0.098437 0.067187 0.071875
23 0.325000 0.093750 0.062500 0.062500
7 0.095312 0.206250 0.065625 0.065625
15 0.166406 0.212500 0.060937 0.078125
21 0.239063 0.205469 0.065625 0.064062
3 0.317969 0.207813 0.060937 0.068750
29 0.387500 0.208594 0.050000 0.070312
9 0.092188 0.325781 0.059375 0.067187
29 0.154688 0.327344 0.050000 0.070312
36 0.235937 0.325781 0.071875 0.067187
25 0.323437 0.325781 0.065625 0.067187
12 0.399219 0.325781 0.070312 0.067187
7 0.095312 0.439063 0.065625 0.065625
12 0.180469 0.438281 0.067187 0.064062
36 0.259375 0.439844 0.071875 0.067187
4 0.345313 0.439063 0.059375 0.065625
18 0.094531 0.547656 0.064062 0.064062
2 0.176563 0.549219 0.062500 0.067187
21 0.253125 0.547656 0.065625 0.064062
10 0.332031 0.550000 0.060937 0.068750
23 0.409375 0.546875 0.062500 0.062500
1 0.096875 0.660156 0.068750 0.067187
10 0.177344 0.662500 0.064062 0.071875
26 0.255469 0.657813 0.070312 0.062500
32 0.336719 0.657813 0.057813 0.062500
2 0.407813 0.658594 0.059375 0.064062
13 0.094531 0.772656 0.064062 0.064062
19 0.167969 0.776563 0.060937 0.071875
7 0.242188 0.771875 0.062500 0.062500
5 0.326562 0.772656 0.068750 0.064062
8 0.540625 0.093750 0.046875 0.062500
31 0.611719 0.093750 0.064062 0.062500
30 0.685156 0.093750 0.057813 0.062500
19 0.764844 0.098437 0.060937 0.071875
30 0.842969 0.095312 0.060937 0.065625
23 0.550000 0.207813 0.065625 0.065625
21 0.632812 0.207031 0.065625 0.064062
6 0.707812 0.206250 0.068750 0.062500
28 0.785156 0.211719 0.070312 0.073438
10 0.863281 0.210938 0.064062 0.071875
22 0.551562 0.320312 0.068750 0.062500
21 0.640625 0.322656 0.068750 0.067187
33 0.725000 0.321875 0.062500 0.065625
3 0.794531 0.323437 0.060937 0.068750
17 0.548438 0.428906 0.062500 0.067187
14 0.627344 0.426563 0.060937 0.062500
4 0.695312 0.428125 0.059375 0.065625
33 0.765625 0.428125 0.062500 0.065625
37 0.840625 0.426563 0.062500 0.062500
31 0.549219 0.535937 0.064062 0.062500
30 0.622656 0.535937 0.057813 0.062500
28 0.699219 0.541406 0.070312 0.073438
10 0.772656 0.539062 0.060937 0.068750
5 0.845313 0.536719 0.068750 0.064062
23 0.550000 0.646875 0.065625 0.065625
11 0.620313 0.646875 0.059375 0.065625
34 0.702344 0.648438 0.064062 0.068750
21 0.785937 0.647656 0.068750 0.067187
23 0.862500 0.646875 0.065625 0.065625
14 0.549219 0.757812 0.064062 0.065625
19 0.622656 0.760938 0.060937 0.071875
27 0.710156 0.760156 0.073438 0.070312
5 0.793750 0.758594 0.071875 0.067187
9 0.878125 0.757031 0.059375 0.064062
30 0.546094 0.860938 0.057813 0.062500
22 0.618750 0.860938 0.068750 0.062500
12 0.697656 0.863281 0.070312 0.067187
17 0.775000 0.861719 0.059375 0.064062
13 0.852344 0.863281 0.067187 0.067187
