16 0.091406 0.094531 0.057813 0.064062
18 0.172656 0.094531 0.064062 0.064062
11 0.254688 0.095312 0.059375 0.065625
30 0.333594 0.095312 0.060937 0.065625
10 0.410156 0.096875 0.060937 0.068750
32 0.478906 0.093750 0.057813 0.062500
34 0.555469 0.098437 0.067187 0.071875
24 0.096875 0.206250 0.068750 0.062500
12 0.174219 0.208594 0.070312 0.067187
26 0.261719 0.206250 0.070312 0.062500
24 0.353125 0.207813 0.071875 0.065625
16 0.438281 0.207031 0.057813 0.064062
3 0.516406 0.207813 0.057813 0.065625
24 0.600000 0.207813 0.071875 0.065625
0 0.092969 0.315625 0.060937 0.068750
2 0.165625 0.313281 0.059375 0.064062
32 0.236719 0.312500 0.057813 0.062500
29 0.306250 0.317969 0.050000 0.073438
0 0.377344 0.315625 0.060937 0.068750
31 0.094531 0.420312 0.064062 0.062500
11 0.171875 0.421875 0.059375 0.065625
31 0.249219 0.420312 0.064062 0.062500
14 0.328906 0.421875 0.064062 0.065625
18 0.403906 0.422656 0.067187 0.067187
36 0.489063 0.421094 0.068750 0.064062
0 0.566406 0.421875 0.060937 0.065625
29 0.087500 0.524219 0.050000 0.070312
25 0.159375 0.521094 0.062500 0.064062
16 0.235156 0.521094 0.057813 0.064062
16 0.300781 0.521094 0.057813 0.064062
