34 0.094531 0.096875 0.064062 0.068750
34 0.171094 0.096875 0.064062 0.068750
13 0.250781 0.096094 0.067187 0.067187
22 0.339062 0.095312 0.071875 0.065625
37 0.423438 0.093750 0.059375 0.062500
18 0.094531 0.202344 0.064062 0.064062
37 0.168750 0.201563 0.059375 0.062500
28 0.250781 0.208594 0.073438 0.076563
33 0.329688 0.203125 0.062500 0.065625
33 0.095312 0.321875 0.065625 0.065625
20 0.172656 0.326562 0.064062 0.075000
6 0.257812 0.320312 0.068750 0.062500
10 0.339844 0.323437 0.064062 0.068750
10 0.417969 0.323437 0.060937 0.068750
31 0.094531 0.428125 0.064062 0.062500
37 0.175000 0.428125 0.059375 0.062500
31 0.249219 0.428125 0.064062 0.062500
35 0.339062 0.430469 0.078125 0.067187
8 0.417187 0.428125 0.046875 0.062500
16 0.092969 0.533594 0.060937 0.067187
29 0.162500 0.535156 0.050000 0.070312
11 0.229687 0.534375 0.062500 0.068750
28 0.305469 0.538281 0.073438 0.076563
30 0.385156 0.531250 0.057813 0.062500
24 0.096875 0.640625 0.068750 0.062500
32 0.175781 0.640625 0.057813 0.062500
32 0.246094 0.642188 0.060937 0.065625
11 0.318750 0.643750 0.062500 0.068750
11 0.396875 0.643750 0.062500 0.068750
2 0.093750 0.752344 0.062500 0.067187
13 0.166406 0.750781 0.064062 0.064062
36 0.246875 0.750781 0.068750 0.064062
32 0.324219 0.750000 0.057813 0.062500
4 0.400000 0.751563 0.062500 0.065625
15 0.092969 0.860938 0.060937 0.075000
23 0.170313 0.854688 0.062500 0.062500
21 0.248438 0.857031 0.068750 0.067187
1 0.331250 0.857031 0.068750 0.067187
5 0.412500 0.857031 0.071875 0.067187
1 0.551562 0.096094 0.068750 0.067187
11 0.631250 0.095312 0.059375 0.065625
0 0.703906 0.095312 0.057813 0.065625
0 0.778906 0.095312 0.057813 0.065625
18 0.549219 0.194531 0.064062 0.064062
22 0.631250 0.195312 0.071875 0.065625
34 0.716406 0.198437 0.067187 0.071875
6 0.796875 0.193750 0.068750 0.062500
33 0.881250 0.196875 0.065625 0.068750
11 0.546875 0.303125 0.059375 0.065625
15 0.621094 0.307812 0.060937 0.075000
13 0.692969 0.303906 0.067187 0.067187
20 0.777344 0.306250 0.060937 0.071875
18 0.550781 0.416406 0.067187 0.067187
7 0.632812 0.414062 0.062500 0.062500
20 0.705469 0.418750 0.060937 0.071875
28 0.786719 0.419531 0.070312 0.073438
31 0.872656 0.414062 0.064062 0.062500
2 0.548438 0.533594 0.062500 0.067187
20 0.617969 0.535937 0.060937 0.071875
24 0.692187 0.532813 0.068750 0.065625
13 0.774219 0.533594 0.067187 0.067187
27 0.852344 0.533594 0.070312 0.067187
34 0.550781 0.642188 0.067187 0.071875
6 0.634375 0.639062 0.071875 0.065625
25 0.721875 0.638281 0.062500 0.064062
0 0.797656 0.639062 0.057813 0.065625
13 0.869531 0.638281 0.064062 0.064062
37 0.548438 0.750000 0.062500 0.065625
12 0.632031 0.750781 0.070312 0.067187
20 0.717969 0.754687 0.064062 0.075000
29 0.793750 0.752344 0.046875 0.070312
19 0.861719 0.753125 0.060937 0.071875
