14 0.092969 0.093750 0.060937 0.062500
15 0.160156 0.100000 0.057813 0.075000
29 0.232813 0.097656 0.046875 0.070312
29 0.296875 0.097656 0.046875 0.070312
0 0.092969 0.215625 0.060937 0.068750
21 0.165625 0.214844 0.068750 0.067187
5 0.242188 0.213281 0.068750 0.064062
16 0.321094 0.213281 0.057813 0.064062
29 0.389062 0.217969 0.050000 0.073438
6 0.467187 0.212500 0.068750 0.062500
31 0.096094 0.329688 0.067187 0.065625
11 0.175000 0.331250 0.062500 0.068750
35 0.264062 0.328906 0.075000 0.064062
18 0.341406 0.328906 0.064062 0.064062
27 0.421094 0.330469 0.070312 0.067187
34 0.507031 0.331250 0.064062 0.068750
12 0.585156 0.330469 0.070312 0.067187
34 0.094531 0.439063 0.064062 0.068750
8 0.171875 0.435937 0.050000 0.062500
17 0.246875 0.438281 0.062500 0.067187
26 0.330469 0.435937 0.070312 0.062500
4 0.092188 0.545312 0.059375 0.065625
19 0.174219 0.550000 0.064062 0.075000
7 0.253125 0.543750 0.062500 0.062500
21 0.331250 0.544531 0.065625 0.064062
27 0.417969 0.546094 0.070312 0.067187
19 0.503906 0.548438 0.064062 0.071875
33 0.095312 0.654687 0.065625 0.068750
27 0.171094 0.653906 0.070312 0.067187
24 0.260937 0.651563 0.068750 0.062500
34 0.336719 0.656250 0.067187 0.071875
8 0.085938 0.764062 0.046875 0.062500
0 0.158594 0.767188 0.060937 0.068750
35 0.243750 0.764844 0.075000 0.064062
4 0.321875 0.765625 0.059375 0.065625
23 0.401562 0.765625 0.065625 0.065625
32 0.092969 0.873437 0.060937 0.065625
10 0.163281 0.875000 0.060937 0.068750
23 0.245312 0.871875 0.062500 0.062500
32 0.314844 0.873437 0.060937 0.065625
3 0.385156 0.873437 0.057813 0.065625
