37 0.092188 0.093750 0.059375 0.062500
27 0.177344 0.096094 0.070312 0.067187
15 0.257031 0.100000 0.060937 0.075000
7 0.329688 0.095312 0.065625 0.065625
22 0.415625 0.093750 0.068750 0.062500
2 0.092188 0.203906 0.059375 0.064062
30 0.166406 0.203125 0.057813 0.062500
11 0.237500 0.206250 0.062500 0.068750
1 0.318750 0.207031 0.071875 0.070312
32 0.403906 0.203125 0.057813 0.062500
21 0.095312 0.308594 0.065625 0.064062
13 0.180469 0.308594 0.064062 0.064062
23 0.264062 0.307812 0.062500 0.062500
11 0.334375 0.310937 0.062500 0.068750
7 0.095312 0.417187 0.065625 0.065625
35 0.181250 0.416406 0.075000 0.064062
22 0.264062 0.415625 0.068750 0.062500
19 0.339844 0.420312 0.064062 0.071875
9 0.410938 0.416406 0.056250 0.064062
9 0.090625 0.528906 0.056250 0.064062
0 0.157031 0.531250 0.060937 0.068750
7 0.234375 0.529687 0.065625 0.065625
36 0.317188 0.528906 0.068750 0.064062
24 0.395313 0.528125 0.068750 0.062500
11 0.092188 0.639062 0.059375 0.065625
14 0.172656 0.637500 0.060937 0.062500
34 0.250781 0.642188 0.067187 0.071875
7 0.337500 0.639062 0.065625 0.065625
16 0.411719 0.638281 0.057813 0.064062
17 0.092188 0.753906 0.059375 0.064062
37 0.160938 0.754687 0.062500 0.065625
20 0.241406 0.757812 0.064062 0.071875
16 0.324219 0.755469 0.060937 0.067187
7 0.403125 0.754687 0.065625 0.065625
25 0.550000 0.096094 0.065625 0.067187
33 0.632812 0.095312 0.062500 0.065625
27 0.714844 0.097656 0.073438 0.070312
4 0.796875 0.095312 0.059375 0.065625
18 0.875781 0.094531 0.064062 0.064062
5 0.553125 0.207031 0.071875 0.067187
13 0.641406 0.207031 0.067187 0.067187
3 0.714844 0.206250 0.057813 0.065625
12 0.794531 0.207031 0.070312 0.067187
25 0.871875 0.207031 0.065625 0.067187
22 0.551562 0.314063 0.068750 0.062500
26 0.638281 0.315625 0.073438 0.065625
15 0.714844 0.320312 0.057813 0.075000
37 0.789062 0.314063 0.059375 0.062500
18 0.866406 0.314844 0.064062 0.064062
31 0.550781 0.423438 0.067187 0.065625
24 0.635938 0.423438 0.068750 0.065625
36 0.720313 0.424219 0.071875 0.067187
35 0.812500 0.422656 0.075000 0.064062
35 0.900000 0.424219 0.075000 0.067187
17 0.548438 0.527344 0.062500 0.067187
2 0.629687 0.525781 0.059375 0.064062
12 0.707031 0.527344 0.070312 0.067187
13 0.786719 0.525781 0.064062 0.064062
16 0.866406 0.525781 0.057813 0.064062
30 0.546094 0.628125 0.057813 0.062500
35 0.626563 0.628906 0.075000 0.064062
19 0.711719 0.634375 0.064062 0.075000
24 0.785937 0.628125 0.068750 0.062500
32 0.864844 0.628125 0.057813 0.062500
9 0.545312 0.736719 0.056250 0.064062
19 0.624219 0.740625 0.060937 0.071875
35 0.700000 0.736719 0.075000 0.064062
7 0.778125 0.735938 0.062500 0.062500
33 0.853125 0.739062 0.065625 0.068750
