25 0.093750 0.094531 0.062500 0.064062
34 0.167969 0.098437 0.067187 0.071875
37 0.251563 0.093750 0.059375 0.062500
7 0.321875 0.095312 0.065625 0.065625
37 0.404687 0.093750 0.062500 0.062500
15 0.092969 0.207813 0.060937 0.075000
1 0.170313 0.205469 0.071875 0.070312
24 0.254688 0.203125 0.071875 0.065625
13 0.332031 0.203906 0.067187 0.067187
24 0.414062 0.201563 0.068750 0.062500
25 0.093750 0.317969 0.062500 0.064062
24 0.175000 0.318750 0.071875 0.065625
32 0.258594 0.318750 0.060937 0.065625
13 0.335156 0.317969 0.064062 0.064062
28 0.419531 0.324219 0.073438 0.076563
15 0.091406 0.442188 0.057813 0.075000
37 0.168750 0.435937 0.059375 0.062500
36 0.242188 0.436719 0.068750 0.064062
35 0.329688 0.436719 0.075000 0.064062
34 0.413281 0.439063 0.064062 0.068750
30 0.091406 0.554688 0.057813 0.062500
29 0.151562 0.558594 0.046875 0.070312
27 0.222656 0.558594 0.073438 0.070312
23 0.300000 0.554688 0.062500 0.062500
24 0.096875 0.662500 0.068750 0.062500
17 0.176563 0.664844 0.062500 0.067187
32 0.252344 0.662500 0.057813 0.062500
25 0.332813 0.664844 0.065625 0.067187
36 0.420312 0.664844 0.071875 0.067187
33 0.093750 0.764062 0.062500 0.065625
29 0.160938 0.766406 0.046875 0.070312
8 0.223438 0.762500 0.046875 0.062500
18 0.299219 0.763281 0.064062 0.064062
28 0.552344 0.099219 0.070312 0.073438
22 0.640625 0.093750 0.068750 0.062500
28 0.717969 0.099219 0.070312 0.073438
8 0.789062 0.095312 0.050000 0.065625
14 0.861719 0.095312 0.064062 0.065625
11 0.546875 0.203125 0.059375 0.065625
35 0.628125 0.203906 0.078125 0.067187
0 0.705469 0.203125 0.057813 0.065625
32 0.780469 0.201563 0.060937 0.062500
33 0.853125 0.204687 0.065625 0.068750
23 0.550000 0.310937 0.065625 0.065625
25 0.626563 0.311719 0.065625 0.067187
27 0.702344 0.311719 0.070312 0.067187
32 0.778906 0.309375 0.057813 0.062500
1 0.553125 0.414844 0.071875 0.070312
5 0.637500 0.413281 0.071875 0.067187
37 0.718750 0.410938 0.059375 0.062500
25 0.796875 0.411719 0.062500 0.064062
20 0.547656 0.523438 0.060937 0.071875
34 0.619531 0.523438 0.067187 0.071875
33 0.696875 0.520312 0.062500 0.065625
26 0.780469 0.518750 0.070312 0.062500
35 0.871875 0.521094 0.078125 0.067187
23 0.548438 0.634375 0.062500 0.062500
6 0.625000 0.635938 0.071875 0.065625
19 0.700781 0.639062 0.060937 0.071875
30 0.777344 0.634375 0.057813 0.062500
27 0.552344 0.746094 0.070312 0.067187
8 0.628125 0.745313 0.050000 0.065625
14 0.699219 0.743750 0.060937 0.062500
18 0.774219 0.746094 0.067187 0.067187
15 0.857031 0.751563 0.060937 0.078125
