36 0.098437 0.096094 0.071875 0.067187
25 0.179688 0.096094 0.065625 0.067187
25 0.253125 0.094531 0.062500 0.064062
19 0.325781 0.098437 0.060937 0.071875
36 0.404687 0.094531 0.068750 0.064062
6 0.098437 0.204687 0.071875 0.065625
22 0.189062 0.204687 0.071875 0.065625
22 0.278125 0.203125 0.068750 0.062500
16 0.350781 0.203906 0.057813 0.064062
28 0.427344 0.208594 0.070312 0.073438
6 0.096875 0.318750 0.068750 0.065625
7 0.182812 0.317188 0.062500 0.062500
6 0.262500 0.317188 0.068750 0.062500
36 0.351562 0.317969 0.068750 0.064062
32 0.432031 0.317188 0.057813 0.062500
3 0.092969 0.418750 0.060937 0.068750
24 0.170313 0.417187 0.068750 0.065625
32 0.241406 0.415625 0.057813 0.062500
0 0.310156 0.417187 0.057813 0.065625
7 0.095312 0.528125 0.065625 0.065625
31 0.175781 0.526563 0.064062 0.062500
16 0.250781 0.527344 0.057813 0.064062
6 0.325000 0.528125 0.071875 0.065625
14 0.094531 0.632812 0.064062 0.065625
8 0.167187 0.631250 0.046875 0.062500
28 0.242969 0.638281 0.073438 0.076563
11 0.331250 0.634375 0.062500 0.068750
30 0.410156 0.631250 0.057813 0.062500
15 0.546094 0.100000 0.057813 0.075000
12 0.627344 0.094531 0.067187 0.064062
14 0.713281 0.095312 0.064062 0.065625
26 0.800781 0.095312 0.073438 0.065625
13 0.886719 0.096094 0.067187 0.067187
29 0.542188 0.213281 0.050000 0.070312
3 0.614844 0.210938 0.057813 0.065625
17 0.692187 0.210156 0.059375 0.064062
15 0.761719 0.217188 0.060937 0.078125
6 0.840625 0.210938 0.071875 0.065625
28 0.552344 0.330469 0.070312 0.073438
5 0.640625 0.327344 0.071875 0.067187
12 0.724219 0.325781 0.067187 0.064062
31 0.797656 0.325000 0.064062 0.062500
21 0.551562 0.441406 0.068750 0.067187
3 0.635156 0.442188 0.060937 0.068750
20 0.705469 0.443750 0.060937 0.071875
24 0.779687 0.440625 0.071875 0.065625
20 0.858594 0.445312 0.064062 0.075000
5 0.553125 0.550781 0.071875 0.067187
22 0.639062 0.550000 0.071875 0.065625
6 0.729688 0.548438 0.068750 0.062500
28 0.808594 0.555469 0.073438 0.076563
14 0.547656 0.659375 0.060937 0.062500
9 0.626563 0.661719 0.059375 0.067187
1 0.698438 0.661719 0.068750 0.067187
33 0.779687 0.660937 0.062500 0.065625
18 0.853906 0.661719 0.067187 0.067187
