15 0.091406 0.100000 0.057813 0.075000
22 0.173437 0.093750 0.068750 0.062500
19 0.247656 0.098437 0.060937 0.071875
25 0.320312 0.094531 0.062500 0.064062
2 0.401562 0.096094 0.062500 0.067187
27 0.099219 0.210156 0.073438 0.070312
35 0.190625 0.207031 0.075000 0.064062
18 0.275781 0.207031 0.064062 0.064062
24 0.354687 0.207813 0.071875 0.065625
25 0.431250 0.208594 0.065625 0.067187
2 0.093750 0.311719 0.062500 0.067187
6 0.181250 0.310937 0.071875 0.065625
7 0.256250 0.309375 0.062500 0.062500
21 0.339062 0.310156 0.065625 0.064062
34 0.096094 0.417187 0.067187 0.068750
2 0.168750 0.416406 0.062500 0.067187
37 0.239063 0.414062 0.059375 0.062500
34 0.322656 0.418750 0.067187 0.071875
6 0.404687 0.415625 0.071875 0.065625
37 0.092188 0.518750 0.059375 0.062500
34 0.169531 0.523438 0.067187 0.071875
0 0.252344 0.520312 0.057813 0.065625
24 0.326562 0.518750 0.068750 0.062500
0 0.091406 0.626563 0.057813 0.065625
31 0.171094 0.626563 0.067187 0.065625
5 0.251563 0.627344 0.071875 0.067187
4 0.335938 0.628125 0.062500 0.068750
37 0.092188 0.734375 0.059375 0.062500
27 0.167969 0.736719 0.070312 0.067187
20 0.249219 0.739062 0.060937 0.071875
11 0.318750 0.735938 0.059375 0.065625
3 0.091406 0.850000 0.057813 0.065625
22 0.167187 0.850000 0.071875 0.065625
7 0.250000 0.850000 0.065625 0.065625
27 0.335156 0.850781 0.070312 0.067187
31 0.416406 0.848437 0.064062 0.062500
5 0.553125 0.096094 0.071875 0.067187
7 0.637500 0.095312 0.065625 0.065625
24 0.712500 0.093750 0.068750 0.062500
5 0.792188 0.094531 0.068750 0.064062
35 0.885938 0.096094 0.078125 0.067187
1 0.553125 0.205469 0.071875 0.070312
29 0.623437 0.205469 0.046875 0.070312
30 0.694531 0.201563 0.057813 0.062500
33 0.768750 0.203125 0.062500 0.065625
20 0.839844 0.207813 0.064062 0.075000
30 0.908594 0.201563 0.057813 0.062500
17 0.548438 0.319531 0.062500 0.067187
10 0.624219 0.320312 0.060937 0.068750
5 0.701562 0.317969 0.068750 0.064062
17 0.784375 0.317969 0.059375 0.064062
22 0.864062 0.318750 0.071875 0.065625
17 0.548438 0.430469 0.062500 0.067187
35 0.634375 0.428906 0.075000 0.064062
8 0.715625 0.428125 0.046875 0.062500
14 0.780469 0.428125 0.060937 0.062500
34 0.855469 0.432812 0.067187 0.071875
26 0.553906 0.543750 0.073438 0.065625
17 0.628125 0.542969 0.059375 0.064062
32 0.708594 0.543750 0.060937 0.065625
1 0.784375 0.544531 0.068750 0.067187
4 0.548438 0.654687 0.062500 0.068750
27 0.625781 0.653906 0.070312 0.067187
30 0.697656 0.651563 0.057813 0.062500
21 0.779687 0.652344 0.065625 0.064062
17 0.856250 0.652344 0.059375 0.064062
