0 0.092969 0.096875 0.060937 0.068750
11 0.162500 0.095312 0.059375 0.065625
35 0.246875 0.096094 0.078125 0.067187
16 0.332031 0.094531 0.057813 0.064062
6 0.415625 0.093750 0.068750 0.062500
7 0.490625 0.093750 0.062500 0.062500
29 0.085938 0.210156 0.046875 0.070312
29 0.140625 0.210156 0.046875 0.070312
6 0.206250 0.206250 0.068750 0.062500
29 0.278125 0.211719 0.050000 0.073438
27 0.358594 0.210156 0.073438 0.070312
11 0.092188 0.325000 0.059375 0.065625
5 0.171875 0.324219 0.068750 0.064062
16 0.255469 0.325781 0.060937 0.067187
18 0.333594 0.325781 0.067187 0.067187
31 0.417969 0.325000 0.067187 0.065625
15 0.500781 0.329688 0.060937 0.075000
12 0.096094 0.439844 0.067187 0.064062
21 0.178125 0.441406 0.068750 0.067187
15 0.261719 0.445312 0.057813 0.075000
18 0.341406 0.441406 0.067187 0.067187
5 0.418750 0.441406 0.071875 0.067187
29 0.493750 0.442969 0.046875 0.070312
37 0.556250 0.439063 0.059375 0.062500
8 0.085938 0.553125 0.046875 0.062500
14 0.150781 0.553125 0.060937 0.062500
18 0.227344 0.553906 0.064062 0.064062
36 0.310937 0.553906 0.068750 0.064062
