15 0.091406 0.100000 0.057813 0.075000
20 0.160156 0.098437 0.060937 0.071875
7 0.231250 0.095312 0.065625 0.065625
17 0.301563 0.094531 0.059375 0.064062
15 0.371094 0.100000 0.057813 0.075000
30 0.091406 0.207813 0.057813 0.062500
17 0.165625 0.208594 0.059375 0.064062
2 0.235937 0.208594 0.059375 0.064062
33 0.317188 0.210938 0.065625 0.068750
13 0.400781 0.208594 0.064062 0.064062
10 0.094531 0.317188 0.064062 0.071875
29 0.165625 0.316406 0.046875 0.070312
6 0.245312 0.314063 0.071875 0.065625
26 0.332031 0.312500 0.070312 0.062500
23 0.412500 0.314063 0.065625 0.065625
34 0.094531 0.429688 0.064062 0.068750
3 0.163281 0.428125 0.057813 0.065625
2 0.240625 0.428906 0.062500 0.067187
21 0.315625 0.428906 0.068750 0.067187
19 0.094531 0.535937 0.064062 0.075000
16 0.172656 0.532031 0.060937 0.067187
35 0.260937 0.532031 0.078125 0.067187
2 0.346875 0.530469 0.059375 0.064062
31 0.427344 0.531250 0.067187 0.065625
33 0.093750 0.650000 0.062500 0.065625
17 0.164062 0.650781 0.062500 0.067187
35 0.245312 0.650781 0.078125 0.067187
4 0.326562 0.651563 0.062500 0.068750
30 0.399219 0.648438 0.057813 0.062500
2 0.092188 0.761719 0.059375 0.064062
7 0.168750 0.760938 0.062500 0.062500
34 0.241406 0.764062 0.064062 0.068750
5 0.321875 0.761719 0.068750 0.064062
21 0.407813 0.761719 0.065625 0.064062
2 0.546875 0.094531 0.059375 0.064062
5 0.623437 0.094531 0.068750 0.064062
1 0.710938 0.097656 0.068750 0.070312
24 0.796875 0.095312 0.071875 0.065625
31 0.878906 0.093750 0.064062 0.062500
33 0.550000 0.207813 0.065625 0.065625
20 0.633594 0.212500 0.064062 0.075000
3 0.707031 0.207813 0.057813 0.065625
7 0.785937 0.206250 0.062500 0.062500
15 0.546094 0.325000 0.057813 0.075000
26 0.627344 0.318750 0.070312 0.062500
8 0.703125 0.318750 0.046875 0.062500
30 0.772656 0.318750 0.057813 0.062500
2 0.846875 0.319531 0.059375 0.064062
35 0.554688 0.428906 0.075000 0.064062
22 0.646875 0.429688 0.071875 0.065625
15 0.721094 0.435937 0.060937 0.078125
25 0.804688 0.430469 0.065625 0.067187
24 0.892188 0.429688 0.071875 0.065625
28 0.553906 0.552344 0.073438 0.076563
36 0.632812 0.546094 0.068750 0.064062
37 0.714063 0.546875 0.062500 0.065625
22 0.793750 0.545312 0.068750 0.062500
0 0.874219 0.546875 0.060937 0.065625
34 0.550781 0.670312 0.067187 0.071875
13 0.636719 0.666406 0.064062 0.064062
5 0.723437 0.666406 0.068750 0.064062
3 0.797656 0.668750 0.060937 0.068750
5 0.551562 0.780469 0.068750 0.064062
35 0.637500 0.782031 0.078125 0.067187
26 0.728906 0.779687 0.070312 0.062500
14 0.802344 0.779687 0.060937 0.062500
9 0.875000 0.782031 0.059375 0.067187
34 0.549219 0.890625 0.064062 0.068750
5 0.637500 0.889844 0.071875 0.067187
4 0.714063 0.889062 0.062500 0.065625
2 0.790625 0.888281 0.059375 0.064062
