6 0.096875 0.093750 0.068750 0.062500
36 0.175000 0.094531 0.068750 0.064062
11 0.251563 0.095312 0.062500 0.065625
19 0.328906 0.100000 0.064062 0.075000
34 0.400781 0.096875 0.064062 0.068750
5 0.098437 0.203906 0.071875 0.067187
23 0.182812 0.201563 0.062500 0.062500
35 0.264062 0.202344 0.075000 0.064062
36 0.348438 0.203906 0.071875 0.067187
18 0.428906 0.202344 0.064062 0.064062
23 0.093750 0.310937 0.062500 0.062500
18 0.175781 0.313281 0.067187 0.067187
13 0.252344 0.311719 0.064062 0.064062
4 0.329688 0.312500 0.059375 0.065625
7 0.406250 0.310937 0.062500 0.062500
7 0.093750 0.421875 0.062500 0.062500
18 0.175781 0.422656 0.064062 0.064062
20 0.249219 0.428125 0.064062 0.075000
26 0.330469 0.421875 0.070312 0.062500
33 0.415625 0.423438 0.062500 0.065625
11 0.092188 0.540625 0.059375 0.065625
32 0.169531 0.540625 0.060937 0.065625
6 0.243750 0.539062 0.068750 0.062500
9 0.318750 0.539844 0.056250 0.064062
32 0.091406 0.642188 0.057813 0.062500
12 0.171094 0.642969 0.067187 0.064062
7 0.243750 0.642188 0.062500 0.062500
25 0.317188 0.644531 0.065625 0.067187
28 0.394531 0.647656 0.070312 0.073438
31 0.469531 0.642188 0.064062 0.062500
18 0.094531 0.753906 0.064062 0.064062
26 0.180469 0.754687 0.073438 0.065625
0 0.264844 0.754687 0.057813 0.065625
4 0.340625 0.754687 0.062500 0.065625
