14 0.092969 0.093750 0.060937 0.062500
0 0.164844 0.096875 0.060937 0.068750
7 0.243750 0.093750 0.062500 0.062500
36 0.325000 0.096094 0.071875 0.067187
4 0.407813 0.095312 0.059375 0.065625
5 0.096875 0.196094 0.068750 0.064062
23 0.184375 0.196875 0.065625 0.065625
10 0.260156 0.198437 0.060937 0.068750
17 0.342187 0.197656 0.062500 0.067187
19 0.417969 0.200000 0.060937 0.071875
21 0.095312 0.302344 0.065625 0.064062
3 0.164844 0.303125 0.057813 0.065625
22 0.243750 0.301563 0.068750 0.062500
6 0.331250 0.301563 0.068750 0.062500
23 0.412500 0.303125 0.065625 0.065625
33 0.093750 0.409375 0.062500 0.065625
35 0.182812 0.410156 0.078125 0.067187
20 0.260156 0.412500 0.060937 0.071875
16 0.335156 0.408594 0.057813 0.064062
18 0.407031 0.408594 0.064062 0.064062
37 0.092188 0.521875 0.059375 0.062500
37 0.164062 0.521875 0.059375 0.062500
4 0.243750 0.523438 0.059375 0.065625
26 0.319531 0.521875 0.070312 0.062500
24 0.406250 0.523438 0.068750 0.065625
10 0.092969 0.634375 0.060937 0.068750
29 0.157812 0.635156 0.046875 0.070312
19 0.230469 0.635938 0.064062 0.071875
18 0.316406 0.633594 0.067187 0.067187
27 0.394531 0.633594 0.070312 0.067187
2 0.092188 0.742969 0.059375 0.064062
10 0.169531 0.746875 0.064062 0.071875
32 0.244531 0.742188 0.057813 0.062500
0 0.310156 0.743750 0.057813 0.065625
0 0.091406 0.848437 0.057813 0.065625
32 0.161719 0.846875 0.057813 0.062500
5 0.235937 0.847656 0.068750 0.064062
12 0.311719 0.847656 0.067187 0.064062
1 0.390625 0.849219 0.068750 0.067187
14 0.547656 0.093750 0.060937 0.062500
5 0.629687 0.094531 0.068750 0.064062
14 0.707031 0.095312 0.064062 0.065625
14 0.782031 0.095312 0.064062 0.065625
17 0.864062 0.096094 0.062500 0.067187
27 0.553906 0.200781 0.073438 0.070312
27 0.636719 0.200781 0.073438 0.070312
0 0.721094 0.198437 0.057813 0.065625
33 0.795312 0.198437 0.062500 0.065625
16 0.869531 0.197656 0.057813 0.064062
34 0.550781 0.309375 0.067187 0.071875
6 0.629687 0.304688 0.068750 0.062500
29 0.696875 0.308594 0.046875 0.070312
16 0.757031 0.305469 0.057813 0.064062
7 0.835938 0.304688 0.062500 0.062500
16 0.908594 0.305469 0.057813 0.064062
8 0.542188 0.421875 0.050000 0.065625
3 0.614844 0.423438 0.060937 0.068750
1 0.692187 0.424219 0.071875 0.070312
15 0.774219 0.426563 0.060937 0.075000
17 0.848437 0.421094 0.059375 0.064062
35 0.556250 0.533594 0.078125 0.067187
27 0.650781 0.535156 0.073438 0.070312
20 0.730469 0.535937 0.060937 0.071875
28 0.810156 0.538281 0.073438 0.076563
10 0.894531 0.535937 0.064062 0.071875
4 0.546875 0.646875 0.059375 0.065625
22 0.620313 0.646875 0.071875 0.065625
34 0.708594 0.648438 0.064062 0.068750
37 0.785937 0.645312 0.059375 0.062500
12 0.864844 0.647656 0.070312 0.067187
