7 0.095312 0.095312 0.065625 0.065625
37 0.175000 0.093750 0.059375 0.062500
22 0.254688 0.093750 0.068750 0.062500
10 0.332031 0.096875 0.064062 0.068750
27 0.099219 0.205469 0.073438 0.070312
9 0.179688 0.202344 0.059375 0.064062
21 0.264062 0.203906 0.068750 0.067187
18 0.352344 0.203906 0.067187 0.067187
19 0.433594 0.207813 0.064062 0.075000
9 0.509375 0.203906 0.059375 0.067187
4 0.576562 0.203125 0.059375 0.065625
18 0.096094 0.321094 0.067187 0.067187
27 0.172656 0.321094 0.070312 0.067187
9 0.246875 0.319531 0.056250 0.064062
37 0.325000 0.318750 0.059375 0.062500
29 0.087500 0.428906 0.050000 0.073438
8 0.150000 0.423438 0.046875 0.062500
16 0.216406 0.424219 0.057813 0.064062
12 0.294531 0.424219 0.067187 0.064062
30 0.364844 0.423438 0.057813 0.062500
37 0.443750 0.423438 0.059375 0.062500
1 0.525000 0.425781 0.068750 0.067187
4 0.093750 0.532813 0.062500 0.068750
34 0.174219 0.534375 0.067187 0.071875
8 0.248438 0.529687 0.046875 0.062500
10 0.311719 0.532813 0.064062 0.068750
13 0.392969 0.532031 0.067187 0.067187
12 0.472656 0.532031 0.070312 0.067187
13 0.555469 0.530469 0.064062 0.064062
31 0.094531 0.643750 0.064062 0.062500
27 0.178906 0.647656 0.073438 0.070312
23 0.260937 0.643750 0.062500 0.062500
19 0.341406 0.648438 0.060937 0.071875
17 0.412500 0.644531 0.059375 0.064062
37 0.093750 0.759375 0.062500 0.065625
3 0.171094 0.759375 0.057813 0.065625
5 0.254688 0.760156 0.071875 0.067187
17 0.328125 0.758594 0.059375 0.064062
