25 0.093750 0.094531 0.062500 0.064062
23 0.176563 0.093750 0.062500 0.062500
21 0.253125 0.096094 0.068750 0.067187
37 0.328125 0.095312 0.062500 0.065625
27 0.403906 0.096094 0.070312 0.067187
16 0.091406 0.199219 0.057813 0.064062
32 0.167969 0.198437 0.057813 0.062500
15 0.244531 0.204687 0.057813 0.075000
16 0.322656 0.199219 0.057813 0.064062
1 0.403125 0.200781 0.068750 0.067187
36 0.096875 0.311719 0.068750 0.064062
4 0.181250 0.314063 0.062500 0.068750
1 0.256250 0.314844 0.071875 0.070312
15 0.339844 0.318750 0.060937 0.078125
1 0.418750 0.314844 0.071875 0.070312
13 0.094531 0.432031 0.064062 0.064062
9 0.168750 0.432031 0.056250 0.064062
7 0.240625 0.431250 0.062500 0.062500
15 0.321094 0.437500 0.057813 0.075000
12 0.397656 0.432031 0.067187 0.064062
10 0.092969 0.542188 0.060937 0.068750
18 0.169531 0.539844 0.064062 0.064062
23 0.240625 0.539062 0.062500 0.062500
37 0.320312 0.540625 0.062500 0.065625
2 0.401562 0.539844 0.059375 0.064062
33 0.548438 0.095312 0.062500 0.065625
23 0.626563 0.095312 0.065625 0.065625
31 0.710156 0.095312 0.067187 0.065625
29 0.775000 0.097656 0.046875 0.070312
4 0.548438 0.206250 0.062500 0.068750
24 0.631250 0.203125 0.068750 0.062500
24 0.709375 0.204687 0.068750 0.065625
23 0.787500 0.203125 0.062500 0.062500
35 0.554688 0.310156 0.075000 0.064062
12 0.635156 0.310156 0.067187 0.064062
5 0.718750 0.310156 0.068750 0.064062
36 0.803125 0.310156 0.068750 0.064062
15 0.886719 0.315625 0.060937 0.075000
30 0.546094 0.423438 0.057813 0.062500
34 0.622656 0.428125 0.067187 0.071875
28 0.710156 0.428906 0.070312 0.073438
2 0.785937 0.424219 0.059375 0.064062
14 0.860156 0.423438 0.060937 0.062500
15 0.547656 0.535937 0.060937 0.075000
23 0.625000 0.531250 0.065625 0.065625
15 0.703906 0.537500 0.060937 0.078125
26 0.791406 0.531250 0.073438 0.065625
20 0.872656 0.534375 0.060937 0.071875
6 0.551562 0.648438 0.068750 0.065625
37 0.625000 0.646875 0.059375 0.062500
22 0.700000 0.646875 0.068750 0.062500
14 0.782031 0.646875 0.060937 0.062500
6 0.868750 0.648438 0.071875 0.065625
33 0.548438 0.756250 0.062500 0.065625
21 0.625000 0.755469 0.065625 0.064062
35 0.714063 0.755469 0.075000 0.064062
11 0.800000 0.756250 0.062500 0.065625
27 0.552344 0.864844 0.070312 0.067187
14 0.633594 0.862500 0.060937 0.062500
16 0.705469 0.864844 0.060937 0.067187
33 0.784375 0.865625 0.065625 0.068750
10 0.860156 0.867188 0.064062 0.071875
