11 0.092188 0.095312 0.059375 0.065625
8 0.162500 0.093750 0.050000 0.062500
16 0.230469 0.094531 0.057813 0.064062
14 0.297656 0.093750 0.060937 0.062500
13 0.377344 0.094531 0.064062 0.064062
10 0.449219 0.098437 0.064062 0.071875
15 0.091406 0.210938 0.057813 0.075000
10 0.167969 0.207813 0.060937 0.068750
14 0.241406 0.204687 0.060937 0.062500
22 0.315625 0.206250 0.071875 0.065625
23 0.392188 0.206250 0.065625 0.065625
15 0.091406 0.318750 0.057813 0.075000
5 0.168750 0.314844 0.071875 0.067187
13 0.247656 0.313281 0.064062 0.064062
27 0.330469 0.314844 0.070312 0.067187
14 0.092969 0.423438 0.060937 0.062500
1 0.170313 0.425781 0.068750 0.067187
0 0.244531 0.426563 0.060937 0.068750
3 0.313281 0.425000 0.057813 0.065625
36 0.098437 0.538281 0.071875 0.067187
36 0.178125 0.536719 0.068750 0.064062
22 0.264062 0.535937 0.068750 0.062500
16 0.336719 0.536719 0.057813 0.064062
37 0.404687 0.535937 0.059375 0.062500
25 0.095312 0.638281 0.065625 0.067187
26 0.183594 0.635938 0.070312 0.062500
17 0.267188 0.636719 0.059375 0.064062
13 0.342969 0.636719 0.064062 0.064062
27 0.419531 0.638281 0.070312 0.067187
37 0.548438 0.095312 0.062500 0.065625
15 0.617969 0.100000 0.057813 0.075000
31 0.694531 0.093750 0.064062 0.062500
17 0.771875 0.094531 0.059375 0.064062
32 0.849219 0.093750 0.057813 0.062500
10 0.547656 0.214062 0.060937 0.068750
6 0.626563 0.210938 0.068750 0.062500
3 0.703906 0.212500 0.057813 0.065625
25 0.778125 0.211719 0.062500 0.064062
23 0.860938 0.210938 0.062500 0.062500
5 0.551562 0.322656 0.068750 0.064062
8 0.629687 0.321875 0.050000 0.062500
31 0.705469 0.321875 0.064062 0.062500
36 0.785937 0.322656 0.068750 0.064062
24 0.551562 0.426563 0.068750 0.062500
29 0.623437 0.430469 0.050000 0.070312
22 0.700000 0.428125 0.068750 0.065625
22 0.784375 0.426563 0.068750 0.062500
16 0.861719 0.427344 0.060937 0.064062
27 0.552344 0.542969 0.070312 0.067187
18 0.639844 0.541406 0.064062 0.064062
2 0.709375 0.541406 0.059375 0.064062
22 0.793750 0.540625 0.068750 0.062500
32 0.867969 0.540625 0.057813 0.062500
13 0.550781 0.649219 0.067187 0.067187
30 0.632031 0.648438 0.060937 0.065625
15 0.705469 0.654687 0.060937 0.078125
9 0.779687 0.647656 0.059375 0.064062
22 0.857812 0.648438 0.071875 0.065625
