2 0.092188 0.094531 0.059375 0.064062
12 0.175781 0.094531 0.067187 0.064062
36 0.256250 0.094531 0.068750 0.064062
3 0.327344 0.095312 0.057813 0.065625
8 0.085938 0.195312 0.046875 0.062500
6 0.162500 0.195312 0.068750 0.062500
29 0.234375 0.199219 0.050000 0.070312
13 0.300781 0.196094 0.064062 0.064062
29 0.364063 0.199219 0.046875 0.070312
12 0.432031 0.196094 0.067187 0.064062
6 0.096875 0.303125 0.068750 0.062500
2 0.181250 0.305469 0.062500 0.067187
25 0.262500 0.305469 0.065625 0.067187
30 0.336719 0.303125 0.060937 0.062500
30 0.416406 0.303125 0.060937 0.062500
20 0.094531 0.412500 0.064062 0.075000
34 0.169531 0.410938 0.067187 0.071875
28 0.255469 0.411719 0.070312 0.073438
13 0.333594 0.407031 0.064062 0.064062
3 0.410156 0.409375 0.060937 0.068750
20 0.489844 0.410938 0.064062 0.071875
0 0.091406 0.515625 0.057813 0.065625
36 0.168750 0.516406 0.071875 0.067187
19 0.250781 0.518750 0.060937 0.071875
31 0.321094 0.514062 0.064062 0.062500
19 0.405469 0.520312 0.064062 0.075000
