13 0.096094 0.096094 0.067187 0.067187
18 0.169531 0.094531 0.064062 0.064062
7 0.245312 0.093750 0.062500 0.062500
2 0.318750 0.096094 0.062500 0.067187
12 0.400781 0.094531 0.067187 0.064062
20 0.485156 0.098437 0.060937 0.071875
35 0.100000 0.202344 0.075000 0.064062
32 0.188281 0.203125 0.060937 0.065625
23 0.265625 0.201563 0.062500 0.062500
8 0.334375 0.201563 0.046875 0.062500
7 0.401562 0.201563 0.062500 0.062500
22 0.487500 0.203125 0.071875 0.065625
30 0.566406 0.201563 0.057813 0.062500
0 0.092969 0.312500 0.060937 0.065625
6 0.170313 0.310937 0.068750 0.062500
8 0.240625 0.310937 0.046875 0.062500
23 0.307812 0.310937 0.062500 0.062500
29 0.371875 0.314844 0.050000 0.070312
11 0.445312 0.312500 0.059375 0.065625
26 0.525781 0.312500 0.073438 0.065625
30 0.091406 0.418750 0.057813 0.062500
11 0.171875 0.421875 0.062500 0.068750
16 0.250781 0.419531 0.057813 0.064062
7 0.323437 0.418750 0.062500 0.062500
24 0.096875 0.528125 0.068750 0.062500
7 0.179688 0.529687 0.065625 0.065625
25 0.253125 0.530469 0.065625 0.067187
16 0.325781 0.528906 0.060937 0.064062
21 0.398438 0.528906 0.065625 0.064062
15 0.482031 0.534375 0.060937 0.075000
26 0.555469 0.529687 0.070312 0.065625
