1 0.098437 0.097656 0.071875 0.070312
20 0.183594 0.098437 0.064062 0.071875
19 0.258594 0.100000 0.064062 0.075000
11 0.332813 0.095312 0.062500 0.065625
34 0.403906 0.096875 0.064062 0.068750
25 0.485938 0.094531 0.062500 0.064062
33 0.093750 0.212500 0.062500 0.065625
19 0.171094 0.215625 0.060937 0.071875
14 0.246094 0.210938 0.060937 0.062500
0 0.322656 0.212500 0.057813 0.065625
8 0.393750 0.210938 0.046875 0.062500
5 0.471875 0.211719 0.068750 0.064062
4 0.551562 0.214062 0.062500 0.068750
32 0.092969 0.326562 0.060937 0.065625
18 0.164844 0.327344 0.067187 0.067187
32 0.244531 0.326562 0.060937 0.065625
3 0.324219 0.326562 0.057813 0.065625
31 0.400781 0.326562 0.067187 0.065625
18 0.477344 0.325781 0.064062 0.064062
4 0.092188 0.437500 0.059375 0.065625
12 0.171094 0.438281 0.070312 0.067187
23 0.253125 0.435937 0.062500 0.062500
11 0.323437 0.437500 0.059375 0.065625
33 0.396875 0.439063 0.065625 0.068750
4 0.468750 0.437500 0.059375 0.065625
2 0.537500 0.436719 0.062500 0.064062
9 0.092188 0.542969 0.059375 0.064062
32 0.169531 0.542188 0.057813 0.062500
33 0.242188 0.543750 0.062500 0.065625
2 0.318750 0.544531 0.062500 0.067187
34 0.391406 0.545312 0.067187 0.068750
20 0.094531 0.653125 0.064062 0.075000
20 0.177344 0.653125 0.064062 0.075000
21 0.256250 0.649219 0.068750 0.067187
5 0.342187 0.647656 0.068750 0.064062
13 0.424219 0.647656 0.064062 0.064062
34 0.496094 0.650000 0.064062 0.068750
8 0.562500 0.646875 0.046875 0.062500
