12 0.096094 0.094531 0.067187 0.064062
20 0.182031 0.100000 0.064062 0.075000
13 0.263281 0.096094 0.067187 0.067187
32 0.335156 0.093750 0.057813 0.062500
7 0.407813 0.093750 0.062500 0.062500
0 0.092969 0.206250 0.060937 0.068750
21 0.168750 0.203906 0.065625 0.064062
19 0.252344 0.209375 0.064062 0.075000
17 0.331250 0.205469 0.062500 0.067187
12 0.410156 0.203906 0.067187 0.064062
35 0.100000 0.316406 0.075000 0.064062
22 0.182812 0.317188 0.071875 0.065625
11 0.267188 0.317188 0.059375 0.065625
14 0.338281 0.315625 0.060937 0.062500
24 0.096875 0.423438 0.068750 0.065625
35 0.181250 0.424219 0.078125 0.067187
19 0.269531 0.428125 0.064062 0.075000
35 0.353125 0.424219 0.078125 0.067187
4 0.432812 0.425000 0.062500 0.068750
10 0.092969 0.537500 0.060937 0.068750
37 0.170313 0.534375 0.059375 0.062500
36 0.250000 0.536719 0.071875 0.067187
11 0.334375 0.537500 0.062500 0.068750
0 0.411719 0.535937 0.057813 0.065625
19 0.094531 0.645312 0.064062 0.075000
33 0.178125 0.640625 0.062500 0.065625
32 0.252344 0.639062 0.057813 0.062500
23 0.328125 0.639062 0.062500 0.062500
19 0.397656 0.643750 0.060937 0.071875
23 0.093750 0.754687 0.062500 0.062500
26 0.171094 0.756250 0.073438 0.065625
10 0.255469 0.759375 0.064062 0.071875
13 0.332031 0.757031 0.067187 0.067187
16 0.416406 0.755469 0.060937 0.064062
3 0.092969 0.867188 0.060937 0.068750
12 0.166406 0.866406 0.070312 0.067187
19 0.242969 0.868750 0.060937 0.071875
5 0.326562 0.864844 0.068750 0.064062
22 0.406250 0.865625 0.071875 0.065625
14 0.547656 0.093750 0.060937 0.062500
17 0.625000 0.096094 0.062500 0.067187
6 0.709375 0.093750 0.068750 0.062500
4 0.789062 0.096875 0.062500 0.068750
15 0.863281 0.101562 0.060937 0.078125
20 0.549219 0.221875 0.064062 0.075000
24 0.631250 0.215625 0.068750 0.062500
34 0.707031 0.220312 0.067187 0.071875
0 0.786719 0.217188 0.057813 0.065625
9 0.857812 0.217969 0.059375 0.067187
13 0.549219 0.328906 0.064062 0.064062
16 0.630469 0.330469 0.060937 0.067187
23 0.706250 0.329688 0.065625 0.065625
31 0.788281 0.328125 0.064062 0.062500
29 0.853125 0.332031 0.046875 0.070312
22 0.553125 0.437500 0.071875 0.065625
6 0.640625 0.437500 0.071875 0.065625
7 0.726562 0.435937 0.062500 0.062500
5 0.810937 0.436719 0.068750 0.064062
31 0.896094 0.435937 0.064062 0.062500
15 0.547656 0.545312 0.060937 0.078125
21 0.629687 0.539844 0.068750 0.067187
7 0.704688 0.537500 0.062500 0.062500
12 0.786719 0.538281 0.067187 0.064062
34 0.861719 0.540625 0.064062 0.068750
27 0.552344 0.658594 0.070312 0.067187
6 0.632812 0.656250 0.068750 0.062500
11 0.706250 0.657813 0.059375 0.065625
17 0.779687 0.657031 0.062500 0.064062
8 0.851562 0.656250 0.046875 0.062500
20 0.547656 0.760938 0.060937 0.071875
23 0.618750 0.757812 0.065625 0.065625
6 0.706250 0.756250 0.068750 0.062500
5 0.787500 0.758594 0.071875 0.067187
9 0.870313 0.757031 0.056250 0.064062
0 0.546094 0.868750 0.057813 0.065625
25 0.623437 0.867969 0.062500 0.064062
15 0.696094 0.873437 0.060937 0.075000
21 0.776563 0.867969 0.065625 0.064062
16 0.857031 0.867969 0.057813 0.064062
