21 0.095312 0.094531 0.065625 0.064062
35 0.179688 0.096094 0.078125 0.067187
1 0.267188 0.097656 0.071875 0.070312
29 0.340625 0.097656 0.046875 0.070312
17 0.093750 0.199219 0.062500 0.067187
21 0.173437 0.197656 0.065625 0.064062
4 0.257812 0.200000 0.062500 0.068750
4 0.331250 0.200000 0.062500 0.068750
30 0.410156 0.196875 0.057813 0.062500
8 0.087500 0.307812 0.050000 0.062500
4 0.151562 0.310937 0.062500 0.068750
30 0.219531 0.307812 0.057813 0.062500
7 0.290625 0.309375 0.065625 0.065625
14 0.371094 0.307812 0.060937 0.062500
20 0.092969 0.423438 0.060937 0.071875
4 0.167187 0.420312 0.059375 0.065625
10 0.246094 0.421875 0.060937 0.068750
29 0.320312 0.422656 0.046875 0.070312
14 0.394531 0.418750 0.060937 0.062500
10 0.094531 0.539062 0.064062 0.071875
11 0.165625 0.537500 0.062500 0.068750
22 0.243750 0.534375 0.068750 0.062500
29 0.314063 0.538281 0.046875 0.070312
20 0.378906 0.540625 0.064062 0.075000
37 0.093750 0.645312 0.062500 0.065625
34 0.166406 0.648438 0.067187 0.071875
32 0.236719 0.643750 0.057813 0.062500
28 0.311719 0.649219 0.070312 0.073438
20 0.092969 0.760938 0.060937 0.071875
8 0.164062 0.756250 0.050000 0.062500
5 0.240625 0.757031 0.068750 0.064062
26 0.322656 0.756250 0.070312 0.062500
6 0.409375 0.756250 0.068750 0.062500
23 0.095312 0.868750 0.065625 0.065625
0 0.166406 0.870313 0.060937 0.068750
14 0.244531 0.868750 0.064062 0.065625
13 0.328906 0.867969 0.064062 0.064062
24 0.415625 0.868750 0.071875 0.065625
19 0.547656 0.098437 0.060937 0.071875
15 0.619531 0.100000 0.057813 0.075000
8 0.690625 0.093750 0.046875 0.062500
7 0.760938 0.093750 0.062500 0.062500
33 0.831250 0.095312 0.062500 0.065625
31 0.549219 0.209375 0.064062 0.062500
12 0.625781 0.210156 0.067187 0.064062
31 0.705469 0.209375 0.064062 0.062500
22 0.782813 0.210938 0.071875 0.065625
16 0.547656 0.316406 0.060937 0.067187
25 0.625000 0.314844 0.062500 0.064062
7 0.706250 0.315625 0.065625 0.065625
22 0.793750 0.314063 0.068750 0.062500
7 0.550000 0.415625 0.065625 0.065625
37 0.626563 0.414062 0.062500 0.062500
1 0.707812 0.417969 0.071875 0.070312
11 0.795312 0.417187 0.062500 0.068750
18 0.878906 0.414844 0.064062 0.064062
13 0.550781 0.528906 0.067187 0.067187
14 0.635156 0.526563 0.060937 0.062500
18 0.719531 0.528906 0.067187 0.067187
21 0.795312 0.527344 0.065625 0.064062
1 0.876563 0.528906 0.068750 0.067187
35 0.554688 0.633594 0.075000 0.064062
8 0.632812 0.632812 0.050000 0.062500
37 0.700000 0.634375 0.062500 0.065625
10 0.782031 0.637500 0.064062 0.071875
16 0.853906 0.633594 0.057813 0.064062
