13 0.094531 0.094531 0.064062 0.064062
34 0.177344 0.096875 0.064062 0.068750
17 0.253125 0.094531 0.059375 0.064062
18 0.324219 0.096094 0.067187 0.067187
35 0.407813 0.096094 0.078125 0.067187
8 0.087500 0.206250 0.050000 0.062500
18 0.161719 0.208594 0.067187 0.067187
6 0.248438 0.206250 0.068750 0.062500
7 0.335938 0.207813 0.065625 0.065625
9 0.407813 0.207031 0.059375 0.064062
19 0.094531 0.312500 0.064062 0.075000
33 0.170313 0.309375 0.065625 0.068750
26 0.249219 0.306250 0.070312 0.062500
2 0.329688 0.308594 0.062500 0.067187
17 0.093750 0.419531 0.062500 0.067187
13 0.164844 0.417969 0.064062 0.064062
15 0.244531 0.423438 0.060937 0.075000
33 0.318750 0.420312 0.065625 0.068750
16 0.092969 0.535156 0.060937 0.067187
30 0.172656 0.532813 0.057813 0.062500
31 0.247656 0.534375 0.067187 0.065625
1 0.326562 0.536719 0.071875 0.070312
32 0.403906 0.532813 0.057813 0.062500
6 0.098437 0.639062 0.071875 0.065625
14 0.183594 0.637500 0.060937 0.062500
3 0.257031 0.640625 0.060937 0.068750
33 0.328125 0.639062 0.062500 0.065625
37 0.398438 0.639062 0.062500 0.065625
3 0.091406 0.742188 0.057813 0.065625
22 0.164062 0.742188 0.071875 0.065625
36 0.253125 0.742969 0.071875 0.067187
2 0.339062 0.742969 0.062500 0.067187
14 0.419531 0.742188 0.064062 0.065625
3 0.546094 0.095312 0.057813 0.065625
15 0.622656 0.101562 0.060937 0.078125
18 0.702344 0.094531 0.064062 0.064062
0 0.778906 0.095312 0.057813 0.065625
14 0.849219 0.093750 0.060937 0.062500
1 0.551562 0.214844 0.068750 0.067187
4 0.623437 0.214062 0.059375 0.065625
24 0.698438 0.214062 0.071875 0.065625
34 0.785156 0.215625 0.064062 0.068750
14 0.864844 0.212500 0.060937 0.062500
2 0.546875 0.322656 0.059375 0.064062
29 0.612500 0.325781 0.046875 0.070312
25 0.678125 0.322656 0.062500 0.064062
26 0.758594 0.323437 0.073438 0.065625
22 0.851562 0.323437 0.071875 0.065625
21 0.551562 0.435156 0.068750 0.067187
10 0.630469 0.435937 0.060937 0.068750
18 0.714844 0.435156 0.067187 0.067187
16 0.786719 0.433594 0.057813 0.064062
16 0.863281 0.433594 0.057813 0.064062
19 0.547656 0.543750 0.060937 0.071875
8 0.618750 0.539062 0.046875 0.062500
20 0.688281 0.543750 0.060937 0.071875
16 0.757031 0.541406 0.060937 0.067187
17 0.832812 0.539844 0.062500 0.064062
28 0.552344 0.655469 0.070312 0.073438
2 0.631250 0.650781 0.059375 0.064062
22 0.707812 0.650000 0.068750 0.062500
7 0.784375 0.650000 0.062500 0.062500
1 0.551562 0.760156 0.068750 0.067187
36 0.634375 0.758594 0.068750 0.064062
3 0.707031 0.759375 0.057813 0.065625
1 0.790625 0.760156 0.068750 0.067187
26 0.874219 0.757812 0.070312 0.062500
15 0.547656 0.870313 0.060937 0.075000
20 0.617969 0.868750 0.060937 0.071875
21 0.695312 0.864844 0.065625 0.064062
18 0.777344 0.864844 0.064062 0.064062
31 0.852344 0.864062 0.064062 0.062500
