30 0.091406 0.093750 0.057813 0.062500
25 0.160938 0.094531 0.062500 0.064062
9 0.240625 0.094531 0.056250 0.064062
26 0.314844 0.093750 0.070312 0.062500
31 0.402344 0.093750 0.064062 0.062500
4 0.478125 0.096875 0.062500 0.068750
30 0.549219 0.093750 0.057813 0.062500
25 0.093750 0.197656 0.062500 0.064062
19 0.174219 0.201563 0.060937 0.071875
5 0.251563 0.197656 0.068750 0.064062
27 0.338281 0.199219 0.070312 0.067187
7 0.415625 0.198437 0.065625 0.065625
29 0.485938 0.200781 0.046875 0.070312
2 0.092188 0.308594 0.059375 0.064062
36 0.175000 0.308594 0.068750 0.064062
35 0.260937 0.308594 0.075000 0.064062
1 0.346875 0.311719 0.071875 0.070312
13 0.428906 0.308594 0.064062 0.064062
20 0.503906 0.312500 0.060937 0.071875
5 0.098437 0.414844 0.071875 0.067187
18 0.180469 0.414844 0.067187 0.067187
5 0.268750 0.413281 0.068750 0.064062
11 0.345313 0.414062 0.059375 0.065625
30 0.413281 0.414062 0.060937 0.065625
15 0.486719 0.418750 0.057813 0.075000
3 0.561719 0.414062 0.060937 0.065625
11 0.093750 0.528125 0.062500 0.068750
12 0.178906 0.527344 0.070312 0.067187
24 0.265625 0.525000 0.068750 0.062500
6 0.353125 0.525000 0.068750 0.062500
26 0.444531 0.526563 0.073438 0.065625
14 0.092969 0.626563 0.060937 0.062500
24 0.171875 0.628125 0.071875 0.065625
26 0.258594 0.628125 0.073438 0.065625
32 0.335156 0.626563 0.057813 0.062500
23 0.417187 0.628125 0.065625 0.065625
3 0.494531 0.628125 0.060937 0.065625
26 0.097656 0.732812 0.070312 0.062500
33 0.182812 0.734375 0.062500 0.065625
5 0.265625 0.735156 0.068750 0.067187
4 0.351562 0.735938 0.062500 0.068750
15 0.091406 0.850000 0.057813 0.075000
14 0.169531 0.845313 0.064062 0.065625
1 0.253125 0.846094 0.068750 0.067187
5 0.332813 0.844531 0.068750 0.064062
22 0.410938 0.845313 0.071875 0.065625
