29 0.085938 0.097656 0.046875 0.070312
5 0.157812 0.094531 0.068750 0.064062
29 0.228125 0.099219 0.050000 0.073438
32 0.299219 0.093750 0.057813 0.062500
14 0.092969 0.204687 0.060937 0.062500
14 0.172656 0.204687 0.060937 0.062500
34 0.246094 0.207813 0.064062 0.068750
3 0.321094 0.206250 0.057813 0.065625
22 0.396875 0.204687 0.068750 0.062500
19 0.092969 0.320312 0.060937 0.071875
13 0.171094 0.316406 0.064062 0.064062
28 0.252344 0.322656 0.073438 0.076563
20 0.336719 0.320312 0.060937 0.071875
36 0.415625 0.316406 0.068750 0.064062
28 0.099219 0.433594 0.073438 0.073438
8 0.168750 0.428125 0.046875 0.062500
35 0.248438 0.430469 0.078125 0.067187
2 0.331250 0.428906 0.059375 0.064062
28 0.097656 0.541406 0.070312 0.073438
36 0.182812 0.538281 0.071875 0.067187
32 0.263281 0.535937 0.057813 0.062500
10 0.342969 0.540625 0.064062 0.071875
19 0.414844 0.542188 0.064062 0.075000
12 0.550781 0.094531 0.067187 0.064062
32 0.632031 0.093750 0.057813 0.062500
4 0.710938 0.095312 0.062500 0.065625
7 0.795312 0.095312 0.065625 0.065625
15 0.871094 0.100000 0.060937 0.075000
27 0.552344 0.213281 0.070312 0.067187
27 0.639844 0.214844 0.073438 0.070312
20 0.727344 0.215625 0.060937 0.071875
7 0.803125 0.210938 0.062500 0.062500
14 0.874219 0.210938 0.060937 0.062500
29 0.540625 0.325781 0.046875 0.070312
12 0.607031 0.322656 0.067187 0.064062
6 0.695312 0.321875 0.068750 0.062500
24 0.784375 0.321875 0.068750 0.062500
11 0.862500 0.325000 0.062500 0.068750
27 0.552344 0.430469 0.070312 0.070312
34 0.630469 0.429688 0.067187 0.068750
29 0.704688 0.432031 0.050000 0.073438
8 0.768750 0.426563 0.050000 0.062500
32 0.838281 0.426563 0.057813 0.062500
22 0.551562 0.537500 0.068750 0.062500
36 0.635938 0.538281 0.068750 0.064062
33 0.715625 0.539062 0.062500 0.065625
12 0.799219 0.539844 0.070312 0.067187
10 0.882031 0.540625 0.060937 0.068750
28 0.553906 0.657031 0.073438 0.076563
27 0.639844 0.652344 0.070312 0.067187
23 0.721875 0.651563 0.065625 0.065625
35 0.807813 0.652344 0.078125 0.067187
9 0.895312 0.652344 0.059375 0.067187
