27 0.097656 0.096094 0.070312 0.067187
27 0.185156 0.097656 0.073438 0.070312
22 0.273438 0.093750 0.068750 0.062500
26 0.357031 0.093750 0.070312 0.062500
5 0.435937 0.096094 0.071875 0.067187
7 0.093750 0.207813 0.062500 0.062500
21 0.167187 0.208594 0.065625 0.064062
37 0.242188 0.207813 0.059375 0.062500
22 0.317188 0.207813 0.068750 0.062500
8 0.085938 0.314063 0.046875 0.062500
10 0.152344 0.317188 0.060937 0.068750
26 0.235156 0.314063 0.070312 0.062500
28 0.317969 0.319531 0.070312 0.073438
0 0.396094 0.315625 0.057813 0.065625
33 0.095312 0.421875 0.065625 0.065625
7 0.176563 0.421875 0.065625 0.065625
28 0.258594 0.427344 0.073438 0.076563
0 0.339844 0.423438 0.060937 0.068750
3 0.091406 0.532813 0.057813 0.065625
11 0.162500 0.532813 0.062500 0.065625
8 0.239063 0.532813 0.050000 0.065625
34 0.313281 0.534375 0.064062 0.068750
34 0.392969 0.535937 0.067187 0.071875
9 0.090625 0.638281 0.056250 0.064062
26 0.169531 0.637500 0.070312 0.062500
32 0.244531 0.639062 0.060937 0.065625
16 0.319531 0.638281 0.057813 0.064062
14 0.394531 0.637500 0.060937 0.062500
28 0.553906 0.100781 0.073438 0.076563
6 0.642188 0.093750 0.068750 0.062500
37 0.726562 0.095312 0.062500 0.065625
2 0.809375 0.096094 0.062500 0.067187
30 0.546094 0.209375 0.057813 0.062500
34 0.619531 0.212500 0.064062 0.068750
8 0.684375 0.209375 0.050000 0.062500
21 0.753125 0.211719 0.068750 0.067187
36 0.839063 0.211719 0.071875 0.067187
11 0.546875 0.315625 0.059375 0.065625
33 0.626563 0.317188 0.065625 0.068750
12 0.705469 0.314844 0.067187 0.064062
30 0.778906 0.314063 0.057813 0.062500
19 0.853906 0.318750 0.060937 0.071875
11 0.548438 0.429688 0.062500 0.065625
17 0.617188 0.428906 0.059375 0.064062
4 0.685937 0.431250 0.062500 0.068750
21 0.764062 0.430469 0.068750 0.067187
30 0.841406 0.428125 0.060937 0.062500
26 0.552344 0.531250 0.070312 0.062500
16 0.628906 0.533594 0.060937 0.067187
18 0.705469 0.532031 0.064062 0.064062
15 0.785156 0.537500 0.060937 0.075000
22 0.860938 0.531250 0.068750 0.062500
8 0.542188 0.646875 0.050000 0.062500
29 0.600000 0.650781 0.050000 0.070312
19 0.667969 0.651563 0.060937 0.071875
15 0.736719 0.653125 0.057813 0.075000
19 0.814844 0.651563 0.060937 0.071875
5 0.893750 0.649219 0.068750 0.067187
9 0.546875 0.761719 0.059375 0.067187
5 0.623437 0.760156 0.068750 0.064062
27 0.703906 0.761719 0.070312 0.067187
0 0.780469 0.760938 0.060937 0.065625
17 0.856250 0.761719 0.062500 0.067187
18 0.550781 0.872656 0.067187 0.067187
19 0.622656 0.875000 0.060937 0.071875
17 0.704688 0.872656 0.062500 0.067187
11 0.775000 0.871875 0.059375 0.065625
17 0.848437 0.871094 0.059375 0.064062
