13 0.094531 0.094531 0.064062 0.064062
30 0.169531 0.095312 0.060937 0.065625
6 0.246875 0.095312 0.068750 0.065625
21 0.328125 0.096094 0.068750 0.067187
32 0.408594 0.093750 0.060937 0.062500
0 0.091406 0.203125 0.057813 0.065625
11 0.167187 0.203125 0.059375 0.065625
28 0.242969 0.207031 0.070312 0.073438
12 0.330469 0.202344 0.067187 0.064062
35 0.418750 0.202344 0.075000 0.064062
33 0.095312 0.310937 0.065625 0.068750
3 0.171094 0.309375 0.057813 0.065625
9 0.243750 0.308594 0.056250 0.064062
18 0.314844 0.308594 0.064062 0.064062
4 0.385937 0.309375 0.059375 0.065625
10 0.094531 0.425000 0.064062 0.071875
14 0.169531 0.420312 0.060937 0.062500
15 0.241406 0.428125 0.060937 0.078125
8 0.317188 0.420312 0.050000 0.062500
26 0.396094 0.420312 0.070312 0.062500
18 0.094531 0.533594 0.064062 0.064062
29 0.170313 0.536719 0.046875 0.070312
6 0.239063 0.534375 0.071875 0.065625
17 0.326562 0.535156 0.062500 0.067187
33 0.398438 0.535937 0.065625 0.068750
5 0.098437 0.638281 0.071875 0.067187
17 0.176563 0.636719 0.059375 0.064062
35 0.253125 0.638281 0.078125 0.067187
24 0.346875 0.637500 0.071875 0.065625
13 0.424219 0.638281 0.067187 0.067187
23 0.548438 0.093750 0.062500 0.062500
29 0.621875 0.097656 0.050000 0.070312
4 0.687500 0.095312 0.059375 0.065625
12 0.760156 0.094531 0.067187 0.064062
0 0.839844 0.096875 0.060937 0.068750
27 0.552344 0.202344 0.070312 0.067187
1 0.642188 0.203906 0.071875 0.070312
6 0.728125 0.200000 0.068750 0.062500
17 0.809375 0.200781 0.059375 0.064062
30 0.880469 0.200000 0.057813 0.062500
4 0.548438 0.309375 0.062500 0.068750
27 0.632031 0.308594 0.070312 0.067187
35 0.712500 0.307031 0.075000 0.064062
37 0.798438 0.307812 0.062500 0.065625
33 0.550000 0.418750 0.065625 0.065625
18 0.630469 0.417969 0.064062 0.064062
26 0.707031 0.417187 0.070312 0.062500
28 0.794531 0.422656 0.073438 0.073438
2 0.546875 0.530469 0.059375 0.064062
29 0.612500 0.533594 0.046875 0.070312
19 0.686719 0.534375 0.060937 0.071875
32 0.761719 0.529687 0.057813 0.062500
2 0.835938 0.530469 0.059375 0.064062
7 0.548438 0.634375 0.062500 0.062500
6 0.621875 0.634375 0.068750 0.062500
25 0.701562 0.636719 0.065625 0.067187
36 0.781250 0.635156 0.068750 0.064062
33 0.550000 0.746875 0.065625 0.065625
9 0.632812 0.747656 0.059375 0.067187
28 0.713281 0.750781 0.070312 0.073438
12 0.799219 0.747656 0.070312 0.067187
35 0.882812 0.746094 0.075000 0.064062
