5 0.096875 0.094531 0.068750 0.064062
26 0.186719 0.095312 0.073438 0.065625
37 0.275000 0.095312 0.062500 0.065625
36 0.356250 0.094531 0.068750 0.064062
24 0.443750 0.095312 0.071875 0.065625
32 0.092969 0.193750 0.060937 0.065625
28 0.171094 0.197656 0.070312 0.073438
4 0.246875 0.195312 0.062500 0.068750
2 0.318750 0.194531 0.062500 0.067187
24 0.398438 0.193750 0.071875 0.065625
15 0.483594 0.198437 0.057813 0.075000
19 0.557031 0.196875 0.060937 0.071875
11 0.092188 0.309375 0.059375 0.065625
4 0.160938 0.309375 0.059375 0.065625
16 0.233594 0.310156 0.060937 0.067187
32 0.311719 0.309375 0.060937 0.065625
3 0.388281 0.309375 0.057813 0.065625
29 0.453125 0.311719 0.046875 0.070312
14 0.525781 0.307812 0.060937 0.062500
31 0.094531 0.414062 0.064062 0.062500
18 0.167969 0.414844 0.064062 0.064062
15 0.242969 0.421875 0.060937 0.078125
24 0.328125 0.414062 0.068750 0.062500
34 0.411719 0.417187 0.064062 0.068750
37 0.485938 0.415625 0.062500 0.065625
7 0.559375 0.414062 0.062500 0.062500
23 0.095312 0.528125 0.065625 0.065625
31 0.171094 0.526563 0.064062 0.062500
27 0.247656 0.528906 0.070312 0.067187
9 0.321875 0.528906 0.059375 0.067187
34 0.402344 0.529687 0.064062 0.068750
12 0.480469 0.528906 0.070312 0.067187
1 0.559375 0.530469 0.071875 0.070312
26 0.097656 0.632812 0.070312 0.062500
8 0.170313 0.632812 0.050000 0.062500
8 0.239063 0.634375 0.050000 0.065625
5 0.307812 0.635156 0.071875 0.067187
