0 0.091406 0.095312 0.057813 0.065625
15 0.160156 0.100000 0.057813 0.075000
15 0.233594 0.100000 0.057813 0.075000
26 0.305469 0.093750 0.070312 0.062500
7 0.093750 0.207813 0.062500 0.062500
1 0.179688 0.211719 0.071875 0.070312
9 0.254688 0.208594 0.056250 0.064062
2 0.334375 0.210156 0.062500 0.067187
31 0.416406 0.207813 0.064062 0.062500
11 0.498437 0.209375 0.059375 0.065625
4 0.568750 0.209375 0.059375 0.065625
5 0.096875 0.322656 0.068750 0.064062
10 0.174219 0.326562 0.064062 0.071875
27 0.261719 0.324219 0.070312 0.067187
28 0.344531 0.327344 0.070312 0.073438
30 0.428906 0.321875 0.060937 0.062500
16 0.510156 0.324219 0.060937 0.067187
0 0.092969 0.442188 0.060937 0.068750
7 0.170313 0.439063 0.062500 0.062500
35 0.251563 0.441406 0.078125 0.067187
20 0.336719 0.445312 0.064062 0.075000
9 0.415625 0.439844 0.056250 0.064062
16 0.491406 0.439844 0.060937 0.064062
17 0.567187 0.441406 0.062500 0.067187
8 0.085938 0.546875 0.046875 0.062500
22 0.151562 0.546875 0.068750 0.062500
35 0.231250 0.547656 0.075000 0.064062
21 0.318750 0.547656 0.065625 0.064062
2 0.401562 0.547656 0.059375 0.064062
20 0.469531 0.551562 0.060937 0.071875
5 0.098437 0.655469 0.071875 0.067187
2 0.173437 0.655469 0.062500 0.067187
35 0.254688 0.655469 0.078125 0.067187
18 0.333594 0.653906 0.064062 0.064062
3 0.411719 0.656250 0.060937 0.068750
