23 0.095312 0.095312 0.065625 0.065625
15 0.177344 0.101562 0.060937 0.078125
31 0.253906 0.093750 0.064062 0.062500
34 0.338281 0.098437 0.067187 0.071875
36 0.426563 0.094531 0.068750 0.064062
13 0.096094 0.213281 0.067187 0.067187
13 0.182031 0.213281 0.067187 0.067187
16 0.257031 0.211719 0.057813 0.064062
5 0.342187 0.213281 0.071875 0.067187
29 0.409375 0.214844 0.046875 0.070312
10 0.480469 0.215625 0.064062 0.071875
25 0.093750 0.324219 0.062500 0.064062
10 0.164844 0.326562 0.064062 0.068750
6 0.240625 0.323437 0.068750 0.062500
3 0.322656 0.325000 0.057813 0.065625
26 0.400781 0.323437 0.070312 0.062500
9 0.484375 0.325781 0.059375 0.067187
22 0.557813 0.325000 0.071875 0.065625
26 0.099219 0.431250 0.073438 0.065625
35 0.195312 0.432031 0.078125 0.067187
33 0.275000 0.432812 0.065625 0.068750
6 0.354687 0.429688 0.068750 0.062500
17 0.434375 0.432031 0.062500 0.067187
7 0.506250 0.431250 0.065625 0.065625
11 0.093750 0.534375 0.062500 0.068750
9 0.164062 0.532031 0.056250 0.064062
17 0.229687 0.532031 0.059375 0.064062
15 0.299219 0.539062 0.060937 0.078125
6 0.379688 0.532813 0.071875 0.065625
6 0.098437 0.646875 0.071875 0.065625
15 0.183594 0.653125 0.060937 0.078125
7 0.254688 0.646875 0.065625 0.065625
33 0.332813 0.648438 0.065625 0.068750
33 0.409375 0.646875 0.062500 0.065625
4 0.092188 0.759375 0.059375 0.065625
5 0.173437 0.758594 0.068750 0.064062
28 0.260156 0.763281 0.073438 0.073438
31 0.350781 0.759375 0.067187 0.065625
0 0.435156 0.760938 0.060937 0.068750
