36 0.096875 0.094531 0.068750 0.064062
34 0.175781 0.096875 0.064062 0.068750
15 0.252344 0.100000 0.057813 0.075000
24 0.332813 0.095312 0.071875 0.065625
8 0.404687 0.093750 0.050000 0.062500
23 0.095312 0.207813 0.065625 0.065625
22 0.176563 0.207813 0.068750 0.065625
12 0.264844 0.208594 0.070312 0.067187
0 0.342969 0.207813 0.057813 0.065625
18 0.417969 0.207031 0.064062 0.064062
11 0.092188 0.309375 0.059375 0.065625
29 0.154688 0.311719 0.046875 0.070312
21 0.231250 0.308594 0.065625 0.064062
7 0.315625 0.307812 0.062500 0.062500
22 0.098437 0.418750 0.071875 0.065625
36 0.189062 0.417969 0.068750 0.064062
14 0.274219 0.417187 0.060937 0.062500
1 0.356250 0.419531 0.068750 0.067187
14 0.439844 0.418750 0.064062 0.065625
34 0.094531 0.521875 0.064062 0.068750
37 0.168750 0.518750 0.059375 0.062500
18 0.244531 0.519531 0.064062 0.064062
3 0.325781 0.521875 0.060937 0.068750
15 0.397656 0.526563 0.060937 0.078125
18 0.549219 0.094531 0.064062 0.064062
34 0.630469 0.098437 0.067187 0.071875
19 0.705469 0.098437 0.060937 0.071875
2 0.776563 0.094531 0.059375 0.064062
0 0.855469 0.096875 0.060937 0.068750
7 0.548438 0.200000 0.062500 0.062500
34 0.632031 0.203125 0.064062 0.068750
33 0.712500 0.201563 0.062500 0.065625
3 0.785156 0.201563 0.057813 0.065625
4 0.864062 0.201563 0.059375 0.065625
34 0.549219 0.309375 0.064062 0.068750
35 0.640625 0.308594 0.078125 0.067187
34 0.722656 0.309375 0.064062 0.068750
13 0.807031 0.307031 0.064062 0.064062
34 0.885156 0.310937 0.067187 0.071875
16 0.547656 0.413281 0.060937 0.067187
15 0.616406 0.418750 0.060937 0.078125
20 0.691406 0.415625 0.060937 0.071875
5 0.767188 0.411719 0.068750 0.064062
21 0.850000 0.413281 0.068750 0.067187
12 0.550781 0.532031 0.067187 0.064062
11 0.628125 0.534375 0.062500 0.068750
15 0.705469 0.539062 0.060937 0.078125
9 0.773438 0.532031 0.056250 0.064062
30 0.546094 0.650000 0.057813 0.062500
37 0.625000 0.651563 0.062500 0.065625
31 0.703906 0.650000 0.064062 0.062500
31 0.788281 0.650000 0.064062 0.062500
