35 0.100000 0.094531 0.075000 0.064062
33 0.184375 0.095312 0.062500 0.065625
9 0.264062 0.094531 0.056250 0.064062
21 0.334375 0.094531 0.065625 0.064062
7 0.409375 0.093750 0.062500 0.062500
30 0.091406 0.193750 0.057813 0.062500
25 0.171875 0.194531 0.062500 0.064062
0 0.247656 0.195312 0.057813 0.065625
16 0.324219 0.194531 0.057813 0.064062
6 0.396875 0.195312 0.071875 0.065625
0 0.092969 0.304688 0.060937 0.065625
7 0.171875 0.303125 0.062500 0.062500
36 0.253125 0.303906 0.068750 0.064062
7 0.331250 0.304688 0.065625 0.065625
32 0.403906 0.303125 0.057813 0.062500
9 0.090625 0.410156 0.056250 0.064062
36 0.167187 0.410156 0.068750 0.064062
12 0.247656 0.410156 0.067187 0.064062
27 0.324219 0.411719 0.070312 0.067187
12 0.096094 0.510156 0.067187 0.064062
12 0.177344 0.510156 0.067187 0.064062
30 0.257031 0.510938 0.060937 0.065625
21 0.339062 0.510156 0.065625 0.064062
2 0.093750 0.619531 0.062500 0.064062
31 0.171094 0.618750 0.064062 0.062500
0 0.242969 0.620313 0.057813 0.065625
36 0.328125 0.621094 0.071875 0.067187
5 0.415625 0.619531 0.068750 0.064062
5 0.551562 0.094531 0.068750 0.064062
16 0.627344 0.094531 0.057813 0.064062
36 0.710938 0.094531 0.068750 0.064062
16 0.791406 0.096094 0.060937 0.067187
22 0.870313 0.093750 0.068750 0.062500
33 0.550000 0.204687 0.065625 0.068750
32 0.621094 0.201563 0.057813 0.062500
7 0.700000 0.201563 0.062500 0.062500
33 0.773438 0.203125 0.062500 0.065625
3 0.546094 0.310937 0.057813 0.065625
6 0.618750 0.310937 0.071875 0.065625
20 0.703906 0.314063 0.060937 0.071875
21 0.785937 0.310156 0.065625 0.064062
3 0.866406 0.312500 0.060937 0.068750
11 0.546875 0.415625 0.059375 0.065625
37 0.617188 0.414062 0.059375 0.062500
13 0.686719 0.414844 0.064062 0.064062
23 0.767188 0.415625 0.065625 0.065625
22 0.848437 0.415625 0.071875 0.065625
7 0.548438 0.514062 0.062500 0.062500
19 0.621094 0.520312 0.064062 0.075000
29 0.695312 0.517969 0.050000 0.070312
25 0.760938 0.514844 0.062500 0.064062
21 0.834375 0.516406 0.068750 0.067187
1 0.553125 0.633594 0.071875 0.070312
37 0.639062 0.631250 0.062500 0.065625
14 0.714844 0.629687 0.060937 0.062500
8 0.778125 0.629687 0.046875 0.062500
31 0.549219 0.734375 0.064062 0.062500
3 0.621094 0.737500 0.060937 0.068750
23 0.690625 0.734375 0.062500 0.062500
14 0.764844 0.735938 0.064062 0.065625
26 0.552344 0.837500 0.070312 0.062500
6 0.632812 0.839063 0.071875 0.065625
15 0.711719 0.843750 0.057813 0.075000
17 0.779687 0.839844 0.062500 0.067187
