12 0.096094 0.094531 0.067187 0.064062
22 0.181250 0.095312 0.071875 0.065625
4 0.267188 0.095312 0.062500 0.065625
2 0.345313 0.094531 0.059375 0.064062
37 0.415625 0.093750 0.059375 0.062500
12 0.097656 0.194531 0.070312 0.067187
37 0.178125 0.193750 0.062500 0.065625
13 0.255469 0.194531 0.067187 0.067187
13 0.333594 0.194531 0.067187 0.067187
29 0.406250 0.196094 0.046875 0.070312
16 0.091406 0.296094 0.057813 0.064062
7 0.164062 0.296875 0.065625 0.065625
1 0.251563 0.297656 0.068750 0.067187
14 0.335156 0.295312 0.060937 0.062500
22 0.098437 0.396875 0.071875 0.065625
0 0.178906 0.396875 0.057813 0.065625
8 0.239063 0.395313 0.046875 0.062500
11 0.306250 0.396875 0.059375 0.065625
27 0.378906 0.397656 0.070312 0.067187
34 0.094531 0.501563 0.064062 0.068750
35 0.178125 0.500781 0.078125 0.067187
10 0.260156 0.501563 0.060937 0.068750
24 0.345313 0.498437 0.068750 0.062500
33 0.095312 0.607812 0.065625 0.068750
21 0.171875 0.607031 0.068750 0.067187
12 0.255469 0.605469 0.067187 0.064062
25 0.334375 0.605469 0.062500 0.064062
26 0.097656 0.706250 0.070312 0.062500
17 0.170313 0.707031 0.059375 0.064062
7 0.243750 0.707812 0.065625 0.065625
26 0.328906 0.706250 0.070312 0.062500
30 0.411719 0.706250 0.057813 0.062500
36 0.551562 0.094531 0.068750 0.064062
37 0.626563 0.093750 0.059375 0.062500
15 0.702344 0.100000 0.057813 0.075000
10 0.783594 0.098437 0.064062 0.071875
0 0.855469 0.095312 0.060937 0.065625
11 0.546875 0.214062 0.059375 0.065625
36 0.631250 0.214844 0.071875 0.067187
35 0.725000 0.213281 0.075000 0.064062
16 0.811719 0.213281 0.057813 0.064062
15 0.547656 0.331250 0.060937 0.078125
5 0.632812 0.324219 0.068750 0.064062
15 0.707031 0.329688 0.057813 0.075000
22 0.778125 0.323437 0.068750 0.062500
5 0.856250 0.324219 0.068750 0.064062
34 0.550781 0.443750 0.067187 0.071875
34 0.624219 0.442188 0.064062 0.068750
26 0.705469 0.440625 0.073438 0.065625
37 0.785937 0.440625 0.062500 0.065625
14 0.857031 0.439063 0.060937 0.062500
6 0.551562 0.548438 0.068750 0.062500
19 0.628906 0.553125 0.060937 0.071875
4 0.707812 0.551562 0.062500 0.068750
9 0.785937 0.549219 0.056250 0.064062
20 0.852344 0.553125 0.060937 0.071875
37 0.548438 0.662500 0.062500 0.065625
29 0.621875 0.666406 0.050000 0.073438
5 0.693750 0.661719 0.068750 0.064062
33 0.776563 0.662500 0.062500 0.065625
28 0.857031 0.666406 0.070312 0.073438
32 0.546094 0.775000 0.057813 0.062500
30 0.624219 0.775000 0.057813 0.062500
14 0.691406 0.775000 0.060937 0.062500
4 0.765625 0.776563 0.059375 0.065625
24 0.846875 0.775000 0.068750 0.062500
7 0.550000 0.881250 0.065625 0.065625
9 0.629687 0.882031 0.059375 0.067187
6 0.712500 0.881250 0.071875 0.065625
30 0.792969 0.879687 0.060937 0.062500
13 0.871094 0.880469 0.064062 0.064062
