4 0.092188 0.095312 0.059375 0.065625
19 0.171094 0.098437 0.060937 0.071875
17 0.242188 0.096094 0.062500 0.067187
11 0.318750 0.096875 0.062500 0.068750
24 0.396875 0.093750 0.068750 0.062500
25 0.095312 0.202344 0.065625 0.067187
10 0.169531 0.203125 0.060937 0.068750
4 0.245312 0.201563 0.059375 0.065625
31 0.316406 0.200000 0.064062 0.062500
23 0.400000 0.200000 0.062500 0.062500
17 0.475000 0.202344 0.062500 0.067187
25 0.554688 0.200781 0.062500 0.064062
17 0.092188 0.310156 0.059375 0.064062
19 0.160156 0.314063 0.060937 0.071875
14 0.230469 0.309375 0.060937 0.062500
10 0.299219 0.312500 0.060937 0.068750
3 0.378906 0.310937 0.060937 0.065625
13 0.460156 0.311719 0.067187 0.067187
4 0.542188 0.310937 0.062500 0.065625
36 0.096875 0.422656 0.068750 0.064062
18 0.172656 0.422656 0.064062 0.064062
8 0.240625 0.421875 0.046875 0.062500
17 0.310937 0.424219 0.062500 0.067187
2 0.389062 0.422656 0.059375 0.064062
32 0.091406 0.525000 0.057813 0.062500
4 0.171875 0.528125 0.062500 0.068750
25 0.251563 0.525781 0.062500 0.064062
0 0.322656 0.526563 0.057813 0.065625
18 0.392969 0.527344 0.067187 0.067187
17 0.471875 0.525781 0.059375 0.064062
21 0.554688 0.525781 0.065625 0.064062
4 0.093750 0.629687 0.062500 0.068750
18 0.172656 0.628906 0.067187 0.067187
22 0.251563 0.626563 0.068750 0.062500
36 0.339062 0.627344 0.068750 0.064062
37 0.421875 0.628125 0.062500 0.065625
