33 0.093750 0.095312 0.062500 0.065625
13 0.166406 0.094531 0.064062 0.064062
10 0.250781 0.098437 0.064062 0.071875
12 0.330469 0.094531 0.067187 0.064062
34 0.416406 0.098437 0.067187 0.071875
29 0.085938 0.208594 0.046875 0.070312
9 0.151562 0.205469 0.059375 0.064062
32 0.227344 0.204687 0.057813 0.062500
17 0.295312 0.207031 0.062500 0.067187
14 0.092969 0.315625 0.060937 0.062500
17 0.164062 0.316406 0.062500 0.064062
10 0.247656 0.318750 0.064062 0.068750
5 0.328125 0.316406 0.068750 0.064062
35 0.415625 0.317969 0.078125 0.067187
6 0.096875 0.425000 0.068750 0.062500
29 0.171875 0.428906 0.046875 0.070312
17 0.235937 0.427344 0.062500 0.067187
16 0.311719 0.425781 0.057813 0.064062
14 0.386719 0.425000 0.060937 0.062500
30 0.091406 0.537500 0.057813 0.062500
31 0.169531 0.537500 0.064062 0.062500
11 0.242188 0.539062 0.059375 0.065625
13 0.324219 0.539844 0.067187 0.067187
17 0.093750 0.639844 0.062500 0.067187
6 0.181250 0.639062 0.071875 0.065625
33 0.265625 0.639062 0.062500 0.065625
32 0.344531 0.637500 0.057813 0.062500
19 0.411719 0.642188 0.060937 0.071875
29 0.540625 0.097656 0.046875 0.070312
13 0.613281 0.094531 0.064062 0.064062
6 0.690625 0.093750 0.068750 0.062500
16 0.767969 0.094531 0.060937 0.064062
16 0.547656 0.199219 0.060937 0.067187
35 0.632812 0.197656 0.075000 0.064062
35 0.721875 0.199219 0.078125 0.067187
2 0.803125 0.199219 0.062500 0.067187
10 0.877344 0.201563 0.064062 0.071875
19 0.547656 0.310937 0.060937 0.071875
32 0.627344 0.307812 0.060937 0.065625
25 0.698438 0.307031 0.062500 0.064062
21 0.782813 0.307031 0.065625 0.064062
31 0.866406 0.307812 0.067187 0.065625
4 0.546875 0.414062 0.059375 0.065625
28 0.625781 0.419531 0.073438 0.076563
30 0.708594 0.414062 0.060937 0.065625
2 0.787500 0.413281 0.059375 0.064062
2 0.859375 0.413281 0.059375 0.064062
11 0.546875 0.531250 0.059375 0.065625
28 0.622656 0.535156 0.070312 0.073438
15 0.699219 0.535937 0.057813 0.075000
16 0.767969 0.532031 0.060937 0.067187
36 0.840625 0.530469 0.068750 0.064062
23 0.550000 0.648438 0.065625 0.065625
12 0.636719 0.649219 0.070312 0.067187
11 0.709375 0.648438 0.059375 0.065625
20 0.777344 0.651563 0.060937 0.071875
33 0.856250 0.648438 0.062500 0.065625
26 0.552344 0.751563 0.070312 0.062500
2 0.631250 0.753906 0.062500 0.067187
18 0.713281 0.752344 0.064062 0.064062
7 0.792188 0.751563 0.062500 0.062500
27 0.875781 0.755469 0.073438 0.070312
20 0.549219 0.862500 0.064062 0.075000
20 0.621094 0.860938 0.060937 0.071875
10 0.692969 0.859375 0.060937 0.068750
6 0.771875 0.856250 0.068750 0.062500
8 0.843750 0.856250 0.046875 0.062500
