23 0.093750 0.093750 0.062500 0.062500
17 0.175000 0.096094 0.062500 0.067187
19 0.247656 0.098437 0.060937 0.071875
31 0.325781 0.093750 0.064062 0.062500
29 0.396875 0.097656 0.046875 0.070312
11 0.465625 0.095312 0.059375 0.065625
29 0.087500 0.208594 0.050000 0.073438
37 0.159375 0.204687 0.062500 0.065625
4 0.229687 0.204687 0.059375 0.065625
37 0.307812 0.203125 0.059375 0.062500
13 0.378906 0.203906 0.064062 0.064062
24 0.457813 0.204687 0.071875 0.065625
22 0.537500 0.204687 0.071875 0.065625
14 0.092969 0.310937 0.060937 0.062500
1 0.170313 0.314844 0.071875 0.070312
18 0.257031 0.313281 0.067187 0.067187
21 0.332813 0.311719 0.065625 0.064062
24 0.409375 0.312500 0.071875 0.065625
20 0.092969 0.421875 0.060937 0.071875
18 0.174219 0.419531 0.067187 0.067187
0 0.255469 0.418750 0.057813 0.065625
12 0.338281 0.419531 0.070312 0.067187
7 0.415625 0.418750 0.065625 0.065625
33 0.495312 0.420312 0.065625 0.068750
26 0.099219 0.528125 0.073438 0.065625
32 0.186719 0.528125 0.060937 0.065625
15 0.267969 0.532813 0.060937 0.075000
25 0.343750 0.527344 0.062500 0.064062
6 0.098437 0.640625 0.071875 0.065625
3 0.177344 0.640625 0.057813 0.065625
37 0.256250 0.639062 0.059375 0.062500
6 0.331250 0.640625 0.071875 0.065625
14 0.417969 0.639062 0.064062 0.062500
24 0.498437 0.639062 0.068750 0.062500
31 0.094531 0.742188 0.064062 0.062500
32 0.177344 0.743750 0.060937 0.065625
11 0.259375 0.745313 0.062500 0.068750
10 0.336719 0.745313 0.060937 0.068750
29 0.401562 0.746094 0.046875 0.070312
16 0.469531 0.744531 0.060937 0.067187
22 0.096875 0.851562 0.068750 0.062500
31 0.183594 0.853125 0.067187 0.065625
6 0.265625 0.853125 0.071875 0.065625
20 0.347656 0.857812 0.064062 0.075000
27 0.433594 0.855469 0.073438 0.070312
