8 0.087500 0.095312 0.050000 0.065625
31 0.163281 0.095312 0.067187 0.065625
34 0.239844 0.098437 0.067187 0.071875
36 0.328125 0.094531 0.068750 0.064062
4 0.407813 0.096875 0.062500 0.068750
5 0.096875 0.202344 0.068750 0.064062
23 0.175000 0.203125 0.065625 0.065625
29 0.246875 0.205469 0.046875 0.070312
8 0.304688 0.201563 0.046875 0.062500
20 0.367969 0.206250 0.060937 0.071875
19 0.436719 0.206250 0.060937 0.071875
36 0.096875 0.316406 0.068750 0.064062
8 0.171875 0.315625 0.046875 0.062500
10 0.244531 0.318750 0.060937 0.068750
31 0.317969 0.317188 0.067187 0.065625
19 0.394531 0.320312 0.064062 0.071875
12 0.096094 0.422656 0.067187 0.064062
5 0.179688 0.422656 0.068750 0.064062
15 0.255469 0.428125 0.060937 0.075000
5 0.339062 0.424219 0.071875 0.067187
25 0.095312 0.538281 0.065625 0.067187
25 0.175000 0.536719 0.062500 0.064062
12 0.257031 0.536719 0.067187 0.064062
28 0.346094 0.541406 0.070312 0.073438
15 0.432031 0.542188 0.060937 0.075000
25 0.548438 0.094531 0.062500 0.064062
27 0.625781 0.096094 0.070312 0.067187
35 0.710938 0.096094 0.075000 0.067187
16 0.786719 0.096094 0.060937 0.067187
2 0.862500 0.094531 0.059375 0.064062
2 0.546875 0.200781 0.059375 0.064062
25 0.628125 0.200781 0.062500 0.064062
5 0.703125 0.202344 0.071875 0.067187
11 0.779687 0.203125 0.062500 0.068750
24 0.853125 0.201563 0.068750 0.065625
30 0.546094 0.304688 0.057813 0.062500
29 0.609375 0.308594 0.050000 0.070312
6 0.689063 0.304688 0.068750 0.062500
30 0.769531 0.304688 0.057813 0.062500
31 0.850781 0.304688 0.064062 0.062500
1 0.551562 0.421094 0.068750 0.067187
37 0.634375 0.420312 0.062500 0.065625
16 0.708594 0.419531 0.057813 0.064062
24 0.784375 0.420312 0.071875 0.065625
5 0.871875 0.419531 0.068750 0.064062
5 0.553125 0.530469 0.071875 0.067187
28 0.638281 0.533594 0.070312 0.073438
37 0.717187 0.529687 0.062500 0.065625
12 0.792969 0.528906 0.067187 0.064062
14 0.547656 0.635938 0.060937 0.062500
11 0.618750 0.637500 0.059375 0.065625
5 0.696875 0.636719 0.068750 0.064062
37 0.771875 0.637500 0.062500 0.065625
5 0.853125 0.636719 0.068750 0.064062
10 0.547656 0.743750 0.060937 0.068750
5 0.628125 0.741406 0.068750 0.064062
37 0.712500 0.740625 0.059375 0.062500
3 0.782031 0.742188 0.057813 0.065625
25 0.860938 0.742969 0.065625 0.067187
