15 0.092969 0.101562 0.060937 0.078125
35 0.171875 0.096094 0.078125 0.067187
18 0.257031 0.096094 0.067187 0.067187
3 0.333594 0.095312 0.060937 0.065625
14 0.416406 0.095312 0.064062 0.065625
23 0.095312 0.214062 0.065625 0.065625
10 0.175781 0.215625 0.060937 0.068750
26 0.255469 0.214062 0.073438 0.065625
32 0.332031 0.214062 0.060937 0.065625
27 0.408594 0.214844 0.070312 0.067187
22 0.096875 0.321875 0.068750 0.062500
19 0.171094 0.328125 0.064062 0.075000
37 0.240625 0.321875 0.059375 0.062500
23 0.310937 0.321875 0.062500 0.062500
21 0.392188 0.324219 0.068750 0.067187
34 0.094531 0.439063 0.064062 0.068750
37 0.176563 0.435937 0.059375 0.062500
31 0.250781 0.437500 0.067187 0.065625
20 0.327344 0.440625 0.064062 0.071875
0 0.408594 0.437500 0.057813 0.065625
30 0.092969 0.543750 0.060937 0.065625
1 0.178125 0.544531 0.068750 0.067187
0 0.255469 0.543750 0.057813 0.065625
11 0.335938 0.545312 0.062500 0.068750
14 0.416406 0.542188 0.060937 0.062500
33 0.550000 0.096875 0.065625 0.068750
25 0.626563 0.096094 0.065625 0.067187
16 0.697656 0.094531 0.060937 0.064062
0 0.772656 0.096875 0.060937 0.068750
9 0.546875 0.203906 0.059375 0.067187
34 0.619531 0.204687 0.064062 0.068750
5 0.698438 0.203906 0.071875 0.067187
28 0.780469 0.207031 0.070312 0.073438
15 0.858594 0.209375 0.060937 0.078125
23 0.550000 0.323437 0.065625 0.065625
4 0.629687 0.323437 0.059375 0.065625
28 0.708594 0.328906 0.073438 0.076563
20 0.786719 0.326562 0.060937 0.071875
37 0.860938 0.321875 0.059375 0.062500
12 0.552344 0.441406 0.070312 0.067187
30 0.632031 0.439063 0.057813 0.062500
24 0.715625 0.439063 0.068750 0.062500
32 0.788281 0.439063 0.057813 0.062500
4 0.867188 0.442188 0.062500 0.068750
1 0.551562 0.553906 0.068750 0.067187
16 0.628906 0.553906 0.060937 0.067187
6 0.703125 0.551562 0.068750 0.062500
17 0.781250 0.553906 0.062500 0.067187
26 0.864844 0.553125 0.073438 0.065625
