12 0.097656 0.096094 0.070312 0.067187
26 0.177344 0.093750 0.070312 0.062500
13 0.253906 0.094531 0.064062 0.064062
32 0.324219 0.095312 0.060937 0.065625
2 0.093750 0.197656 0.062500 0.067187
4 0.171875 0.198437 0.062500 0.068750
36 0.254688 0.196094 0.068750 0.064062
35 0.339062 0.196094 0.075000 0.064062
24 0.098437 0.307812 0.071875 0.065625
29 0.173437 0.310156 0.046875 0.070312
13 0.242969 0.307031 0.064062 0.064062
23 0.321875 0.306250 0.062500 0.062500
29 0.385937 0.310156 0.046875 0.070312
2 0.450000 0.307031 0.059375 0.064062
7 0.093750 0.410938 0.062500 0.062500
7 0.165625 0.412500 0.065625 0.065625
29 0.237500 0.414844 0.046875 0.070312
3 0.300781 0.412500 0.057813 0.065625
5 0.382812 0.411719 0.068750 0.064062
9 0.090625 0.524219 0.056250 0.064062
0 0.155469 0.525000 0.057813 0.065625
31 0.227344 0.523438 0.064062 0.062500
28 0.303906 0.530469 0.073438 0.076563
24 0.096875 0.632812 0.068750 0.062500
9 0.173437 0.633594 0.056250 0.064062
5 0.246875 0.635156 0.071875 0.067187
31 0.322656 0.632812 0.064062 0.062500
31 0.549219 0.093750 0.064062 0.062500
34 0.622656 0.096875 0.064062 0.068750
16 0.705469 0.096094 0.060937 0.067187
23 0.782813 0.095312 0.065625 0.065625
13 0.861719 0.094531 0.064062 0.064062
5 0.553125 0.202344 0.071875 0.067187
33 0.628125 0.201563 0.062500 0.065625
7 0.701562 0.200000 0.062500 0.062500
8 0.775000 0.200000 0.050000 0.062500
20 0.549219 0.317188 0.064062 0.075000
18 0.635156 0.313281 0.067187 0.067187
13 0.708594 0.311719 0.064062 0.064062
30 0.782031 0.310937 0.057813 0.062500
27 0.861719 0.313281 0.070312 0.067187
31 0.549219 0.421875 0.064062 0.062500
22 0.634375 0.423438 0.071875 0.065625
0 0.710156 0.423438 0.057813 0.065625
29 0.779687 0.425781 0.050000 0.070312
2 0.842187 0.422656 0.059375 0.064062
30 0.547656 0.529687 0.060937 0.065625
3 0.625781 0.529687 0.060937 0.065625
31 0.702344 0.528125 0.064062 0.062500
12 0.785156 0.528906 0.067187 0.064062
37 0.862500 0.529687 0.062500 0.065625
