27 0.097656 0.096094 0.070312 0.067187
14 0.177344 0.095312 0.064062 0.065625
13 0.255469 0.096094 0.067187 0.067187
17 0.334375 0.096094 0.062500 0.067187
25 0.412500 0.094531 0.062500 0.064062
2 0.092188 0.196094 0.059375 0.064062
26 0.166406 0.195312 0.070312 0.062500
7 0.242188 0.195312 0.062500 0.062500
35 0.325000 0.196094 0.075000 0.064062
4 0.092188 0.296875 0.059375 0.065625
28 0.172656 0.302344 0.073438 0.076563
25 0.254688 0.296094 0.062500 0.064062
35 0.337500 0.296094 0.075000 0.064062
14 0.413281 0.295312 0.060937 0.062500
15 0.092969 0.415625 0.060937 0.078125
32 0.167969 0.407813 0.057813 0.062500
27 0.249219 0.410156 0.070312 0.067187
2 0.331250 0.410156 0.062500 0.067187
31 0.096094 0.528125 0.067187 0.065625
2 0.176563 0.528906 0.062500 0.067187
18 0.253906 0.527344 0.064062 0.064062
34 0.335156 0.529687 0.067187 0.068750
35 0.417187 0.527344 0.075000 0.064062
9 0.546875 0.096094 0.059375 0.067187
7 0.623437 0.093750 0.062500 0.062500
32 0.702344 0.095312 0.060937 0.065625
2 0.771875 0.094531 0.059375 0.064062
13 0.549219 0.194531 0.064062 0.064062
9 0.617188 0.194531 0.056250 0.064062
10 0.696094 0.196875 0.060937 0.068750
1 0.775000 0.197656 0.071875 0.070312
28 0.853906 0.199219 0.070312 0.073438
8 0.540625 0.310937 0.046875 0.062500
7 0.612500 0.312500 0.065625 0.065625
23 0.687500 0.310937 0.062500 0.062500
14 0.758594 0.310937 0.060937 0.062500
1 0.831250 0.313281 0.068750 0.067187
8 0.540625 0.414062 0.046875 0.062500
20 0.611719 0.420312 0.064062 0.075000
26 0.686719 0.414062 0.070312 0.062500
29 0.754687 0.417969 0.046875 0.070312
22 0.832812 0.415625 0.071875 0.065625
32 0.547656 0.525000 0.060937 0.062500
6 0.625000 0.526563 0.068750 0.065625
15 0.708594 0.532813 0.060937 0.078125
28 0.794531 0.530469 0.070312 0.073438
1 0.878125 0.527344 0.068750 0.067187
28 0.552344 0.647656 0.070312 0.073438
8 0.621875 0.642188 0.046875 0.062500
4 0.682813 0.643750 0.059375 0.065625
10 0.761719 0.645312 0.060937 0.068750
21 0.843750 0.642969 0.065625 0.064062
33 0.548438 0.750000 0.062500 0.065625
21 0.631250 0.749219 0.065625 0.064062
35 0.714063 0.750781 0.078125 0.067187
6 0.800000 0.750000 0.071875 0.065625
9 0.882812 0.749219 0.056250 0.064062
