8 0.087500 0.095312 0.050000 0.065625
22 0.167187 0.095312 0.071875 0.065625
2 0.245312 0.094531 0.059375 0.064062
20 0.317969 0.098437 0.060937 0.071875
16 0.399219 0.096094 0.060937 0.067187
3 0.471094 0.096875 0.060937 0.068750
16 0.091406 0.205469 0.057813 0.064062
6 0.170313 0.206250 0.071875 0.065625
6 0.262500 0.206250 0.071875 0.065625
8 0.335938 0.204687 0.050000 0.062500
15 0.091406 0.318750 0.057813 0.075000
8 0.162500 0.312500 0.046875 0.062500
1 0.234375 0.314844 0.068750 0.067187
31 0.310156 0.312500 0.064062 0.062500
1 0.096875 0.428906 0.068750 0.067187
11 0.168750 0.428125 0.059375 0.065625
1 0.250000 0.428906 0.068750 0.067187
3 0.324219 0.428125 0.060937 0.065625
15 0.392969 0.434375 0.060937 0.078125
37 0.092188 0.539062 0.059375 0.062500
3 0.166406 0.542188 0.060937 0.068750
11 0.243750 0.540625 0.059375 0.065625
22 0.318750 0.540625 0.071875 0.065625
35 0.407813 0.539844 0.075000 0.064062
30 0.492969 0.540625 0.060937 0.065625
32 0.566406 0.539062 0.057813 0.062500
29 0.087500 0.644531 0.050000 0.070312
20 0.157031 0.645312 0.060937 0.071875
2 0.228125 0.642969 0.062500 0.067187
3 0.308594 0.642188 0.060937 0.065625
1 0.382812 0.642969 0.068750 0.067187
8 0.456250 0.640625 0.046875 0.062500
10 0.519531 0.643750 0.060937 0.068750
34 0.094531 0.757812 0.064062 0.068750
27 0.171094 0.757031 0.070312 0.067187
33 0.253125 0.756250 0.062500 0.065625
24 0.329688 0.756250 0.071875 0.065625
30 0.411719 0.756250 0.060937 0.065625
24 0.492188 0.756250 0.071875 0.065625
24 0.575000 0.754687 0.068750 0.062500
26 0.097656 0.856250 0.070312 0.062500
26 0.178906 0.856250 0.070312 0.062500
6 0.256250 0.856250 0.068750 0.062500
22 0.334375 0.856250 0.068750 0.062500
35 0.428125 0.858594 0.078125 0.067187
22 0.521875 0.856250 0.068750 0.062500
6 0.600000 0.857812 0.068750 0.065625
