30 0.092969 0.095312 0.060937 0.065625
36 0.178125 0.094531 0.068750 0.064062
34 0.258594 0.098437 0.067187 0.071875
33 0.342187 0.095312 0.062500 0.065625
36 0.417187 0.096094 0.071875 0.067187
13 0.094531 0.199219 0.064062 0.064062
18 0.169531 0.199219 0.064062 0.064062
0 0.239844 0.200000 0.057813 0.065625
36 0.320312 0.200781 0.071875 0.067187
35 0.401562 0.199219 0.075000 0.064062
6 0.096875 0.306250 0.068750 0.065625
3 0.178906 0.306250 0.057813 0.065625
13 0.250781 0.305469 0.064062 0.064062
10 0.324219 0.307812 0.060937 0.068750
18 0.396094 0.305469 0.064062 0.064062
8 0.085938 0.410938 0.046875 0.062500
7 0.153125 0.410938 0.062500 0.062500
37 0.229687 0.412500 0.062500 0.065625
26 0.307031 0.410938 0.070312 0.062500
31 0.094531 0.512500 0.064062 0.062500
35 0.175000 0.513281 0.075000 0.064062
17 0.253125 0.513281 0.059375 0.064062
16 0.324219 0.514844 0.060937 0.067187
29 0.085938 0.617969 0.046875 0.070312
6 0.165625 0.615625 0.071875 0.065625
25 0.242188 0.616406 0.065625 0.067187
17 0.317188 0.614844 0.059375 0.064062
0 0.391406 0.617188 0.060937 0.068750
12 0.097656 0.728906 0.070312 0.067187
25 0.182812 0.727344 0.062500 0.064062
10 0.261719 0.729688 0.064062 0.068750
21 0.339062 0.727344 0.065625 0.064062
13 0.419531 0.727344 0.064062 0.064062
10 0.092969 0.835938 0.060937 0.068750
7 0.165625 0.832812 0.062500 0.062500
34 0.247656 0.837500 0.067187 0.071875
7 0.328125 0.834375 0.065625 0.065625
3 0.399219 0.834375 0.060937 0.065625
14 0.547656 0.093750 0.060937 0.062500
27 0.621094 0.096094 0.070312 0.067187
37 0.693750 0.093750 0.059375 0.062500
21 0.770312 0.096094 0.068750 0.067187
21 0.857812 0.096094 0.068750 0.067187
5 0.551562 0.194531 0.068750 0.064062
19 0.632031 0.200000 0.064062 0.075000
9 0.712500 0.194531 0.056250 0.064062
37 0.784375 0.193750 0.059375 0.062500
0 0.546094 0.306250 0.057813 0.065625
27 0.628906 0.307031 0.070312 0.067187
35 0.723437 0.307031 0.078125 0.067187
17 0.812500 0.305469 0.059375 0.064062
7 0.884375 0.304688 0.062500 0.062500
35 0.554688 0.407031 0.075000 0.064062
25 0.632812 0.407031 0.062500 0.064062
10 0.711719 0.409375 0.060937 0.068750
11 0.785937 0.409375 0.062500 0.068750
16 0.867969 0.408594 0.060937 0.067187
34 0.549219 0.512500 0.064062 0.068750
28 0.633594 0.516406 0.073438 0.076563
17 0.714063 0.511719 0.062500 0.067187
5 0.792188 0.510156 0.068750 0.064062
22 0.553125 0.628125 0.071875 0.065625
5 0.632812 0.627344 0.068750 0.064062
26 0.722656 0.626563 0.070312 0.062500
20 0.800781 0.631250 0.064062 0.071875
30 0.880469 0.626563 0.060937 0.062500
