24 0.098437 0.095312 0.071875 0.065625
20 0.182031 0.098437 0.064062 0.071875
31 0.266406 0.095312 0.067187 0.065625
22 0.351562 0.093750 0.068750 0.062500
8 0.428125 0.093750 0.046875 0.062500
15 0.091406 0.210938 0.057813 0.075000
7 0.159375 0.204687 0.062500 0.062500
32 0.233594 0.206250 0.060937 0.065625
27 0.317969 0.207031 0.070312 0.067187
26 0.402344 0.206250 0.073438 0.065625
28 0.097656 0.317969 0.070312 0.073438
7 0.182812 0.312500 0.062500 0.062500
0 0.253906 0.314063 0.057813 0.065625
9 0.326562 0.313281 0.056250 0.064062
29 0.085938 0.427344 0.046875 0.070312
32 0.149219 0.423438 0.060937 0.062500
21 0.221875 0.424219 0.065625 0.064062
15 0.296094 0.429688 0.057813 0.075000
29 0.364063 0.427344 0.046875 0.070312
5 0.096875 0.541406 0.068750 0.064062
33 0.173437 0.542188 0.062500 0.065625
21 0.257812 0.541406 0.065625 0.064062
8 0.326562 0.542188 0.050000 0.065625
22 0.096875 0.646875 0.068750 0.062500
27 0.182031 0.649219 0.070312 0.067187
26 0.260156 0.646875 0.070312 0.062500
24 0.350000 0.646875 0.068750 0.062500
14 0.430469 0.646875 0.060937 0.062500
30 0.091406 0.751563 0.057813 0.062500
23 0.160938 0.753125 0.065625 0.065625
21 0.240625 0.753906 0.068750 0.067187
25 0.314063 0.752344 0.062500 0.064062
23 0.385937 0.751563 0.062500 0.062500
7 0.550000 0.095312 0.065625 0.065625
2 0.632812 0.094531 0.059375 0.064062
6 0.709375 0.093750 0.068750 0.062500
10 0.789844 0.096875 0.060937 0.068750
4 0.859375 0.095312 0.059375 0.065625
33 0.550000 0.206250 0.065625 0.068750
28 0.636719 0.208594 0.070312 0.073438
31 0.713281 0.203125 0.064062 0.062500
28 0.799219 0.208594 0.070312 0.073438
12 0.552344 0.311719 0.070312 0.067187
4 0.637500 0.310937 0.059375 0.065625
18 0.716406 0.311719 0.067187 0.067187
15 0.792969 0.317188 0.060937 0.078125
24 0.551562 0.428125 0.068750 0.062500
21 0.637500 0.428906 0.065625 0.064062
19 0.711719 0.434375 0.064062 0.075000
14 0.786719 0.428125 0.060937 0.062500
36 0.551562 0.536719 0.068750 0.064062
9 0.632812 0.536719 0.059375 0.064062
13 0.705469 0.538281 0.067187 0.067187
19 0.786719 0.542188 0.064062 0.075000
1 0.862500 0.538281 0.068750 0.067187
