21 0.095312 0.094531 0.065625 0.064062
23 0.178125 0.093750 0.062500 0.062500
24 0.259375 0.093750 0.068750 0.062500
36 0.340625 0.096094 0.071875 0.067187
9 0.414062 0.094531 0.059375 0.064062
22 0.489063 0.095312 0.071875 0.065625
8 0.087500 0.198437 0.050000 0.062500
12 0.164844 0.199219 0.067187 0.064062
37 0.246875 0.198437 0.059375 0.062500
17 0.321875 0.199219 0.059375 0.064062
26 0.408594 0.200000 0.073438 0.065625
24 0.493750 0.200000 0.071875 0.065625
20 0.567969 0.203125 0.060937 0.071875
21 0.096875 0.305469 0.068750 0.067187
21 0.173437 0.305469 0.068750 0.067187
10 0.255469 0.307812 0.064062 0.071875
21 0.329688 0.303906 0.065625 0.064062
32 0.091406 0.407813 0.057813 0.062500
7 0.168750 0.409375 0.065625 0.065625
10 0.247656 0.410938 0.060937 0.068750
3 0.314844 0.409375 0.057813 0.065625
8 0.381250 0.407813 0.046875 0.062500
23 0.454688 0.407813 0.062500 0.062500
7 0.531250 0.409375 0.065625 0.065625
3 0.091406 0.514062 0.057813 0.065625
31 0.161719 0.512500 0.064062 0.062500
32 0.236719 0.514062 0.060937 0.065625
22 0.310937 0.512500 0.068750 0.062500
4 0.389062 0.514062 0.059375 0.065625
26 0.471094 0.514062 0.073438 0.065625
