12 0.096094 0.094531 0.067187 0.064062
25 0.179688 0.096094 0.065625 0.067187
18 0.264844 0.096094 0.067187 0.067187
25 0.348438 0.096094 0.065625 0.067187
11 0.431250 0.096875 0.062500 0.068750
23 0.093750 0.198437 0.062500 0.062500
11 0.167187 0.200000 0.059375 0.065625
33 0.240625 0.200000 0.062500 0.065625
16 0.314844 0.200781 0.060937 0.067187
24 0.098437 0.304688 0.071875 0.065625
34 0.178906 0.306250 0.064062 0.068750
29 0.254688 0.307031 0.050000 0.070312
25 0.320312 0.303906 0.062500 0.064062
22 0.395313 0.303125 0.068750 0.062500
13 0.477344 0.303906 0.064062 0.064062
32 0.091406 0.406250 0.057813 0.062500
15 0.167969 0.414062 0.060937 0.078125
28 0.246094 0.413281 0.073438 0.076563
2 0.321875 0.408594 0.062500 0.067187
16 0.400781 0.408594 0.060937 0.067187
15 0.091406 0.526563 0.057813 0.075000
7 0.164062 0.520312 0.062500 0.062500
16 0.242969 0.521094 0.057813 0.064062
9 0.309375 0.521094 0.056250 0.064062
32 0.382031 0.520312 0.057813 0.062500
37 0.450000 0.520312 0.059375 0.062500
