11 0.092188 0.095312 0.059375 0.065625
8 0.153125 0.093750 0.046875 0.062500
29 0.207813 0.097656 0.046875 0.070312
25 0.278125 0.094531 0.062500 0.064062
10 0.358594 0.096875 0.060937 0.068750
25 0.432812 0.094531 0.062500 0.064062
19 0.094531 0.214062 0.064062 0.075000
13 0.172656 0.210156 0.067187 0.067187
28 0.260156 0.213281 0.070312 0.073438
35 0.342187 0.208594 0.075000 0.064062
35 0.434375 0.210156 0.078125 0.067187
35 0.532813 0.210156 0.078125 0.067187
20 0.621094 0.214062 0.064062 0.075000
6 0.096875 0.323437 0.068750 0.062500
12 0.175781 0.325781 0.070312 0.067187
22 0.257812 0.323437 0.068750 0.062500
33 0.342187 0.326562 0.065625 0.068750
34 0.425781 0.328125 0.067187 0.071875
29 0.504687 0.328906 0.050000 0.073438
8 0.570312 0.323437 0.050000 0.062500
18 0.096094 0.436719 0.067187 0.067187
32 0.167969 0.435937 0.060937 0.065625
31 0.252344 0.435937 0.067187 0.065625
10 0.335156 0.437500 0.060937 0.068750
12 0.411719 0.435156 0.067187 0.064062
9 0.092188 0.542969 0.059375 0.067187
12 0.169531 0.542969 0.070312 0.067187
10 0.244531 0.545312 0.064062 0.071875
36 0.328125 0.541406 0.068750 0.064062
26 0.417969 0.542188 0.070312 0.065625
29 0.489063 0.546094 0.050000 0.073438
