36 0.096875 0.096094 0.068750 0.067187
11 0.168750 0.095312 0.059375 0.065625
29 0.240625 0.097656 0.046875 0.070312
23 0.309375 0.095312 0.065625 0.065625
22 0.096875 0.207813 0.068750 0.062500
36 0.181250 0.208594 0.068750 0.064062
15 0.263281 0.214062 0.057813 0.075000
37 0.339062 0.207813 0.059375 0.062500
24 0.415625 0.207813 0.068750 0.062500
19 0.092969 0.326562 0.060937 0.071875
30 0.161719 0.321875 0.057813 0.062500
27 0.242969 0.325781 0.073438 0.070312
32 0.327344 0.321875 0.057813 0.062500
25 0.404687 0.322656 0.062500 0.064062
20 0.480469 0.326562 0.060937 0.071875
12 0.564844 0.322656 0.067187 0.064062
7 0.095312 0.437500 0.065625 0.065625
22 0.171875 0.435937 0.068750 0.062500
27 0.252344 0.439844 0.073438 0.070312
10 0.332031 0.440625 0.064062 0.071875
22 0.096875 0.542188 0.068750 0.062500
3 0.177344 0.543750 0.057813 0.065625
24 0.251563 0.542188 0.068750 0.062500
8 0.318750 0.542188 0.050000 0.062500
1 0.398438 0.544531 0.068750 0.067187
2 0.092188 0.646094 0.059375 0.064062
23 0.167187 0.645312 0.062500 0.062500
23 0.239063 0.646875 0.065625 0.065625
1 0.325000 0.647656 0.068750 0.067187
6 0.406250 0.646875 0.071875 0.065625
29 0.473438 0.649219 0.046875 0.070312
3 0.535156 0.648438 0.060937 0.068750
