2 0.093750 0.096094 0.062500 0.067187
23 0.167187 0.093750 0.062500 0.062500
13 0.247656 0.096094 0.067187 0.067187
35 0.337500 0.096094 0.078125 0.067187
10 0.092969 0.198437 0.060937 0.068750
27 0.171094 0.199219 0.073438 0.070312
33 0.250000 0.196875 0.062500 0.065625
5 0.325000 0.197656 0.071875 0.067187
5 0.404687 0.196094 0.068750 0.064062
0 0.091406 0.310937 0.057813 0.065625
8 0.157812 0.309375 0.050000 0.062500
20 0.235156 0.315625 0.064062 0.075000
18 0.319531 0.310156 0.064062 0.064062
32 0.397656 0.309375 0.057813 0.062500
11 0.471875 0.310937 0.059375 0.065625
9 0.092188 0.422656 0.059375 0.067187
2 0.164062 0.421094 0.059375 0.064062
0 0.235156 0.421875 0.057813 0.065625
18 0.316406 0.421094 0.064062 0.064062
30 0.388281 0.420312 0.060937 0.062500
9 0.465625 0.421094 0.056250 0.064062
11 0.093750 0.532813 0.062500 0.068750
12 0.171094 0.530469 0.067187 0.064062
11 0.254688 0.532813 0.062500 0.068750
10 0.332031 0.532813 0.060937 0.068750
17 0.404687 0.530469 0.059375 0.064062
28 0.480469 0.535156 0.070312 0.073438
26 0.097656 0.646875 0.070312 0.065625
8 0.165625 0.646875 0.050000 0.065625
22 0.239063 0.645312 0.068750 0.062500
9 0.314063 0.647656 0.059375 0.067187
16 0.385156 0.646094 0.057813 0.064062
32 0.452344 0.645312 0.057813 0.062500
