11 0.093750 0.095312 0.062500 0.065625
16 0.167969 0.096094 0.060937 0.067187
7 0.245312 0.093750 0.062500 0.062500
11 0.320312 0.096875 0.062500 0.068750
4 0.400000 0.095312 0.059375 0.065625
27 0.482031 0.097656 0.073438 0.070312
0 0.561719 0.095312 0.057813 0.065625
22 0.096875 0.203125 0.068750 0.062500
6 0.184375 0.204687 0.068750 0.065625
4 0.262500 0.206250 0.062500 0.068750
33 0.339062 0.204687 0.062500 0.065625
22 0.417187 0.203125 0.068750 0.062500
29 0.087500 0.314844 0.050000 0.070312
9 0.150000 0.311719 0.056250 0.064062
35 0.229687 0.313281 0.078125 0.067187
30 0.307031 0.310937 0.060937 0.062500
5 0.390625 0.311719 0.068750 0.064062
11 0.468750 0.312500 0.059375 0.065625
30 0.542969 0.310937 0.057813 0.062500
26 0.099219 0.418750 0.073438 0.065625
31 0.186719 0.417187 0.064062 0.062500
26 0.266406 0.418750 0.073438 0.065625
7 0.348438 0.417187 0.062500 0.062500
37 0.092188 0.518750 0.059375 0.062500
17 0.160938 0.521094 0.062500 0.067187
37 0.235937 0.518750 0.059375 0.062500
4 0.314063 0.520312 0.059375 0.065625
28 0.097656 0.632031 0.070312 0.073438
34 0.180469 0.629687 0.064062 0.068750
23 0.262500 0.628125 0.065625 0.065625
21 0.339062 0.627344 0.065625 0.064062
5 0.423438 0.627344 0.068750 0.064062
14 0.510156 0.628125 0.064062 0.065625
