15 0.092969 0.101562 0.060937 0.078125
32 0.164844 0.093750 0.057813 0.062500
8 0.225000 0.093750 0.046875 0.062500
24 0.292187 0.095312 0.071875 0.065625
13 0.375781 0.096094 0.067187 0.067187
29 0.085938 0.217969 0.046875 0.070312
25 0.150000 0.216406 0.065625 0.067187
2 0.223438 0.214844 0.062500 0.064062
36 0.309375 0.216406 0.071875 0.067187
2 0.389062 0.216406 0.062500 0.067187
36 0.096875 0.317969 0.068750 0.064062
3 0.182031 0.320312 0.060937 0.068750
6 0.260937 0.317188 0.068750 0.062500
33 0.346875 0.320312 0.065625 0.068750
35 0.431250 0.317969 0.075000 0.064062
34 0.094531 0.426563 0.064062 0.068750
23 0.176563 0.425000 0.065625 0.065625
32 0.247656 0.423438 0.057813 0.062500
31 0.321094 0.423438 0.064062 0.062500
21 0.095312 0.525781 0.065625 0.064062
1 0.170313 0.527344 0.068750 0.067187
21 0.251563 0.525781 0.065625 0.064062
33 0.332813 0.526563 0.062500 0.065625
19 0.408594 0.531250 0.064062 0.075000
20 0.092969 0.645312 0.060937 0.071875
0 0.164844 0.642188 0.057813 0.065625
6 0.245312 0.642188 0.071875 0.065625
34 0.333594 0.643750 0.064062 0.068750
15 0.413281 0.648438 0.060937 0.078125
16 0.091406 0.753906 0.057813 0.064062
2 0.167187 0.753906 0.059375 0.064062
37 0.235937 0.753125 0.059375 0.062500
29 0.298438 0.757031 0.046875 0.070312
27 0.366406 0.755469 0.070312 0.067187
16 0.447656 0.755469 0.060937 0.067187
18 0.094531 0.858594 0.064062 0.064062
1 0.179688 0.860156 0.068750 0.067187
35 0.270313 0.860156 0.078125 0.067187
28 0.364844 0.863281 0.070312 0.073438
1 0.551562 0.096094 0.068750 0.067187
11 0.628125 0.095312 0.059375 0.065625
31 0.708594 0.093750 0.064062 0.062500
26 0.786719 0.095312 0.073438 0.065625
11 0.862500 0.096875 0.062500 0.068750
0 0.547656 0.207813 0.060937 0.068750
6 0.628125 0.204687 0.068750 0.062500
23 0.706250 0.206250 0.065625 0.065625
6 0.787500 0.206250 0.071875 0.065625
16 0.864844 0.207031 0.060937 0.067187
21 0.550000 0.319531 0.065625 0.067187
15 0.627344 0.325000 0.060937 0.078125
3 0.708594 0.320312 0.060937 0.068750
4 0.778125 0.320312 0.062500 0.068750
9 0.854688 0.317969 0.059375 0.064062
14 0.547656 0.432812 0.060937 0.062500
26 0.624219 0.432812 0.070312 0.062500
31 0.703906 0.434375 0.067187 0.065625
15 0.783594 0.439063 0.060937 0.075000
31 0.861719 0.434375 0.067187 0.065625
34 0.549219 0.543750 0.064062 0.068750
1 0.635938 0.542969 0.068750 0.067187
19 0.713281 0.546875 0.064062 0.075000
9 0.782813 0.542969 0.059375 0.067187
24 0.864062 0.540625 0.068750 0.062500
