21 0.096875 0.096094 0.068750 0.067187
19 0.182031 0.098437 0.060937 0.071875
37 0.259375 0.093750 0.059375 0.062500
14 0.332031 0.093750 0.060937 0.062500
37 0.092188 0.207813 0.059375 0.062500
18 0.171094 0.210156 0.067187 0.067187
12 0.253906 0.208594 0.067187 0.064062
2 0.331250 0.208594 0.059375 0.064062
8 0.085938 0.314063 0.046875 0.062500
4 0.154688 0.315625 0.059375 0.065625
10 0.233594 0.318750 0.064062 0.071875
12 0.313281 0.314844 0.067187 0.064062
21 0.400000 0.316406 0.068750 0.067187
10 0.094531 0.428125 0.064062 0.071875
10 0.167969 0.426563 0.064062 0.068750
18 0.247656 0.424219 0.064062 0.064062
20 0.317969 0.428125 0.060937 0.071875
16 0.091406 0.539844 0.057813 0.064062
29 0.154688 0.542969 0.046875 0.070312
27 0.222656 0.542969 0.073438 0.070312
2 0.307812 0.541406 0.062500 0.067187
9 0.384375 0.539844 0.056250 0.064062
4 0.092188 0.653125 0.059375 0.065625
4 0.170313 0.653125 0.059375 0.065625
6 0.248438 0.653125 0.071875 0.065625
25 0.337500 0.653906 0.065625 0.067187
6 0.418750 0.651563 0.068750 0.062500
12 0.550781 0.094531 0.067187 0.064062
29 0.628125 0.097656 0.046875 0.070312
8 0.696875 0.093750 0.050000 0.062500
3 0.760156 0.095312 0.057813 0.065625
18 0.549219 0.200781 0.064062 0.064062
34 0.627344 0.204687 0.067187 0.071875
28 0.707031 0.205469 0.070312 0.073438
12 0.786719 0.200781 0.067187 0.064062
5 0.551562 0.307031 0.068750 0.064062
17 0.625000 0.307031 0.059375 0.064062
32 0.700781 0.306250 0.057813 0.062500
25 0.776563 0.307031 0.062500 0.064062
13 0.857031 0.308594 0.067187 0.067187
10 0.547656 0.414062 0.060937 0.068750
21 0.625000 0.413281 0.068750 0.067187
27 0.716406 0.414844 0.073438 0.070312
13 0.803906 0.411719 0.064062 0.064062
36 0.879687 0.411719 0.068750 0.064062
25 0.550000 0.517969 0.065625 0.067187
29 0.618750 0.519531 0.050000 0.070312
24 0.689063 0.517188 0.071875 0.065625
3 0.772656 0.517188 0.057813 0.065625
19 0.853906 0.520312 0.064062 0.071875
