4 0.092188 0.095312 0.059375 0.065625
33 0.167187 0.095312 0.062500 0.065625
16 0.236719 0.094531 0.057813 0.064062
36 0.314063 0.094531 0.068750 0.064062
34 0.396094 0.098437 0.067187 0.071875
11 0.479687 0.095312 0.059375 0.065625
18 0.094531 0.207031 0.064062 0.064062
23 0.178125 0.206250 0.062500 0.062500
19 0.258594 0.212500 0.064062 0.075000
8 0.323437 0.206250 0.050000 0.062500
25 0.395313 0.207031 0.062500 0.064062
19 0.477344 0.210938 0.060937 0.071875
12 0.560156 0.208594 0.070312 0.067187
18 0.094531 0.314844 0.064062 0.064062
10 0.171094 0.318750 0.064062 0.071875
15 0.249219 0.320312 0.060937 0.075000
20 0.325781 0.320312 0.064062 0.075000
26 0.097656 0.426563 0.070312 0.062500
28 0.186719 0.433594 0.073438 0.076563
0 0.266406 0.428125 0.057813 0.065625
20 0.342969 0.431250 0.064062 0.071875
20 0.094531 0.542188 0.064062 0.075000
2 0.171875 0.536719 0.059375 0.064062
22 0.254688 0.535937 0.068750 0.062500
12 0.332031 0.538281 0.070312 0.067187
22 0.415625 0.535937 0.068750 0.062500
25 0.503125 0.538281 0.065625 0.067187
36 0.587500 0.536719 0.068750 0.064062
23 0.095312 0.654687 0.065625 0.065625
25 0.175000 0.653906 0.062500 0.064062
29 0.248438 0.657031 0.046875 0.070312
31 0.313281 0.654687 0.067187 0.065625
8 0.379688 0.653125 0.046875 0.062500
26 0.457031 0.653125 0.070312 0.062500
15 0.091406 0.768750 0.057813 0.075000
26 0.171094 0.764062 0.073438 0.065625
21 0.262500 0.764844 0.068750 0.067187
2 0.339062 0.763281 0.059375 0.064062
27 0.097656 0.880469 0.070312 0.067187
20 0.174219 0.884375 0.064062 0.075000
28 0.253906 0.885156 0.073438 0.076563
2 0.329688 0.878906 0.059375 0.064062
