15 0.092969 0.101562 0.060937 0.078125
11 0.170313 0.095312 0.059375 0.065625
32 0.244531 0.093750 0.057813 0.062500
31 0.316406 0.093750 0.064062 0.062500
36 0.395313 0.094531 0.068750 0.064062
14 0.092969 0.209375 0.060937 0.062500
29 0.168750 0.214844 0.050000 0.073438
4 0.242188 0.210938 0.062500 0.065625
36 0.317188 0.210156 0.068750 0.064062
28 0.400781 0.214844 0.070312 0.073438
5 0.098437 0.325781 0.071875 0.067187
7 0.178125 0.323437 0.062500 0.062500
13 0.257031 0.325781 0.067187 0.067187
2 0.337500 0.324219 0.059375 0.064062
10 0.092969 0.428125 0.060937 0.068750
2 0.164062 0.425781 0.059375 0.064062
10 0.241406 0.429688 0.064062 0.071875
1 0.318750 0.427344 0.068750 0.067187
34 0.396094 0.428125 0.064062 0.068750
35 0.100000 0.538281 0.075000 0.064062
19 0.186719 0.543750 0.064062 0.075000
0 0.258594 0.539062 0.057813 0.065625
26 0.335156 0.537500 0.070312 0.062500
31 0.414844 0.539062 0.067187 0.065625
17 0.092188 0.649219 0.059375 0.064062
29 0.159375 0.652344 0.050000 0.070312
8 0.218750 0.648438 0.050000 0.062500
23 0.282813 0.648438 0.062500 0.062500
25 0.360938 0.649219 0.062500 0.064062
19 0.432031 0.654687 0.064062 0.075000
8 0.085938 0.757812 0.046875 0.062500
7 0.160938 0.759375 0.065625 0.065625
7 0.234375 0.759375 0.065625 0.065625
2 0.310937 0.758594 0.059375 0.064062
10 0.382031 0.762500 0.064062 0.071875
2 0.548438 0.096094 0.062500 0.067187
12 0.628906 0.094531 0.067187 0.064062
2 0.704688 0.094531 0.059375 0.064062
32 0.772656 0.093750 0.057813 0.062500
35 0.859375 0.096094 0.075000 0.067187
18 0.549219 0.194531 0.064062 0.064062
33 0.623437 0.196875 0.065625 0.068750
25 0.707812 0.196094 0.065625 0.067187
4 0.787500 0.195312 0.062500 0.065625
30 0.861719 0.193750 0.057813 0.062500
32 0.546094 0.300000 0.057813 0.062500
12 0.619531 0.300781 0.067187 0.064062
0 0.694531 0.301563 0.057813 0.065625
8 0.764062 0.300000 0.046875 0.062500
0 0.833594 0.303125 0.060937 0.068750
32 0.900781 0.300000 0.057813 0.062500
25 0.550000 0.413281 0.065625 0.067187
24 0.632812 0.410938 0.068750 0.062500
6 0.714063 0.412500 0.071875 0.065625
6 0.804688 0.410938 0.068750 0.062500
35 0.896875 0.413281 0.078125 0.067187
10 0.547656 0.517188 0.060937 0.068750
30 0.622656 0.514062 0.060937 0.062500
29 0.690625 0.517969 0.046875 0.070312
11 0.762500 0.517188 0.062500 0.068750
1 0.848437 0.517969 0.071875 0.070312
22 0.551562 0.618750 0.068750 0.062500
9 0.632812 0.619531 0.056250 0.064062
2 0.704688 0.619531 0.059375 0.064062
36 0.782813 0.621094 0.071875 0.067187
31 0.549219 0.729688 0.064062 0.062500
14 0.627344 0.729688 0.060937 0.062500
22 0.710938 0.729688 0.068750 0.062500
15 0.794531 0.735938 0.057813 0.075000
7 0.864062 0.731250 0.065625 0.065625
