17 0.092188 0.094531 0.059375 0.064062
35 0.171875 0.096094 0.078125 0.067187
12 0.257031 0.096094 0.070312 0.067187
23 0.340625 0.095312 0.065625 0.065625
4 0.420312 0.095312 0.059375 0.065625
34 0.494531 0.096875 0.064062 0.068750
21 0.570312 0.094531 0.065625 0.064062
25 0.095312 0.203906 0.065625 0.067187
23 0.173437 0.201563 0.062500 0.062500
0 0.241406 0.203125 0.057813 0.065625
4 0.318750 0.204687 0.062500 0.068750
31 0.391406 0.201563 0.064062 0.062500
13 0.464844 0.203906 0.067187 0.067187
35 0.556250 0.202344 0.075000 0.064062
18 0.094531 0.307031 0.064062 0.064062
1 0.181250 0.308594 0.068750 0.067187
13 0.266406 0.307031 0.064062 0.064062
35 0.351562 0.307031 0.075000 0.064062
35 0.443750 0.307031 0.075000 0.064062
0 0.532031 0.307812 0.060937 0.065625
4 0.092188 0.409375 0.059375 0.065625
31 0.166406 0.409375 0.067187 0.065625
17 0.251563 0.410156 0.062500 0.067187
23 0.334375 0.407813 0.062500 0.062500
37 0.410938 0.407813 0.059375 0.062500
17 0.093750 0.513281 0.062500 0.067187
29 0.168750 0.514844 0.046875 0.070312
11 0.237500 0.514062 0.062500 0.068750
15 0.314844 0.518750 0.060937 0.078125
17 0.384375 0.511719 0.059375 0.064062
0 0.092969 0.631250 0.060937 0.068750
35 0.173437 0.628906 0.075000 0.064062
5 0.260937 0.628906 0.068750 0.064062
17 0.340625 0.630469 0.062500 0.067187
23 0.418750 0.628125 0.062500 0.062500
