25 0.093750 0.094531 0.062500 0.064062
12 0.174219 0.096094 0.070312 0.067187
1 0.260937 0.096094 0.068750 0.067187
7 0.346875 0.093750 0.062500 0.062500
10 0.094531 0.204687 0.064062 0.068750
6 0.171875 0.203125 0.071875 0.065625
2 0.257812 0.202344 0.059375 0.064062
17 0.334375 0.202344 0.059375 0.064062
24 0.096875 0.303125 0.068750 0.062500
16 0.171094 0.303906 0.057813 0.064062
9 0.243750 0.303906 0.056250 0.064062
7 0.318750 0.303125 0.062500 0.062500
30 0.391406 0.303125 0.057813 0.062500
19 0.094531 0.410938 0.064062 0.075000
23 0.167187 0.406250 0.065625 0.065625
12 0.244531 0.405469 0.067187 0.064062
8 0.318750 0.404687 0.046875 0.062500
18 0.392969 0.405469 0.064062 0.064062
25 0.093750 0.513281 0.062500 0.064062
36 0.173437 0.513281 0.068750 0.064062
5 0.259375 0.514844 0.071875 0.067187
0 0.342969 0.514062 0.057813 0.065625
25 0.425000 0.514844 0.065625 0.067187
2 0.092188 0.621094 0.059375 0.064062
27 0.177344 0.624219 0.073438 0.070312
25 0.256250 0.622656 0.065625 0.067187
35 0.335938 0.621094 0.075000 0.064062
13 0.414844 0.621094 0.064062 0.064062
27 0.097656 0.727344 0.070312 0.070312
31 0.175781 0.723437 0.064062 0.062500
27 0.252344 0.725781 0.070312 0.067187
7 0.335938 0.723437 0.062500 0.062500
14 0.416406 0.723437 0.060937 0.062500
36 0.553125 0.096094 0.071875 0.067187
0 0.638281 0.095312 0.057813 0.065625
19 0.705469 0.098437 0.060937 0.071875
33 0.784375 0.096875 0.065625 0.068750
26 0.871094 0.093750 0.070312 0.062500
36 0.551562 0.207031 0.068750 0.067187
31 0.635156 0.204687 0.064062 0.062500
25 0.714063 0.205469 0.062500 0.064062
30 0.785156 0.204687 0.057813 0.062500
32 0.546094 0.314063 0.057813 0.062500
15 0.614844 0.320312 0.057813 0.075000
19 0.682031 0.318750 0.060937 0.071875
25 0.754687 0.314844 0.062500 0.064062
15 0.833594 0.321875 0.060937 0.078125
8 0.895312 0.314063 0.046875 0.062500
14 0.547656 0.435937 0.060937 0.062500
15 0.614844 0.442188 0.057813 0.075000
18 0.689844 0.436719 0.064062 0.064062
34 0.763281 0.440625 0.067187 0.071875
33 0.842187 0.439063 0.065625 0.068750
18 0.550781 0.555469 0.067187 0.067187
1 0.628125 0.555469 0.068750 0.067187
16 0.713281 0.555469 0.060937 0.067187
34 0.796094 0.556250 0.064062 0.068750
13 0.550781 0.657031 0.067187 0.067187
7 0.634375 0.656250 0.065625 0.065625
18 0.713281 0.655469 0.064062 0.064062
18 0.794531 0.657031 0.067187 0.067187
23 0.876563 0.654687 0.062500 0.062500
13 0.549219 0.766406 0.064062 0.064062
5 0.628125 0.767969 0.071875 0.067187
26 0.717969 0.765625 0.070312 0.062500
7 0.792188 0.765625 0.062500 0.062500
13 0.872656 0.766406 0.064062 0.064062
