27 0.099219 0.097656 0.073438 0.070312
33 0.187500 0.095312 0.062500 0.065625
7 0.267188 0.095312 0.065625 0.065625
8 0.345313 0.095312 0.050000 0.065625
33 0.412500 0.096875 0.065625 0.068750
36 0.096875 0.202344 0.068750 0.064062
2 0.178125 0.203906 0.062500 0.067187
23 0.260937 0.203125 0.065625 0.065625
11 0.340625 0.203125 0.059375 0.065625
23 0.093750 0.307812 0.062500 0.062500
15 0.167969 0.314063 0.060937 0.075000
32 0.247656 0.307812 0.060937 0.062500
32 0.327344 0.307812 0.057813 0.062500
16 0.092969 0.424219 0.060937 0.067187
37 0.175000 0.423438 0.062500 0.065625
29 0.243750 0.427344 0.050000 0.073438
31 0.321094 0.423438 0.067187 0.065625
32 0.403906 0.421875 0.057813 0.062500
25 0.093750 0.536719 0.062500 0.064062
37 0.164062 0.535937 0.059375 0.062500
28 0.241406 0.541406 0.070312 0.073438
3 0.324219 0.539062 0.060937 0.068750
0 0.092969 0.643750 0.060937 0.065625
13 0.171094 0.642969 0.064062 0.064062
7 0.243750 0.642188 0.062500 0.062500
30 0.325781 0.643750 0.060937 0.065625
32 0.399219 0.642188 0.057813 0.062500
6 0.553125 0.095312 0.071875 0.065625
21 0.637500 0.096094 0.068750 0.067187
12 0.717969 0.094531 0.067187 0.064062
3 0.800781 0.095312 0.057813 0.065625
37 0.875000 0.093750 0.059375 0.062500
16 0.546094 0.203906 0.057813 0.064062
3 0.624219 0.204687 0.057813 0.065625
22 0.700000 0.203125 0.068750 0.062500
23 0.778125 0.203125 0.062500 0.062500
30 0.857031 0.203125 0.057813 0.062500
14 0.547656 0.301563 0.060937 0.062500
33 0.620313 0.304688 0.065625 0.068750
9 0.693750 0.302344 0.056250 0.064062
10 0.767969 0.304688 0.064062 0.068750
6 0.853125 0.301563 0.068750 0.062500
4 0.548438 0.409375 0.062500 0.068750
10 0.625781 0.409375 0.060937 0.068750
7 0.700000 0.406250 0.062500 0.062500
27 0.786719 0.408594 0.070312 0.067187
33 0.871875 0.409375 0.065625 0.068750
21 0.551562 0.519531 0.068750 0.067187
14 0.630469 0.517188 0.060937 0.062500
2 0.703125 0.517969 0.059375 0.064062
33 0.771875 0.518750 0.062500 0.065625
22 0.851562 0.517188 0.068750 0.062500
