10 0.092969 0.096875 0.060937 0.068750
5 0.171875 0.094531 0.068750 0.064062
31 0.257031 0.093750 0.064062 0.062500
22 0.340625 0.093750 0.068750 0.062500
11 0.417187 0.096875 0.062500 0.068750
37 0.092188 0.195312 0.059375 0.062500
33 0.170313 0.198437 0.065625 0.068750
16 0.252344 0.196094 0.057813 0.064062
31 0.328906 0.196875 0.067187 0.065625
35 0.418750 0.196094 0.075000 0.064062
19 0.092969 0.312500 0.060937 0.071875
20 0.164844 0.314063 0.064062 0.075000
13 0.247656 0.308594 0.064062 0.064062
29 0.315625 0.311719 0.046875 0.070312
24 0.393750 0.307812 0.068750 0.062500
9 0.090625 0.419531 0.056250 0.064062
32 0.169531 0.420312 0.060937 0.065625
7 0.243750 0.418750 0.062500 0.062500
19 0.322656 0.423438 0.060937 0.071875
5 0.404687 0.419531 0.068750 0.064062
24 0.096875 0.534375 0.068750 0.065625
16 0.177344 0.533594 0.057813 0.064062
3 0.255469 0.534375 0.057813 0.065625
10 0.335156 0.535937 0.060937 0.068750
33 0.415625 0.534375 0.062500 0.065625
2 0.548438 0.096094 0.062500 0.067187
1 0.634375 0.097656 0.071875 0.070312
16 0.714844 0.094531 0.057813 0.064062
29 0.778125 0.097656 0.046875 0.070312
28 0.849219 0.099219 0.070312 0.073438
21 0.550000 0.210156 0.065625 0.064062
1 0.637500 0.213281 0.071875 0.070312
35 0.728125 0.210156 0.075000 0.064062
29 0.809375 0.213281 0.046875 0.070312
29 0.873437 0.213281 0.050000 0.070312
6 0.553125 0.321875 0.071875 0.065625
1 0.639062 0.322656 0.068750 0.067187
34 0.716406 0.323437 0.064062 0.068750
22 0.790625 0.320312 0.068750 0.062500
0 0.874219 0.321875 0.057813 0.065625
30 0.546094 0.429688 0.057813 0.062500
31 0.621094 0.429688 0.064062 0.062500
13 0.707031 0.432031 0.067187 0.067187
23 0.781250 0.429688 0.062500 0.062500
28 0.553906 0.546094 0.073438 0.076563
24 0.640625 0.540625 0.068750 0.065625
3 0.714844 0.542188 0.060937 0.068750
12 0.799219 0.539844 0.067187 0.064062
16 0.872656 0.539844 0.057813 0.064062
9 0.545312 0.649219 0.056250 0.064062
25 0.621875 0.650781 0.065625 0.067187
35 0.701562 0.649219 0.075000 0.064062
20 0.785156 0.653125 0.060937 0.071875
