3 0.091406 0.095312 0.057813 0.065625
2 0.164062 0.094531 0.059375 0.064062
26 0.242969 0.095312 0.070312 0.065625
35 0.331250 0.096094 0.078125 0.067187
28 0.097656 0.199219 0.070312 0.073438
8 0.165625 0.193750 0.046875 0.062500
25 0.229687 0.194531 0.062500 0.064062
34 0.310156 0.196875 0.064062 0.068750
9 0.390625 0.194531 0.059375 0.064062
9 0.090625 0.308594 0.056250 0.064062
26 0.163281 0.309375 0.073438 0.065625
20 0.250781 0.312500 0.060937 0.071875
35 0.332813 0.308594 0.075000 0.064062
2 0.420312 0.310156 0.062500 0.067187
7 0.093750 0.412500 0.062500 0.062500
7 0.175000 0.412500 0.062500 0.062500
7 0.248438 0.414062 0.065625 0.065625
4 0.331250 0.414062 0.059375 0.065625
8 0.396875 0.412500 0.046875 0.062500
26 0.099219 0.518750 0.073438 0.065625
2 0.185938 0.517969 0.059375 0.064062
24 0.265625 0.517188 0.068750 0.062500
24 0.351562 0.518750 0.071875 0.065625
8 0.085938 0.626563 0.046875 0.062500
2 0.153125 0.627344 0.059375 0.064062
1 0.232813 0.630469 0.071875 0.070312
37 0.307812 0.628125 0.062500 0.065625
13 0.388281 0.628906 0.067187 0.067187
24 0.551562 0.093750 0.068750 0.062500
0 0.635156 0.095312 0.057813 0.065625
11 0.704688 0.095312 0.062500 0.065625
23 0.779687 0.095312 0.065625 0.065625
24 0.553125 0.203125 0.071875 0.065625
35 0.643750 0.203906 0.078125 0.067187
0 0.730469 0.204687 0.060937 0.068750
24 0.815625 0.201563 0.068750 0.062500
2 0.893750 0.203906 0.062500 0.067187
26 0.553906 0.312500 0.073438 0.065625
28 0.644531 0.317969 0.073438 0.076563
37 0.732812 0.312500 0.062500 0.065625
7 0.807813 0.312500 0.065625 0.065625
32 0.547656 0.429688 0.060937 0.065625
19 0.627344 0.432812 0.060937 0.071875
29 0.690625 0.432031 0.050000 0.070312
25 0.768750 0.430469 0.065625 0.067187
12 0.852344 0.430469 0.070312 0.067187
33 0.550000 0.539062 0.065625 0.068750
1 0.635938 0.538281 0.068750 0.067187
7 0.714063 0.537500 0.065625 0.065625
21 0.795312 0.536719 0.065625 0.064062
17 0.546875 0.638281 0.059375 0.064062
21 0.626563 0.638281 0.065625 0.064062
0 0.702344 0.640625 0.060937 0.068750
2 0.770312 0.638281 0.059375 0.064062
2 0.845313 0.638281 0.059375 0.064062
9 0.546875 0.746094 0.059375 0.064062
11 0.621875 0.746875 0.062500 0.065625
27 0.696094 0.747656 0.070312 0.067187
35 0.784375 0.747656 0.075000 0.067187
0 0.861719 0.748437 0.060937 0.068750
22 0.551562 0.846875 0.068750 0.062500
18 0.628906 0.849219 0.067187 0.067187
12 0.710156 0.847656 0.067187 0.064062
10 0.783594 0.851562 0.064062 0.071875
36 0.860938 0.847656 0.068750 0.064062
