13 0.094531 0.094531 0.064062 0.064062
10 0.175781 0.096875 0.060937 0.068750
14 0.249219 0.093750 0.060937 0.062500
21 0.326562 0.096094 0.068750 0.067187
15 0.091406 0.209375 0.057813 0.075000
17 0.167187 0.205469 0.062500 0.067187
34 0.244531 0.207813 0.067187 0.071875
18 0.328906 0.205469 0.067187 0.067187
22 0.410938 0.203125 0.068750 0.062500
17 0.485938 0.203906 0.059375 0.064062
23 0.567187 0.203125 0.062500 0.062500
24 0.096875 0.310937 0.068750 0.062500
24 0.182812 0.312500 0.071875 0.065625
0 0.263281 0.312500 0.057813 0.065625
5 0.342187 0.313281 0.071875 0.067187
7 0.095312 0.412500 0.065625 0.065625
27 0.174219 0.414844 0.073438 0.070312
28 0.261719 0.416406 0.070312 0.073438
1 0.340625 0.413281 0.068750 0.067187
28 0.428906 0.416406 0.070312 0.073438
27 0.097656 0.524219 0.070312 0.067187
11 0.171875 0.523438 0.059375 0.065625
6 0.251563 0.523438 0.071875 0.065625
28 0.330469 0.527344 0.070312 0.073438
36 0.412500 0.522656 0.068750 0.064062
