27 0.099219 0.097656 0.073438 0.070312
18 0.180469 0.096094 0.067187 0.067187
10 0.260156 0.098437 0.064062 0.071875
32 0.335156 0.095312 0.060937 0.065625
1 0.096875 0.210156 0.068750 0.067187
11 0.178125 0.209375 0.059375 0.065625
24 0.254688 0.209375 0.071875 0.065625
18 0.330469 0.208594 0.064062 0.064062
19 0.092969 0.323437 0.060937 0.071875
7 0.175000 0.320312 0.065625 0.065625
1 0.262500 0.321094 0.068750 0.067187
37 0.334375 0.318750 0.059375 0.062500
25 0.409375 0.319531 0.062500 0.064062
17 0.093750 0.436719 0.062500 0.067187
1 0.171875 0.436719 0.068750 0.067187
27 0.252344 0.436719 0.070312 0.067187
23 0.339062 0.434375 0.062500 0.062500
17 0.414062 0.435156 0.059375 0.064062
14 0.094531 0.535937 0.064062 0.065625
12 0.174219 0.535156 0.067187 0.064062
4 0.250000 0.535937 0.059375 0.065625
10 0.325781 0.537500 0.060937 0.068750
24 0.098437 0.648438 0.071875 0.065625
25 0.181250 0.647656 0.062500 0.064062
21 0.253125 0.647656 0.065625 0.064062
12 0.335156 0.647656 0.067187 0.064062
11 0.418750 0.648438 0.059375 0.065625
30 0.491406 0.646875 0.060937 0.062500
8 0.564063 0.648438 0.050000 0.065625
25 0.093750 0.747656 0.062500 0.064062
17 0.171875 0.747656 0.059375 0.064062
15 0.242969 0.754687 0.060937 0.078125
0 0.310156 0.748437 0.057813 0.065625
10 0.382031 0.750000 0.060937 0.068750
37 0.453125 0.746875 0.059375 0.062500
