6 0.096875 0.093750 0.068750 0.062500
12 0.183594 0.094531 0.067187 0.064062
0 0.260156 0.096875 0.060937 0.068750
18 0.336719 0.094531 0.064062 0.064062
34 0.411719 0.098437 0.067187 0.071875
11 0.489063 0.095312 0.059375 0.065625
11 0.557813 0.096875 0.062500 0.068750
2 0.092188 0.203906 0.059375 0.064062
14 0.167969 0.203125 0.060937 0.062500
30 0.249219 0.204687 0.060937 0.065625
21 0.334375 0.205469 0.068750 0.067187
12 0.413281 0.203906 0.067187 0.064062
4 0.092188 0.312500 0.059375 0.065625
19 0.164844 0.315625 0.060937 0.071875
22 0.242188 0.310937 0.068750 0.062500
11 0.323437 0.312500 0.059375 0.065625
26 0.397656 0.310937 0.070312 0.062500
32 0.475781 0.310937 0.060937 0.062500
36 0.556250 0.313281 0.071875 0.067187
21 0.096875 0.422656 0.068750 0.067187
14 0.171094 0.421875 0.064062 0.065625
25 0.256250 0.422656 0.065625 0.067187
25 0.334375 0.422656 0.065625 0.067187
10 0.417969 0.425000 0.064062 0.071875
6 0.496875 0.421875 0.071875 0.065625
14 0.580469 0.421875 0.064062 0.065625
23 0.093750 0.534375 0.062500 0.062500
21 0.175000 0.535156 0.065625 0.064062
5 0.257812 0.535156 0.068750 0.064062
20 0.342969 0.539062 0.064062 0.071875
19 0.414844 0.539062 0.060937 0.071875
