16 0.092969 0.094531 0.060937 0.064062
20 0.166406 0.098437 0.060937 0.071875
9 0.243750 0.094531 0.056250 0.064062
27 0.322656 0.097656 0.073438 0.070312
12 0.096094 0.208594 0.067187 0.064062
5 0.182812 0.208594 0.068750 0.064062
14 0.264844 0.209375 0.064062 0.065625
33 0.346875 0.209375 0.062500 0.065625
7 0.418750 0.207813 0.062500 0.062500
35 0.101562 0.316406 0.078125 0.067187
6 0.187500 0.314063 0.068750 0.062500
3 0.263281 0.315625 0.060937 0.065625
4 0.337500 0.317188 0.062500 0.068750
3 0.408594 0.315625 0.060937 0.065625
13 0.094531 0.427344 0.064062 0.064062
37 0.167187 0.426563 0.059375 0.062500
22 0.245312 0.428125 0.068750 0.065625
9 0.326562 0.427344 0.056250 0.064062
20 0.092969 0.535937 0.060937 0.071875
2 0.173437 0.532031 0.059375 0.064062
13 0.255469 0.533594 0.067187 0.067187
14 0.339844 0.531250 0.060937 0.062500
6 0.415625 0.532813 0.071875 0.065625
9 0.090625 0.647656 0.056250 0.064062
0 0.160156 0.648438 0.060937 0.065625
23 0.239063 0.646875 0.062500 0.062500
10 0.313281 0.651563 0.064062 0.071875
31 0.394531 0.646875 0.064062 0.062500
27 0.552344 0.096094 0.070312 0.067187
25 0.635938 0.096094 0.065625 0.067187
37 0.715625 0.093750 0.062500 0.062500
14 0.797656 0.095312 0.064062 0.065625
6 0.882812 0.095312 0.071875 0.065625
18 0.550781 0.199219 0.067187 0.067187
36 0.632812 0.197656 0.068750 0.064062
30 0.708594 0.198437 0.060937 0.065625
9 0.785937 0.197656 0.056250 0.064062
7 0.548438 0.306250 0.062500 0.062500
34 0.628906 0.310937 0.067187 0.071875
3 0.705469 0.307812 0.057813 0.065625
5 0.785937 0.307031 0.068750 0.064062
26 0.863281 0.306250 0.070312 0.062500
34 0.549219 0.423438 0.064062 0.068750
25 0.621875 0.422656 0.065625 0.067187
9 0.703125 0.421094 0.056250 0.064062
35 0.785937 0.422656 0.078125 0.067187
19 0.875781 0.425000 0.060937 0.071875
34 0.550781 0.540625 0.067187 0.071875
11 0.621875 0.537500 0.059375 0.065625
8 0.682813 0.535937 0.046875 0.062500
30 0.746094 0.535937 0.057813 0.062500
20 0.819531 0.540625 0.060937 0.071875
