11 0.092188 0.095312 0.059375 0.065625
21 0.167187 0.096094 0.068750 0.067187
4 0.251563 0.095312 0.059375 0.065625
18 0.333594 0.096094 0.067187 0.067187
33 0.407813 0.095312 0.062500 0.065625
9 0.484375 0.096094 0.059375 0.067187
26 0.564844 0.093750 0.070312 0.062500
13 0.094531 0.202344 0.064062 0.064062
33 0.173437 0.204687 0.065625 0.068750
5 0.250000 0.202344 0.068750 0.064062
36 0.337500 0.203906 0.071875 0.067187
9 0.412500 0.202344 0.056250 0.064062
12 0.486719 0.203906 0.070312 0.067187
16 0.091406 0.303906 0.057813 0.064062
36 0.170313 0.303906 0.068750 0.064062
8 0.243750 0.304688 0.050000 0.065625
26 0.324219 0.304688 0.070312 0.065625
19 0.400781 0.307812 0.060937 0.071875
30 0.478906 0.303125 0.057813 0.062500
23 0.095312 0.409375 0.065625 0.065625
24 0.182812 0.409375 0.071875 0.065625
32 0.261719 0.409375 0.060937 0.065625
6 0.346875 0.407813 0.068750 0.062500
14 0.094531 0.510938 0.064062 0.065625
4 0.170313 0.510938 0.059375 0.065625
30 0.244531 0.510938 0.060937 0.065625
37 0.312500 0.509375 0.059375 0.062500
20 0.382031 0.514062 0.060937 0.071875
20 0.452344 0.515625 0.064062 0.075000
