15 0.091406 0.100000 0.057813 0.075000
36 0.170313 0.096094 0.071875 0.067187
17 0.253125 0.094531 0.059375 0.064062
25 0.335938 0.096094 0.065625 0.067187
14 0.407031 0.093750 0.060937 0.062500
31 0.096094 0.203125 0.067187 0.065625
29 0.164062 0.205469 0.046875 0.070312
14 0.230469 0.203125 0.064062 0.065625
20 0.303906 0.206250 0.060937 0.071875
5 0.389062 0.202344 0.068750 0.064062
19 0.469531 0.206250 0.064062 0.071875
14 0.542969 0.201563 0.060937 0.062500
37 0.093750 0.314063 0.062500 0.065625
33 0.176563 0.315625 0.065625 0.068750
17 0.257812 0.313281 0.059375 0.064062
14 0.327344 0.314063 0.064062 0.065625
6 0.412500 0.314063 0.071875 0.065625
26 0.097656 0.414062 0.070312 0.062500
27 0.180469 0.416406 0.070312 0.067187
4 0.265625 0.417187 0.062500 0.068750
2 0.340625 0.416406 0.062500 0.067187
2 0.410938 0.414844 0.059375 0.064062
9 0.090625 0.517969 0.056250 0.064062
21 0.162500 0.519531 0.068750 0.067187
32 0.236719 0.517188 0.057813 0.062500
31 0.305469 0.517188 0.064062 0.062500
21 0.385937 0.517969 0.065625 0.064062
