16 0.092969 0.096094 0.060937 0.067187
19 0.161719 0.098437 0.060937 0.071875
31 0.236719 0.093750 0.064062 0.062500
34 0.316406 0.096875 0.064062 0.068750
29 0.087500 0.202344 0.050000 0.070312
24 0.157812 0.198437 0.068750 0.062500
13 0.244531 0.199219 0.064062 0.064062
24 0.332813 0.200000 0.071875 0.065625
32 0.419531 0.200000 0.060937 0.065625
27 0.097656 0.308594 0.070312 0.067187
23 0.181250 0.306250 0.062500 0.062500
0 0.253906 0.309375 0.060937 0.068750
37 0.326562 0.307812 0.062500 0.065625
28 0.403906 0.313281 0.073438 0.076563
25 0.093750 0.419531 0.062500 0.064062
22 0.170313 0.418750 0.068750 0.062500
23 0.257812 0.420312 0.065625 0.065625
34 0.335156 0.421875 0.064062 0.068750
33 0.418750 0.420312 0.062500 0.065625
4 0.092188 0.523438 0.059375 0.065625
16 0.166406 0.522656 0.060937 0.064062
18 0.246094 0.522656 0.064062 0.064062
3 0.317969 0.525000 0.060937 0.068750
32 0.385156 0.521875 0.057813 0.062500
1 0.551562 0.096094 0.068750 0.067187
11 0.626563 0.095312 0.059375 0.065625
26 0.702344 0.095312 0.073438 0.065625
33 0.790625 0.095312 0.062500 0.065625
8 0.853125 0.093750 0.046875 0.062500
29 0.542188 0.199219 0.050000 0.073438
8 0.606250 0.193750 0.046875 0.062500
37 0.675000 0.193750 0.059375 0.062500
1 0.753125 0.196094 0.068750 0.067187
32 0.546094 0.300000 0.057813 0.062500
27 0.622656 0.302344 0.070312 0.067187
8 0.703125 0.300000 0.050000 0.062500
24 0.784375 0.301563 0.071875 0.065625
27 0.864844 0.303906 0.073438 0.070312
22 0.551562 0.403125 0.068750 0.062500
10 0.628906 0.406250 0.060937 0.068750
37 0.710938 0.404687 0.062500 0.065625
21 0.784375 0.403906 0.065625 0.064062
18 0.550781 0.517969 0.067187 0.067187
37 0.631250 0.515625 0.059375 0.062500
17 0.703125 0.516406 0.059375 0.064062
28 0.780469 0.522656 0.073438 0.076563
33 0.867188 0.518750 0.065625 0.068750
11 0.546875 0.634375 0.059375 0.065625
2 0.617188 0.633594 0.059375 0.064062
27 0.699219 0.635156 0.070312 0.067187
20 0.778906 0.637500 0.060937 0.071875
