31 0.096094 0.095312 0.067187 0.065625
25 0.171875 0.094531 0.062500 0.064062
7 0.253125 0.095312 0.065625 0.065625
28 0.338281 0.100781 0.073438 0.076563
8 0.414062 0.093750 0.050000 0.062500
27 0.097656 0.213281 0.070312 0.067187
14 0.180469 0.210938 0.060937 0.062500
1 0.259375 0.214844 0.071875 0.070312
27 0.342969 0.213281 0.070312 0.067187
17 0.428125 0.213281 0.062500 0.067187
3 0.091406 0.321875 0.057813 0.065625
7 0.162500 0.321875 0.065625 0.065625
22 0.243750 0.320312 0.068750 0.062500
30 0.325781 0.321875 0.060937 0.065625
17 0.395313 0.321094 0.059375 0.064062
3 0.091406 0.420312 0.057813 0.065625
3 0.166406 0.421875 0.060937 0.068750
35 0.251563 0.421094 0.078125 0.067187
13 0.344531 0.421094 0.067187 0.067187
20 0.425781 0.425000 0.064062 0.075000
7 0.093750 0.526563 0.062500 0.062500
11 0.170313 0.528125 0.059375 0.065625
10 0.247656 0.531250 0.064062 0.071875
5 0.332813 0.527344 0.068750 0.064062
5 0.412500 0.527344 0.068750 0.064062
28 0.553906 0.100781 0.073438 0.076563
0 0.636719 0.095312 0.057813 0.065625
34 0.705469 0.096875 0.064062 0.068750
18 0.789844 0.094531 0.064062 0.064062
3 0.546094 0.210938 0.057813 0.065625
5 0.620313 0.210156 0.068750 0.064062
2 0.704688 0.211719 0.062500 0.067187
11 0.785937 0.212500 0.062500 0.068750
5 0.553125 0.316406 0.071875 0.067187
36 0.639062 0.314844 0.068750 0.064062
10 0.714844 0.317188 0.060937 0.068750
18 0.785156 0.314844 0.064062 0.064062
27 0.864844 0.316406 0.070312 0.067187
4 0.546875 0.421875 0.059375 0.065625
21 0.628125 0.421094 0.065625 0.064062
25 0.714063 0.422656 0.065625 0.067187
37 0.793750 0.420312 0.059375 0.062500
16 0.546094 0.524219 0.057813 0.064062
10 0.619531 0.528125 0.064062 0.071875
37 0.693750 0.523438 0.059375 0.062500
4 0.762500 0.525000 0.059375 0.065625
22 0.551562 0.637500 0.068750 0.065625
17 0.632812 0.636719 0.059375 0.064062
6 0.704688 0.637500 0.068750 0.065625
2 0.790625 0.638281 0.062500 0.067187
15 0.867969 0.642188 0.057813 0.075000
30 0.547656 0.746875 0.060937 0.062500
10 0.628906 0.750000 0.060937 0.068750
1 0.704688 0.750781 0.071875 0.070312
12 0.792969 0.749219 0.070312 0.067187
31 0.875781 0.746875 0.064062 0.062500
34 0.549219 0.862500 0.064062 0.068750
23 0.623437 0.859375 0.062500 0.062500
37 0.695312 0.859375 0.059375 0.062500
12 0.767969 0.860156 0.067187 0.064062
8 0.837500 0.859375 0.046875 0.062500
