37 0.092188 0.093750 0.059375 0.062500
12 0.172656 0.096094 0.070312 0.067187
18 0.249219 0.096094 0.067187 0.067187
5 0.329688 0.096094 0.071875 0.067187
22 0.096875 0.195312 0.068750 0.065625
32 0.178906 0.193750 0.060937 0.062500
1 0.265625 0.197656 0.071875 0.070312
6 0.345313 0.193750 0.068750 0.062500
30 0.092969 0.304688 0.060937 0.065625
23 0.175000 0.304688 0.065625 0.065625
27 0.255469 0.305469 0.070312 0.067187
35 0.335938 0.303906 0.075000 0.064062
7 0.417187 0.304688 0.065625 0.065625
6 0.098437 0.412500 0.071875 0.065625
28 0.180469 0.416406 0.070312 0.073438
2 0.254688 0.413281 0.062500 0.067187
27 0.338281 0.414844 0.073438 0.070312
3 0.419531 0.414062 0.060937 0.068750
2 0.092188 0.528906 0.059375 0.064062
0 0.171094 0.529687 0.057813 0.065625
7 0.240625 0.529687 0.065625 0.065625
8 0.310937 0.529687 0.050000 0.065625
26 0.386719 0.528125 0.070312 0.062500
20 0.549219 0.100000 0.064062 0.075000
24 0.632812 0.093750 0.068750 0.062500
13 0.713281 0.094531 0.064062 0.064062
9 0.790625 0.094531 0.056250 0.064062
29 0.542188 0.213281 0.050000 0.070312
35 0.618750 0.211719 0.078125 0.067187
29 0.700000 0.213281 0.046875 0.070312
2 0.773438 0.211719 0.062500 0.067187
29 0.542188 0.324219 0.050000 0.073438
3 0.607031 0.320312 0.057813 0.065625
4 0.676562 0.321875 0.062500 0.068750
14 0.755469 0.318750 0.060937 0.062500
1 0.832812 0.321094 0.068750 0.067187
24 0.551562 0.429688 0.068750 0.062500
14 0.636719 0.429688 0.060937 0.062500
11 0.709375 0.431250 0.059375 0.065625
23 0.785937 0.429688 0.062500 0.062500
4 0.864062 0.431250 0.059375 0.065625
19 0.549219 0.539062 0.064062 0.075000
4 0.621875 0.535937 0.062500 0.068750
27 0.700781 0.536719 0.073438 0.070312
14 0.789844 0.534375 0.064062 0.065625
23 0.867188 0.534375 0.065625 0.065625
6 0.553125 0.650000 0.071875 0.065625
3 0.635156 0.650000 0.057813 0.065625
33 0.709375 0.651563 0.065625 0.068750
8 0.778125 0.648438 0.050000 0.062500
13 0.846094 0.650781 0.067187 0.067187
16 0.547656 0.757031 0.060937 0.067187
28 0.625781 0.760156 0.070312 0.073438
17 0.709375 0.757031 0.062500 0.067187
29 0.778125 0.758594 0.046875 0.070312
