15 0.091406 0.100000 0.057813 0.075000
19 0.171094 0.098437 0.064062 0.071875
9 0.250000 0.096094 0.059375 0.067187
28 0.333594 0.100781 0.073438 0.076563
35 0.420312 0.094531 0.075000 0.064062
21 0.095312 0.213281 0.065625 0.064062
19 0.169531 0.218750 0.064062 0.075000
19 0.244531 0.218750 0.064062 0.075000
5 0.331250 0.213281 0.068750 0.064062
20 0.405469 0.218750 0.064062 0.075000
9 0.090625 0.328906 0.056250 0.064062
0 0.158594 0.331250 0.060937 0.068750
11 0.239063 0.329688 0.059375 0.065625
23 0.321875 0.329688 0.065625 0.065625
2 0.404687 0.328906 0.062500 0.064062
3 0.091406 0.442188 0.057813 0.065625
13 0.171094 0.442969 0.067187 0.067187
17 0.253125 0.442969 0.062500 0.067187
33 0.328125 0.442188 0.062500 0.065625
3 0.092969 0.553125 0.060937 0.068750
4 0.168750 0.551562 0.059375 0.065625
29 0.237500 0.555469 0.050000 0.073438
17 0.309375 0.550781 0.059375 0.064062
37 0.387500 0.551562 0.062500 0.065625
28 0.099219 0.672656 0.073438 0.076563
24 0.185938 0.665625 0.068750 0.062500
4 0.257812 0.667188 0.059375 0.065625
1 0.343750 0.669531 0.071875 0.070312
11 0.426563 0.668750 0.062500 0.068750
18 0.096094 0.785156 0.067187 0.067187
23 0.176563 0.784375 0.065625 0.065625
19 0.253906 0.787500 0.060937 0.071875
29 0.326562 0.786719 0.046875 0.070312
2 0.093750 0.897656 0.062500 0.067187
22 0.176563 0.895312 0.068750 0.062500
21 0.253125 0.897656 0.068750 0.067187
35 0.343750 0.897656 0.078125 0.067187
2 0.421875 0.896094 0.059375 0.064062
16 0.546094 0.094531 0.057813 0.064062
25 0.617188 0.096094 0.065625 0.067187
28 0.697656 0.099219 0.070312 0.073438
13 0.777344 0.096094 0.067187 0.067187
30 0.546094 0.206250 0.057813 0.062500
19 0.625781 0.210938 0.060937 0.071875
20 0.697656 0.212500 0.064062 0.075000
1 0.773438 0.210156 0.071875 0.070312
32 0.850781 0.206250 0.057813 0.062500
33 0.550000 0.320312 0.065625 0.068750
5 0.634375 0.317969 0.068750 0.064062
20 0.711719 0.321875 0.060937 0.071875
14 0.792969 0.318750 0.064062 0.065625
8 0.860938 0.317188 0.046875 0.062500
2 0.546875 0.432031 0.059375 0.064062
9 0.615625 0.432031 0.056250 0.064062
12 0.697656 0.433594 0.070312 0.067187
4 0.770312 0.432812 0.059375 0.065625
24 0.846875 0.431250 0.068750 0.062500
36 0.553125 0.541406 0.071875 0.067187
8 0.626563 0.539062 0.046875 0.062500
12 0.691406 0.539844 0.067187 0.064062
19 0.772656 0.545312 0.064062 0.075000
1 0.553125 0.653906 0.071875 0.070312
7 0.635938 0.650000 0.062500 0.062500
29 0.701562 0.653906 0.050000 0.070312
2 0.765625 0.650781 0.059375 0.064062
24 0.848437 0.650000 0.068750 0.062500
1 0.553125 0.760156 0.071875 0.070312
19 0.635156 0.762500 0.064062 0.075000
37 0.714063 0.756250 0.059375 0.062500
19 0.792969 0.762500 0.064062 0.075000
