7 0.095312 0.095312 0.065625 0.065625
0 0.169531 0.095312 0.057813 0.065625
33 0.250000 0.096875 0.065625 0.068750
27 0.333594 0.097656 0.073438 0.070312
27 0.422656 0.096094 0.070312 0.067187
23 0.095312 0.201563 0.065625 0.065625
9 0.176563 0.202344 0.059375 0.067187
22 0.259375 0.200000 0.068750 0.062500
13 0.346094 0.200781 0.064062 0.064062
30 0.425781 0.200000 0.057813 0.062500
10 0.094531 0.304688 0.064062 0.071875
16 0.175781 0.302344 0.060937 0.067187
4 0.245312 0.303125 0.062500 0.068750
13 0.321094 0.300781 0.064062 0.064062
27 0.400781 0.302344 0.070312 0.067187
12 0.096094 0.413281 0.067187 0.064062
0 0.166406 0.414062 0.057813 0.065625
25 0.246875 0.413281 0.062500 0.064062
18 0.328906 0.413281 0.064062 0.064062
33 0.406250 0.414062 0.062500 0.065625
6 0.096875 0.517188 0.068750 0.062500
26 0.182031 0.518750 0.073438 0.065625
28 0.271094 0.524219 0.073438 0.076563
4 0.356250 0.518750 0.059375 0.065625
12 0.435156 0.517969 0.067187 0.064062
15 0.091406 0.632812 0.057813 0.075000
1 0.171875 0.630469 0.071875 0.070312
5 0.254688 0.627344 0.068750 0.064062
19 0.327344 0.631250 0.060937 0.071875
26 0.402344 0.628125 0.073438 0.065625
31 0.094531 0.742188 0.064062 0.062500
28 0.177344 0.749219 0.073438 0.076563
22 0.262500 0.743750 0.068750 0.065625
24 0.345313 0.742188 0.068750 0.062500
11 0.425000 0.743750 0.059375 0.065625
33 0.093750 0.857812 0.062500 0.065625
31 0.171094 0.857812 0.067187 0.065625
15 0.250781 0.862500 0.057813 0.075000
32 0.325781 0.857812 0.060937 0.065625
10 0.403906 0.859375 0.060937 0.068750
3 0.546094 0.095312 0.057813 0.065625
24 0.617188 0.093750 0.068750 0.062500
26 0.696094 0.093750 0.070312 0.062500
29 0.768750 0.097656 0.046875 0.070312
30 0.546094 0.198437 0.057813 0.062500
19 0.616406 0.203125 0.060937 0.071875
24 0.693750 0.198437 0.068750 0.062500
17 0.778125 0.199219 0.062500 0.064062
14 0.852344 0.200000 0.064062 0.065625
29 0.540625 0.317969 0.046875 0.070312
29 0.600000 0.317969 0.050000 0.070312
4 0.662500 0.315625 0.059375 0.065625
6 0.742188 0.314063 0.068750 0.062500
26 0.553906 0.426563 0.073438 0.065625
21 0.635938 0.425781 0.065625 0.064062
6 0.720313 0.425000 0.068750 0.062500
12 0.796094 0.427344 0.067187 0.067187
32 0.866406 0.425000 0.057813 0.062500
26 0.552344 0.534375 0.070312 0.062500
36 0.635938 0.535156 0.068750 0.064062
16 0.710156 0.535156 0.057813 0.064062
23 0.778125 0.534375 0.062500 0.062500
33 0.853125 0.537500 0.065625 0.068750
9 0.545312 0.646094 0.056250 0.064062
35 0.632812 0.647656 0.078125 0.067187
5 0.721875 0.647656 0.071875 0.067187
5 0.810937 0.647656 0.071875 0.067187
37 0.893750 0.645312 0.059375 0.062500
29 0.540625 0.752344 0.046875 0.070312
3 0.611719 0.751563 0.060937 0.068750
36 0.689063 0.749219 0.068750 0.064062
0 0.766406 0.751563 0.060937 0.068750
6 0.851562 0.750000 0.068750 0.065625
