27 0.099219 0.097656 0.073438 0.070312
19 0.186719 0.098437 0.060937 0.071875
30 0.257031 0.095312 0.060937 0.065625
25 0.335938 0.096094 0.065625 0.067187
15 0.413281 0.101562 0.060937 0.078125
22 0.096875 0.207813 0.068750 0.065625
7 0.178125 0.207813 0.065625 0.065625
24 0.256250 0.206250 0.068750 0.062500
14 0.333594 0.206250 0.060937 0.062500
28 0.414844 0.211719 0.070312 0.073438
14 0.489844 0.206250 0.064062 0.062500
21 0.575000 0.207031 0.065625 0.064062
23 0.095312 0.315625 0.065625 0.065625
12 0.182031 0.314844 0.067187 0.064062
30 0.255469 0.314063 0.060937 0.062500
0 0.328906 0.315625 0.057813 0.065625
0 0.091406 0.421875 0.057813 0.065625
31 0.163281 0.420312 0.064062 0.062500
4 0.240625 0.421875 0.059375 0.065625
19 0.314844 0.425000 0.060937 0.071875
22 0.392188 0.421875 0.068750 0.065625
34 0.477344 0.423438 0.064062 0.068750
29 0.546875 0.424219 0.050000 0.070312
15 0.092969 0.540625 0.060937 0.078125
29 0.167187 0.536719 0.046875 0.070312
36 0.240625 0.535156 0.071875 0.067187
13 0.322656 0.533594 0.064062 0.064062
14 0.400781 0.532813 0.060937 0.062500
9 0.092188 0.650781 0.059375 0.067187
17 0.168750 0.650781 0.062500 0.067187
32 0.246094 0.648438 0.060937 0.062500
18 0.321094 0.649219 0.064062 0.064062
35 0.400000 0.650781 0.078125 0.067187
21 0.482812 0.649219 0.065625 0.064062
30 0.564844 0.648438 0.057813 0.062500
16 0.091406 0.749219 0.057813 0.064062
34 0.166406 0.751563 0.064062 0.068750
27 0.249219 0.752344 0.073438 0.070312
8 0.329688 0.748437 0.046875 0.062500
22 0.406250 0.750000 0.071875 0.065625
4 0.479687 0.750000 0.059375 0.065625
2 0.548438 0.749219 0.062500 0.064062
1 0.096875 0.853906 0.068750 0.067187
11 0.173437 0.854688 0.062500 0.068750
3 0.249219 0.853125 0.057813 0.065625
3 0.327344 0.853125 0.057813 0.065625
32 0.397656 0.851562 0.057813 0.062500
7 0.471875 0.851562 0.062500 0.062500
