20 0.094531 0.100000 0.064062 0.075000
11 0.168750 0.095312 0.059375 0.065625
18 0.241406 0.094531 0.064062 0.064062
20 0.313281 0.100000 0.064062 0.075000
19 0.392969 0.098437 0.060937 0.071875
16 0.091406 0.210156 0.057813 0.064062
4 0.159375 0.210938 0.059375 0.065625
36 0.242188 0.211719 0.068750 0.067187
35 0.331250 0.210156 0.075000 0.064062
22 0.425000 0.210938 0.071875 0.065625
18 0.507031 0.210156 0.064062 0.064062
18 0.580469 0.210156 0.064062 0.064062
18 0.096094 0.321094 0.067187 0.067187
22 0.185938 0.320312 0.071875 0.065625
1 0.276562 0.321094 0.068750 0.067187
12 0.358594 0.321094 0.070312 0.067187
10 0.436719 0.321875 0.060937 0.068750
12 0.516406 0.321094 0.070312 0.067187
24 0.593750 0.318750 0.068750 0.062500
12 0.096094 0.430469 0.067187 0.064062
0 0.172656 0.431250 0.057813 0.065625
7 0.243750 0.431250 0.065625 0.065625
14 0.324219 0.431250 0.064062 0.065625
33 0.400000 0.431250 0.062500 0.065625
23 0.473438 0.429688 0.062500 0.062500
2 0.553125 0.430469 0.059375 0.064062
29 0.087500 0.533594 0.050000 0.070312
26 0.163281 0.529687 0.070312 0.062500
33 0.237500 0.531250 0.062500 0.065625
24 0.315625 0.531250 0.071875 0.065625
35 0.409375 0.530469 0.075000 0.064062
9 0.492188 0.530469 0.059375 0.064062
27 0.097656 0.641406 0.070312 0.067187
17 0.176563 0.639844 0.059375 0.064062
17 0.246875 0.639844 0.059375 0.064062
31 0.325781 0.640625 0.067187 0.065625
11 0.404687 0.642188 0.062500 0.068750
