17 0.092188 0.094531 0.059375 0.064062
7 0.173437 0.093750 0.062500 0.062500
7 0.246875 0.093750 0.062500 0.062500
7 0.318750 0.093750 0.062500 0.062500
6 0.401562 0.095312 0.071875 0.065625
13 0.094531 0.199219 0.064062 0.064062
24 0.181250 0.200000 0.071875 0.065625
32 0.260156 0.198437 0.057813 0.062500
24 0.345313 0.200000 0.071875 0.065625
26 0.435156 0.198437 0.070312 0.062500
7 0.095312 0.300000 0.065625 0.065625
15 0.174219 0.304688 0.057813 0.075000
15 0.247656 0.306250 0.060937 0.078125
0 0.325781 0.300000 0.057813 0.065625
19 0.094531 0.417187 0.064062 0.075000
32 0.174219 0.410938 0.057813 0.062500
1 0.257812 0.413281 0.068750 0.067187
15 0.335156 0.417187 0.057813 0.075000
12 0.096094 0.528906 0.067187 0.064062
23 0.176563 0.528125 0.062500 0.062500
26 0.260156 0.528125 0.070312 0.062500
2 0.337500 0.528906 0.059375 0.064062
22 0.409375 0.528125 0.068750 0.062500
17 0.093750 0.625781 0.062500 0.064062
14 0.166406 0.625000 0.060937 0.062500
33 0.248438 0.628125 0.065625 0.068750
21 0.326562 0.625781 0.065625 0.064062
13 0.405469 0.627344 0.067187 0.067187
11 0.092188 0.739062 0.059375 0.065625
0 0.158594 0.739062 0.057813 0.065625
31 0.236719 0.739062 0.067187 0.065625
3 0.307031 0.739062 0.057813 0.065625
17 0.378125 0.738281 0.059375 0.064062
32 0.452344 0.739062 0.060937 0.065625
24 0.096875 0.845313 0.068750 0.062500
24 0.182812 0.846875 0.071875 0.065625
22 0.264062 0.845313 0.068750 0.062500
17 0.342187 0.846094 0.059375 0.064062
1 0.415625 0.847656 0.068750 0.067187
13 0.549219 0.094531 0.064062 0.064062
15 0.621094 0.100000 0.057813 0.075000
8 0.682813 0.093750 0.046875 0.062500
35 0.757812 0.096094 0.075000 0.067187
32 0.836719 0.093750 0.057813 0.062500
9 0.546875 0.211719 0.059375 0.067187
26 0.628906 0.210938 0.073438 0.065625
35 0.712500 0.211719 0.078125 0.067187
24 0.798438 0.210938 0.071875 0.065625
24 0.879687 0.209375 0.068750 0.062500
5 0.551562 0.311719 0.068750 0.064062
25 0.639062 0.313281 0.065625 0.067187
11 0.710938 0.312500 0.059375 0.065625
36 0.795312 0.313281 0.071875 0.067187
5 0.876563 0.313281 0.071875 0.067187
14 0.547656 0.420312 0.060937 0.062500
15 0.622656 0.428125 0.060937 0.078125
16 0.694531 0.422656 0.060937 0.067187
14 0.767969 0.420312 0.060937 0.062500
5 0.843750 0.421094 0.068750 0.064062
21 0.550000 0.542969 0.065625 0.064062
4 0.629687 0.543750 0.059375 0.065625
10 0.707031 0.545312 0.060937 0.068750
27 0.788281 0.546094 0.070312 0.070312
11 0.860938 0.543750 0.059375 0.065625
5 0.551562 0.652344 0.068750 0.064062
33 0.628125 0.654687 0.065625 0.068750
34 0.713281 0.656250 0.067187 0.071875
8 0.790625 0.653125 0.050000 0.065625
16 0.852344 0.652344 0.057813 0.064062
14 0.547656 0.759375 0.060937 0.062500
34 0.630469 0.762500 0.067187 0.068750
21 0.718750 0.761719 0.068750 0.067187
7 0.792188 0.759375 0.062500 0.062500
22 0.867188 0.760938 0.068750 0.065625
