10 0.094531 0.098437 0.064062 0.071875
36 0.181250 0.094531 0.068750 0.064062
16 0.263281 0.094531 0.057813 0.064062
12 0.341406 0.096094 0.070312 0.067187
2 0.423438 0.096094 0.062500 0.067187
0 0.091406 0.210938 0.057813 0.065625
12 0.174219 0.211719 0.070312 0.067187
16 0.257031 0.210156 0.057813 0.064062
37 0.325000 0.210938 0.062500 0.065625
13 0.400781 0.211719 0.067187 0.067187
33 0.095312 0.314063 0.065625 0.068750
37 0.171875 0.310937 0.059375 0.062500
37 0.248438 0.310937 0.059375 0.062500
22 0.328125 0.310937 0.068750 0.062500
17 0.092188 0.422656 0.059375 0.064062
19 0.169531 0.426563 0.060937 0.071875
24 0.256250 0.423438 0.071875 0.065625
1 0.342187 0.424219 0.068750 0.067187
14 0.421094 0.421875 0.060937 0.062500
37 0.092188 0.537500 0.059375 0.062500
2 0.171875 0.538281 0.059375 0.064062
7 0.251563 0.537500 0.062500 0.062500
37 0.332813 0.539062 0.062500 0.065625
8 0.401562 0.537500 0.046875 0.062500
31 0.096094 0.648438 0.067187 0.065625
9 0.165625 0.647656 0.056250 0.064062
35 0.245312 0.647656 0.075000 0.064062
27 0.325781 0.649219 0.070312 0.067187
7 0.404687 0.646875 0.062500 0.062500
36 0.096875 0.752344 0.068750 0.064062
12 0.175781 0.753906 0.070312 0.067187
12 0.260156 0.753906 0.070312 0.067187
29 0.334375 0.755469 0.046875 0.070312
30 0.407031 0.751563 0.057813 0.062500
10 0.549219 0.098437 0.064062 0.071875
11 0.625000 0.095312 0.059375 0.065625
2 0.695312 0.094531 0.059375 0.064062
35 0.773438 0.094531 0.075000 0.064062
31 0.855469 0.093750 0.064062 0.062500
34 0.550781 0.206250 0.067187 0.071875
36 0.631250 0.202344 0.068750 0.064062
36 0.709375 0.203906 0.068750 0.067187
17 0.787500 0.202344 0.059375 0.064062
13 0.550781 0.314844 0.067187 0.067187
35 0.640625 0.313281 0.075000 0.064062
25 0.726562 0.313281 0.062500 0.064062
2 0.798438 0.313281 0.059375 0.064062
1 0.881250 0.316406 0.071875 0.070312
34 0.549219 0.418750 0.064062 0.068750
8 0.618750 0.415625 0.046875 0.062500
1 0.692187 0.417969 0.068750 0.067187
1 0.776563 0.417969 0.068750 0.067187
4 0.850000 0.417187 0.059375 0.065625
29 0.540625 0.528906 0.046875 0.070312
30 0.603906 0.525000 0.057813 0.062500
28 0.678906 0.532031 0.073438 0.076563
27 0.763281 0.527344 0.070312 0.067187
17 0.842187 0.525781 0.062500 0.064062
