5 0.096875 0.094531 0.068750 0.064062
5 0.182812 0.094531 0.068750 0.064062
31 0.269531 0.093750 0.064062 0.062500
25 0.351562 0.094531 0.062500 0.064062
0 0.424219 0.095312 0.057813 0.065625
20 0.092969 0.200000 0.060937 0.071875
6 0.170313 0.195312 0.068750 0.062500
20 0.255469 0.201563 0.064062 0.075000
7 0.326562 0.195312 0.062500 0.062500
15 0.402344 0.201563 0.057813 0.075000
18 0.096094 0.313281 0.067187 0.067187
4 0.167187 0.312500 0.059375 0.065625
5 0.248438 0.311719 0.068750 0.064062
6 0.329688 0.310937 0.068750 0.062500
11 0.412500 0.312500 0.062500 0.065625
4 0.093750 0.415625 0.062500 0.068750
25 0.168750 0.413281 0.062500 0.064062
6 0.242188 0.412500 0.068750 0.062500
25 0.320312 0.413281 0.062500 0.064062
34 0.094531 0.525000 0.064062 0.068750
34 0.177344 0.525000 0.064062 0.068750
1 0.254688 0.524219 0.068750 0.067187
26 0.344531 0.523438 0.073438 0.065625
20 0.421094 0.528125 0.064062 0.075000
32 0.091406 0.634375 0.057813 0.062500
30 0.160156 0.635938 0.060937 0.065625
0 0.232031 0.637500 0.060937 0.068750
6 0.315625 0.634375 0.068750 0.062500
16 0.399219 0.635156 0.060937 0.064062
12 0.096094 0.744531 0.067187 0.064062
18 0.178906 0.744531 0.064062 0.064062
10 0.258594 0.748437 0.064062 0.071875
21 0.343750 0.744531 0.065625 0.064062
10 0.424219 0.746875 0.060937 0.068750
11 0.093750 0.850000 0.062500 0.065625
10 0.166406 0.851562 0.064062 0.068750
10 0.249219 0.851562 0.060937 0.068750
20 0.324219 0.853125 0.060937 0.071875
27 0.552344 0.096094 0.070312 0.067187
15 0.625781 0.100000 0.057813 0.075000
7 0.696875 0.093750 0.062500 0.062500
9 0.768750 0.094531 0.056250 0.064062
36 0.848437 0.096094 0.071875 0.067187
36 0.551562 0.207031 0.068750 0.064062
29 0.623437 0.210156 0.046875 0.070312
27 0.703906 0.210156 0.073438 0.070312
23 0.784375 0.207813 0.065625 0.065625
8 0.853125 0.206250 0.046875 0.062500
26 0.553906 0.310937 0.073438 0.065625
33 0.643750 0.312500 0.065625 0.068750
37 0.718750 0.309375 0.059375 0.062500
33 0.789062 0.310937 0.062500 0.065625
10 0.858594 0.312500 0.060937 0.068750
35 0.554688 0.422656 0.075000 0.064062
14 0.635156 0.423438 0.064062 0.065625
20 0.708594 0.426563 0.064062 0.071875
18 0.789844 0.422656 0.064062 0.064062
28 0.553906 0.535156 0.073438 0.076563
6 0.643750 0.528125 0.068750 0.062500
26 0.724219 0.529687 0.073438 0.065625
20 0.800781 0.532813 0.064062 0.071875
11 0.548438 0.640625 0.062500 0.068750
37 0.621875 0.639062 0.062500 0.065625
23 0.692187 0.637500 0.062500 0.062500
10 0.772656 0.640625 0.064062 0.068750
37 0.853125 0.639062 0.062500 0.065625
