21 0.096875 0.096094 0.068750 0.067187
34 0.175781 0.098437 0.067187 0.071875
23 0.253125 0.095312 0.065625 0.065625
12 0.333594 0.096094 0.070312 0.067187
22 0.421875 0.093750 0.068750 0.062500
2 0.507812 0.096094 0.062500 0.067187
24 0.096875 0.207813 0.068750 0.062500
29 0.175000 0.211719 0.046875 0.070312
13 0.247656 0.208594 0.064062 0.064062
7 0.323437 0.207813 0.062500 0.062500
35 0.404687 0.208594 0.075000 0.064062
18 0.094531 0.321094 0.064062 0.064062
30 0.171094 0.321875 0.060937 0.065625
0 0.241406 0.323437 0.060937 0.068750
36 0.325000 0.321094 0.068750 0.064062
37 0.092188 0.428125 0.059375 0.062500
10 0.169531 0.431250 0.060937 0.068750
25 0.240625 0.428906 0.062500 0.064062
24 0.315625 0.429688 0.071875 0.065625
16 0.092969 0.532031 0.060937 0.067187
6 0.175000 0.531250 0.071875 0.065625
7 0.256250 0.531250 0.065625 0.065625
8 0.321875 0.529687 0.046875 0.062500
29 0.379688 0.535156 0.050000 0.073438
