32 0.091406 0.093750 0.057813 0.062500
17 0.170313 0.094531 0.059375 0.064062
37 0.239063 0.093750 0.059375 0.062500
24 0.321875 0.093750 0.068750 0.062500
21 0.396875 0.094531 0.065625 0.064062
31 0.472656 0.095312 0.067187 0.065625
17 0.551562 0.096094 0.062500 0.067187
7 0.093750 0.200000 0.062500 0.062500
20 0.167969 0.204687 0.060937 0.071875
21 0.245312 0.200781 0.065625 0.064062
36 0.329688 0.200781 0.068750 0.064062
10 0.403906 0.203125 0.060937 0.068750
2 0.475000 0.202344 0.062500 0.067187
18 0.546094 0.200781 0.064062 0.064062
32 0.092969 0.309375 0.060937 0.065625
36 0.176563 0.310156 0.068750 0.067187
31 0.250781 0.307812 0.064062 0.062500
17 0.320312 0.308594 0.059375 0.064062
20 0.399219 0.312500 0.060937 0.071875
8 0.085938 0.417187 0.046875 0.062500
37 0.146875 0.417187 0.059375 0.062500
30 0.224219 0.418750 0.060937 0.065625
28 0.307031 0.424219 0.073438 0.076563
25 0.393750 0.417969 0.062500 0.064062
10 0.092969 0.532813 0.060937 0.068750
16 0.172656 0.530469 0.057813 0.064062
5 0.250000 0.530469 0.068750 0.064062
22 0.331250 0.531250 0.071875 0.065625
28 0.421094 0.536719 0.073438 0.076563
