5 0.096875 0.096094 0.068750 0.067187
0 0.177344 0.095312 0.057813 0.065625
5 0.259375 0.096094 0.071875 0.067187
19 0.346094 0.098437 0.060937 0.071875
7 0.415625 0.093750 0.062500 0.062500
0 0.494531 0.095312 0.057813 0.065625
22 0.096875 0.209375 0.068750 0.062500
31 0.177344 0.210938 0.067187 0.065625
3 0.247656 0.210938 0.057813 0.065625
31 0.324219 0.209375 0.064062 0.062500
4 0.400000 0.212500 0.062500 0.068750
25 0.482812 0.210156 0.062500 0.064062
5 0.565625 0.210156 0.068750 0.064062
26 0.097656 0.314063 0.070312 0.065625
5 0.181250 0.314844 0.071875 0.067187
21 0.265625 0.313281 0.065625 0.064062
11 0.339062 0.315625 0.062500 0.068750
34 0.411719 0.317188 0.067187 0.071875
0 0.491406 0.314063 0.060937 0.065625
28 0.097656 0.428906 0.070312 0.073438
34 0.180469 0.428125 0.067187 0.071875
22 0.260937 0.423438 0.068750 0.062500
21 0.348438 0.424219 0.065625 0.064062
8 0.420312 0.423438 0.046875 0.062500
12 0.497656 0.425781 0.070312 0.067187
6 0.576562 0.425000 0.071875 0.065625
36 0.096875 0.536719 0.068750 0.064062
14 0.175781 0.537500 0.064062 0.065625
27 0.258594 0.539844 0.073438 0.070312
7 0.335938 0.535937 0.062500 0.062500
28 0.419531 0.541406 0.070312 0.073438
20 0.502344 0.540625 0.060937 0.071875
31 0.572656 0.535937 0.064062 0.062500
9 0.092188 0.649219 0.059375 0.067187
22 0.165625 0.646875 0.068750 0.062500
6 0.253125 0.646875 0.068750 0.062500
1 0.329688 0.649219 0.068750 0.067187
36 0.418750 0.647656 0.068750 0.064062
13 0.496094 0.647656 0.064062 0.064062
