20 0.094531 0.100000 0.064062 0.075000
17 0.168750 0.094531 0.059375 0.064062
11 0.246875 0.095312 0.059375 0.065625
35 0.331250 0.096094 0.078125 0.067187
17 0.418750 0.096094 0.062500 0.067187
1 0.096875 0.210156 0.068750 0.067187
32 0.171094 0.207813 0.057813 0.062500
20 0.241406 0.214062 0.064062 0.075000
1 0.325000 0.211719 0.071875 0.070312
11 0.410938 0.209375 0.059375 0.065625
5 0.098437 0.324219 0.071875 0.067187
6 0.185938 0.323437 0.071875 0.065625
1 0.267188 0.325781 0.068750 0.070312
24 0.356250 0.321875 0.068750 0.062500
2 0.429688 0.322656 0.059375 0.064062
14 0.094531 0.425000 0.064062 0.062500
25 0.170313 0.425781 0.062500 0.064062
6 0.257812 0.426563 0.071875 0.065625
6 0.345313 0.425000 0.068750 0.062500
1 0.425000 0.427344 0.068750 0.067187
11 0.092188 0.532813 0.059375 0.065625
3 0.161719 0.532813 0.060937 0.065625
5 0.243750 0.533594 0.071875 0.067187
2 0.321875 0.533594 0.062500 0.067187
0 0.392969 0.532813 0.057813 0.065625
23 0.093750 0.642188 0.062500 0.062500
0 0.171094 0.643750 0.057813 0.065625
28 0.252344 0.647656 0.070312 0.073438
34 0.330469 0.646875 0.067187 0.071875
22 0.417187 0.643750 0.071875 0.065625
10 0.094531 0.759375 0.064062 0.071875
13 0.171094 0.757031 0.067187 0.067187
18 0.244531 0.755469 0.064062 0.064062
24 0.321875 0.754687 0.068750 0.062500
13 0.094531 0.864844 0.064062 0.064062
6 0.179688 0.865625 0.071875 0.065625
19 0.255469 0.868750 0.064062 0.071875
14 0.328906 0.865625 0.064062 0.065625
13 0.413281 0.866406 0.067187 0.067187
0 0.547656 0.096875 0.060937 0.068750
4 0.620313 0.095312 0.059375 0.065625
30 0.696094 0.095312 0.060937 0.065625
33 0.770312 0.095312 0.062500 0.065625
9 0.842187 0.094531 0.056250 0.064062
22 0.553125 0.204687 0.071875 0.065625
32 0.633594 0.204687 0.060937 0.065625
4 0.710938 0.204687 0.059375 0.065625
21 0.792188 0.203906 0.065625 0.064062
28 0.871094 0.210156 0.073438 0.076563
35 0.554688 0.319531 0.075000 0.064062
25 0.637500 0.319531 0.062500 0.064062
21 0.720313 0.319531 0.065625 0.064062
29 0.789062 0.324219 0.050000 0.073438
20 0.547656 0.429688 0.060937 0.071875
15 0.622656 0.431250 0.060937 0.075000
34 0.697656 0.429688 0.067187 0.071875
31 0.774219 0.426563 0.067187 0.065625
24 0.551562 0.539062 0.068750 0.062500
36 0.631250 0.539844 0.068750 0.064062
5 0.720313 0.539844 0.068750 0.064062
2 0.793750 0.539844 0.059375 0.064062
20 0.866406 0.543750 0.060937 0.071875
15 0.546094 0.660937 0.057813 0.075000
8 0.614062 0.654687 0.046875 0.062500
26 0.686719 0.654687 0.070312 0.062500
1 0.776563 0.658594 0.071875 0.070312
29 0.854688 0.658594 0.050000 0.070312
19 0.547656 0.768750 0.060937 0.071875
3 0.624219 0.765625 0.057813 0.065625
24 0.703125 0.764062 0.068750 0.062500
10 0.775781 0.767188 0.060937 0.068750
5 0.860938 0.766406 0.071875 0.067187
2 0.546875 0.875781 0.059375 0.064062
32 0.619531 0.875000 0.057813 0.062500
27 0.694531 0.878906 0.073438 0.070312
6 0.785937 0.876563 0.071875 0.065625
14 0.867969 0.876563 0.064062 0.065625
