0 0.091406 0.095312 0.057813 0.065625
29 0.162500 0.097656 0.046875 0.070312
9 0.223438 0.096094 0.059375 0.067187
15 0.292969 0.101562 0.060937 0.078125
3 0.361719 0.096875 0.060937 0.068750
16 0.091406 0.205469 0.057813 0.064062
25 0.171875 0.207031 0.065625 0.067187
9 0.243750 0.207031 0.059375 0.067187
9 0.321875 0.205469 0.059375 0.064062
18 0.094531 0.307031 0.064062 0.064062
0 0.166406 0.307812 0.057813 0.065625
16 0.233594 0.307031 0.060937 0.064062
2 0.306250 0.308594 0.062500 0.067187
31 0.380469 0.307812 0.067187 0.065625
0 0.452344 0.309375 0.060937 0.068750
7 0.095312 0.417187 0.065625 0.065625
2 0.175000 0.417969 0.062500 0.067187
29 0.248438 0.419531 0.050000 0.070312
2 0.310937 0.416406 0.059375 0.064062
31 0.386719 0.417187 0.067187 0.065625
34 0.096094 0.526563 0.067187 0.071875
12 0.172656 0.524219 0.070312 0.067187
33 0.251563 0.525000 0.065625 0.068750
27 0.327344 0.524219 0.070312 0.067187
24 0.407813 0.523438 0.071875 0.065625
25 0.093750 0.632031 0.062500 0.064062
15 0.164844 0.637500 0.057813 0.075000
34 0.246094 0.635938 0.067187 0.071875
19 0.325781 0.635938 0.060937 0.071875
34 0.396094 0.634375 0.064062 0.068750
27 0.099219 0.747656 0.073438 0.070312
7 0.181250 0.743750 0.062500 0.062500
17 0.264062 0.746094 0.062500 0.067187
0 0.333594 0.745313 0.057813 0.065625
22 0.415625 0.743750 0.068750 0.062500
3 0.091406 0.848437 0.057813 0.065625
20 0.160156 0.853125 0.064062 0.075000
28 0.236719 0.852344 0.070312 0.073438
3 0.311719 0.850000 0.060937 0.068750
0 0.392969 0.850000 0.060937 0.068750
8 0.540625 0.093750 0.046875 0.062500
21 0.617188 0.096094 0.068750 0.067187
25 0.700000 0.096094 0.065625 0.067187
30 0.778906 0.093750 0.057813 0.062500
14 0.857031 0.093750 0.060937 0.062500
20 0.547656 0.209375 0.060937 0.071875
28 0.630469 0.210156 0.070312 0.073438
27 0.721094 0.207031 0.070312 0.067187
35 0.809375 0.205469 0.075000 0.064062
13 0.550781 0.322656 0.067187 0.067187
24 0.635938 0.321875 0.071875 0.065625
17 0.712500 0.321094 0.059375 0.064062
22 0.792188 0.320312 0.068750 0.062500
5 0.871875 0.321094 0.068750 0.064062
11 0.546875 0.428125 0.059375 0.065625
10 0.617969 0.429688 0.060937 0.068750
9 0.695312 0.427344 0.056250 0.064062
29 0.764062 0.430469 0.050000 0.070312
6 0.843750 0.426563 0.068750 0.062500
13 0.550781 0.539844 0.067187 0.067187
20 0.636719 0.543750 0.064062 0.075000
31 0.716406 0.539062 0.067187 0.065625
18 0.800781 0.539844 0.067187 0.067187
1 0.876563 0.539844 0.068750 0.067187
7 0.548438 0.653125 0.062500 0.062500
31 0.624219 0.654687 0.067187 0.065625
21 0.700000 0.655469 0.068750 0.067187
31 0.782031 0.653125 0.064062 0.062500
5 0.553125 0.763281 0.071875 0.067187
8 0.621875 0.760938 0.046875 0.062500
35 0.692187 0.763281 0.078125 0.067187
33 0.776563 0.762500 0.062500 0.065625
