33 0.093750 0.095312 0.062500 0.065625
3 0.172656 0.095312 0.057813 0.065625
4 0.240625 0.096875 0.062500 0.068750
17 0.321875 0.094531 0.059375 0.064062
29 0.389062 0.099219 0.050000 0.073438
18 0.096094 0.205469 0.067187 0.067187
14 0.171094 0.204687 0.064062 0.065625
26 0.252344 0.204687 0.073438 0.065625
4 0.337500 0.204687 0.059375 0.065625
29 0.085938 0.308594 0.046875 0.070312
15 0.150781 0.310937 0.057813 0.075000
32 0.228906 0.304688 0.057813 0.062500
19 0.302344 0.309375 0.060937 0.071875
10 0.385156 0.309375 0.064062 0.071875
11 0.092188 0.414062 0.059375 0.065625
23 0.168750 0.412500 0.062500 0.062500
21 0.242188 0.414844 0.068750 0.067187
13 0.316406 0.413281 0.064062 0.064062
13 0.094531 0.514844 0.064062 0.064062
23 0.173437 0.514062 0.062500 0.062500
28 0.255469 0.521094 0.073438 0.076563
2 0.340625 0.516406 0.062500 0.067187
22 0.096875 0.625000 0.068750 0.065625
32 0.171094 0.625000 0.060937 0.065625
30 0.238281 0.623437 0.057813 0.062500
19 0.316406 0.629687 0.064062 0.075000
35 0.395313 0.624219 0.075000 0.064062
23 0.548438 0.093750 0.062500 0.062500
21 0.632812 0.094531 0.065625 0.064062
34 0.707031 0.096875 0.064062 0.068750
13 0.788281 0.094531 0.064062 0.064062
2 0.870313 0.096094 0.062500 0.067187
19 0.547656 0.200000 0.060937 0.071875
26 0.624219 0.195312 0.070312 0.062500
3 0.696094 0.196875 0.057813 0.065625
30 0.763281 0.196875 0.060937 0.065625
20 0.836719 0.201563 0.064062 0.075000
32 0.546094 0.304688 0.057813 0.062500
31 0.627344 0.304688 0.064062 0.062500
1 0.714063 0.307031 0.068750 0.067187
28 0.794531 0.310156 0.070312 0.073438
28 0.553906 0.427344 0.073438 0.076563
34 0.632031 0.425000 0.067187 0.071875
8 0.706250 0.420312 0.046875 0.062500
2 0.776563 0.421094 0.062500 0.064062
36 0.856250 0.422656 0.071875 0.067187
19 0.547656 0.540625 0.060937 0.071875
30 0.616406 0.535937 0.057813 0.062500
31 0.689844 0.535937 0.064062 0.062500
14 0.763281 0.535937 0.064062 0.062500
16 0.833594 0.536719 0.057813 0.064062
23 0.550000 0.653125 0.065625 0.065625
37 0.628125 0.651563 0.059375 0.062500
20 0.697656 0.657813 0.064062 0.075000
23 0.770312 0.651563 0.062500 0.062500
2 0.853125 0.652344 0.062500 0.064062
30 0.547656 0.768750 0.060937 0.065625
32 0.617969 0.768750 0.060937 0.065625
12 0.700781 0.769531 0.070312 0.067187
25 0.782813 0.769531 0.065625 0.067187
26 0.863281 0.767188 0.070312 0.062500
