2 0.092188 0.094531 0.059375 0.064062
10 0.172656 0.096875 0.060937 0.068750
27 0.252344 0.096094 0.070312 0.067187
10 0.339844 0.098437 0.064062 0.071875
7 0.093750 0.201563 0.062500 0.062500
35 0.173437 0.203906 0.075000 0.067187
31 0.253906 0.201563 0.064062 0.062500
36 0.329688 0.203906 0.071875 0.067187
24 0.417187 0.203125 0.071875 0.065625
15 0.092969 0.315625 0.060937 0.078125
3 0.166406 0.309375 0.057813 0.065625
22 0.240625 0.307812 0.068750 0.062500
14 0.314844 0.309375 0.064062 0.065625
37 0.392188 0.307812 0.059375 0.062500
17 0.093750 0.424219 0.062500 0.064062
32 0.161719 0.423438 0.057813 0.062500
9 0.234375 0.425781 0.059375 0.067187
29 0.306250 0.428906 0.050000 0.073438
16 0.382031 0.425781 0.060937 0.067187
29 0.087500 0.535156 0.050000 0.073438
15 0.150781 0.537500 0.060937 0.078125
35 0.232813 0.532031 0.078125 0.067187
30 0.322656 0.531250 0.060937 0.065625
16 0.391406 0.530469 0.060937 0.064062
7 0.095312 0.650000 0.065625 0.065625
29 0.162500 0.652344 0.046875 0.070312
29 0.221875 0.652344 0.046875 0.070312
9 0.292187 0.649219 0.056250 0.064062
29 0.364063 0.652344 0.046875 0.070312
36 0.096875 0.753906 0.068750 0.064062
15 0.169531 0.760938 0.060937 0.078125
12 0.250781 0.753906 0.067187 0.064062
3 0.332031 0.754687 0.057813 0.065625
18 0.413281 0.753906 0.064062 0.064062
31 0.096094 0.865625 0.067187 0.065625
34 0.183594 0.868750 0.067187 0.071875
16 0.260156 0.864844 0.057813 0.064062
13 0.332031 0.864844 0.064062 0.064062
21 0.412500 0.864844 0.065625 0.064062
11 0.548438 0.096875 0.062500 0.068750
23 0.631250 0.093750 0.062500 0.062500
23 0.703125 0.095312 0.065625 0.065625
4 0.785937 0.096875 0.062500 0.068750
18 0.869531 0.094531 0.064062 0.064062
5 0.551562 0.205469 0.068750 0.064062
5 0.637500 0.205469 0.068750 0.064062
17 0.709375 0.205469 0.059375 0.064062
25 0.778125 0.205469 0.062500 0.064062
24 0.854688 0.204687 0.068750 0.062500
7 0.550000 0.303125 0.065625 0.065625
1 0.625000 0.303906 0.068750 0.067187
13 0.705469 0.302344 0.064062 0.064062
24 0.790625 0.303125 0.071875 0.065625
15 0.867969 0.307812 0.057813 0.075000
22 0.553125 0.417187 0.071875 0.065625
24 0.642188 0.417187 0.071875 0.065625
12 0.732031 0.417969 0.070312 0.067187
7 0.810937 0.415625 0.062500 0.062500
24 0.551562 0.520312 0.068750 0.062500
4 0.634375 0.521875 0.062500 0.065625
6 0.715625 0.521875 0.071875 0.065625
16 0.789844 0.521094 0.057813 0.064062
28 0.863281 0.525781 0.070312 0.073438
3 0.546094 0.632812 0.057813 0.065625
0 0.613281 0.632812 0.057813 0.065625
9 0.684375 0.632031 0.059375 0.064062
2 0.753125 0.633594 0.062500 0.067187
24 0.837500 0.631250 0.068750 0.062500
25 0.548438 0.742969 0.062500 0.064062
18 0.628906 0.742969 0.064062 0.064062
12 0.716406 0.744531 0.070312 0.067187
35 0.810937 0.744531 0.078125 0.067187
21 0.901563 0.742969 0.065625 0.064062
