16 0.092969 0.094531 0.060937 0.064062
16 0.167969 0.094531 0.057813 0.064062
5 0.246875 0.094531 0.068750 0.064062
5 0.326562 0.096094 0.071875 0.067187
12 0.096094 0.203906 0.067187 0.064062
17 0.176563 0.203906 0.059375 0.064062
9 0.254688 0.205469 0.059375 0.067187
31 0.327344 0.204687 0.067187 0.065625
12 0.408594 0.205469 0.070312 0.067187
26 0.097656 0.306250 0.070312 0.062500
36 0.175000 0.308594 0.068750 0.067187
14 0.249219 0.306250 0.060937 0.062500
2 0.321875 0.307031 0.059375 0.064062
18 0.096094 0.419531 0.067187 0.067187
24 0.184375 0.417187 0.068750 0.062500
12 0.260156 0.417969 0.067187 0.064062
30 0.341406 0.418750 0.060937 0.065625
22 0.415625 0.418750 0.068750 0.065625
30 0.091406 0.518750 0.057813 0.062500
37 0.162500 0.518750 0.059375 0.062500
17 0.242188 0.519531 0.059375 0.064062
25 0.320312 0.519531 0.062500 0.064062
17 0.400000 0.521094 0.062500 0.067187
3 0.092969 0.626563 0.060937 0.068750
36 0.176563 0.624219 0.068750 0.064062
3 0.247656 0.625000 0.057813 0.065625
3 0.314844 0.626563 0.060937 0.068750
34 0.394531 0.626563 0.064062 0.068750
17 0.546875 0.094531 0.059375 0.064062
8 0.617188 0.093750 0.046875 0.062500
1 0.682813 0.096094 0.068750 0.067187
12 0.767969 0.096094 0.070312 0.067187
6 0.856250 0.095312 0.068750 0.065625
3 0.546094 0.198437 0.057813 0.065625
24 0.621875 0.196875 0.068750 0.062500
17 0.695312 0.197656 0.059375 0.064062
10 0.766406 0.201563 0.064062 0.071875
17 0.850000 0.199219 0.062500 0.067187
16 0.547656 0.305469 0.060937 0.067187
27 0.630469 0.305469 0.070312 0.067187
8 0.696875 0.303125 0.046875 0.062500
32 0.769531 0.303125 0.057813 0.062500
0 0.847656 0.304688 0.057813 0.065625
11 0.548438 0.410938 0.062500 0.068750
15 0.628906 0.415625 0.060937 0.078125
35 0.710938 0.408594 0.075000 0.064062
26 0.802344 0.409375 0.073438 0.065625
28 0.886719 0.414844 0.073438 0.076563
26 0.552344 0.529687 0.070312 0.062500
21 0.632812 0.532031 0.068750 0.067187
11 0.714063 0.531250 0.059375 0.065625
2 0.785937 0.530469 0.059375 0.064062
20 0.866406 0.535937 0.064062 0.075000
10 0.547656 0.640625 0.060937 0.068750
2 0.615625 0.638281 0.059375 0.064062
18 0.686719 0.638281 0.064062 0.064062
31 0.764844 0.639062 0.067187 0.065625
10 0.839844 0.642188 0.064062 0.071875
17 0.548438 0.747656 0.062500 0.064062
22 0.631250 0.748437 0.071875 0.065625
26 0.713281 0.746875 0.070312 0.062500
32 0.786719 0.748437 0.060937 0.065625
20 0.547656 0.857812 0.060937 0.071875
21 0.625000 0.853906 0.065625 0.064062
15 0.699219 0.859375 0.057813 0.075000
5 0.771875 0.855469 0.071875 0.067187
