27 0.097656 0.096094 0.070312 0.067187
24 0.185938 0.093750 0.068750 0.062500
24 0.275000 0.095312 0.071875 0.065625
14 0.357031 0.093750 0.060937 0.062500
26 0.433594 0.095312 0.070312 0.065625
3 0.092969 0.198437 0.060937 0.065625
37 0.162500 0.196875 0.059375 0.062500
23 0.237500 0.196875 0.062500 0.062500
17 0.318750 0.199219 0.062500 0.067187
37 0.389062 0.196875 0.062500 0.062500
11 0.092188 0.309375 0.059375 0.065625
19 0.167969 0.314063 0.064062 0.075000
4 0.239063 0.309375 0.059375 0.065625
23 0.318750 0.307812 0.062500 0.062500
0 0.388281 0.309375 0.057813 0.065625
8 0.087500 0.421875 0.050000 0.065625
32 0.149219 0.420312 0.057813 0.062500
24 0.228125 0.421875 0.071875 0.065625
6 0.318750 0.420312 0.068750 0.062500
34 0.402344 0.423438 0.064062 0.068750
0 0.092969 0.526563 0.060937 0.065625
23 0.171875 0.526563 0.065625 0.065625
32 0.242969 0.525000 0.057813 0.062500
15 0.308594 0.531250 0.057813 0.075000
17 0.382812 0.527344 0.062500 0.067187
11 0.548438 0.095312 0.062500 0.065625
27 0.627344 0.096094 0.070312 0.067187
15 0.700781 0.100000 0.060937 0.075000
18 0.783594 0.094531 0.064062 0.064062
5 0.859375 0.094531 0.068750 0.064062
16 0.546094 0.202344 0.057813 0.064062
0 0.621094 0.203125 0.057813 0.065625
30 0.699219 0.203125 0.060937 0.065625
33 0.770312 0.203125 0.062500 0.065625
17 0.546875 0.303906 0.059375 0.064062
20 0.622656 0.309375 0.064062 0.075000
27 0.710156 0.305469 0.070312 0.067187
24 0.793750 0.303125 0.068750 0.062500
8 0.870313 0.303125 0.046875 0.062500
0 0.546094 0.421875 0.057813 0.065625
29 0.612500 0.424219 0.046875 0.070312
3 0.675781 0.421875 0.057813 0.065625
37 0.754687 0.420312 0.059375 0.062500
17 0.546875 0.528906 0.059375 0.064062
17 0.626563 0.530469 0.062500 0.067187
18 0.707031 0.528906 0.064062 0.064062
7 0.779687 0.528125 0.062500 0.062500
21 0.854688 0.528906 0.065625 0.064062
