8 0.085938 0.093750 0.046875 0.062500
37 0.150000 0.093750 0.059375 0.062500
36 0.225000 0.096094 0.068750 0.067187
17 0.300000 0.094531 0.059375 0.064062
18 0.372656 0.096094 0.067187 0.067187
8 0.087500 0.195312 0.050000 0.062500
27 0.163281 0.197656 0.070312 0.067187
20 0.246094 0.200000 0.060937 0.071875
14 0.314844 0.195312 0.060937 0.062500
30 0.383594 0.196875 0.060937 0.065625
35 0.100000 0.308594 0.075000 0.064062
23 0.187500 0.309375 0.065625 0.065625
18 0.264844 0.308594 0.064062 0.064062
33 0.339062 0.310937 0.065625 0.068750
8 0.407813 0.307812 0.050000 0.062500
22 0.096875 0.421875 0.068750 0.065625
16 0.171094 0.422656 0.060937 0.067187
15 0.252344 0.428125 0.060937 0.078125
2 0.328125 0.421094 0.059375 0.064062
5 0.401562 0.421094 0.068750 0.064062
26 0.097656 0.535937 0.070312 0.062500
11 0.179688 0.539062 0.062500 0.068750
26 0.253906 0.537500 0.070312 0.065625
33 0.335938 0.537500 0.062500 0.065625
14 0.416406 0.535937 0.060937 0.062500
25 0.548438 0.094531 0.062500 0.064062
2 0.625000 0.096094 0.062500 0.067187
6 0.707812 0.095312 0.071875 0.065625
27 0.792969 0.096094 0.070312 0.067187
3 0.547656 0.207813 0.060937 0.068750
30 0.614844 0.204687 0.057813 0.062500
26 0.696094 0.206250 0.073438 0.065625
2 0.782813 0.205469 0.059375 0.064062
14 0.863281 0.206250 0.064062 0.065625
0 0.547656 0.315625 0.060937 0.065625
29 0.617188 0.317969 0.046875 0.070312
23 0.689063 0.314063 0.062500 0.062500
12 0.771094 0.316406 0.070312 0.067187
2 0.856250 0.314844 0.059375 0.064062
25 0.550000 0.421094 0.065625 0.067187
15 0.630469 0.425000 0.057813 0.075000
32 0.707031 0.418750 0.057813 0.062500
37 0.779687 0.420312 0.062500 0.065625
25 0.857812 0.421094 0.065625 0.067187
36 0.551562 0.535156 0.068750 0.064062
15 0.632031 0.540625 0.057813 0.075000
14 0.702344 0.535937 0.064062 0.065625
27 0.785156 0.538281 0.070312 0.070312
16 0.547656 0.649219 0.060937 0.067187
31 0.622656 0.648438 0.067187 0.065625
34 0.703906 0.651563 0.067187 0.071875
30 0.780469 0.648438 0.060937 0.065625
30 0.850781 0.646875 0.057813 0.062500
11 0.548438 0.754687 0.062500 0.068750
4 0.628125 0.753125 0.062500 0.065625
34 0.705469 0.756250 0.067187 0.071875
12 0.788281 0.752344 0.067187 0.064062
4 0.548438 0.860938 0.062500 0.068750
9 0.617188 0.860156 0.059375 0.067187
11 0.695312 0.859375 0.059375 0.065625
32 0.761719 0.857812 0.057813 0.062500
36 0.846875 0.860156 0.071875 0.067187
