31 0.094531 0.093750 0.064062 0.062500
26 0.178906 0.093750 0.070312 0.062500
1 0.267188 0.096094 0.068750 0.067187
27 0.346094 0.097656 0.073438 0.070312
10 0.425781 0.098437 0.064062 0.071875
21 0.510938 0.094531 0.065625 0.064062
25 0.587500 0.094531 0.062500 0.064062
11 0.092188 0.204687 0.059375 0.065625
10 0.174219 0.207813 0.064062 0.071875
21 0.259375 0.205469 0.068750 0.067187
24 0.340625 0.203125 0.068750 0.062500
28 0.430469 0.210156 0.073438 0.076563
30 0.507031 0.204687 0.060937 0.065625
7 0.576562 0.203125 0.062500 0.062500
21 0.095312 0.321094 0.065625 0.064062
8 0.162500 0.320312 0.046875 0.062500
15 0.227344 0.326562 0.060937 0.075000
33 0.301563 0.321875 0.062500 0.065625
30 0.378906 0.320312 0.060937 0.062500
29 0.087500 0.438281 0.050000 0.070312
35 0.165625 0.436719 0.078125 0.067187
10 0.257031 0.437500 0.064062 0.068750
24 0.332813 0.434375 0.068750 0.062500
29 0.403125 0.438281 0.046875 0.070312
34 0.467969 0.439063 0.067187 0.071875
8 0.085938 0.550000 0.046875 0.062500
9 0.154688 0.550781 0.056250 0.064062
12 0.225781 0.550781 0.067187 0.064062
23 0.306250 0.551562 0.065625 0.065625
