10 0.092969 0.096875 0.060937 0.068750
24 0.176563 0.095312 0.071875 0.065625
34 0.261719 0.096875 0.064062 0.068750
17 0.332813 0.094531 0.062500 0.064062
6 0.098437 0.204687 0.071875 0.065625
21 0.182812 0.205469 0.065625 0.067187
2 0.267188 0.205469 0.062500 0.067187
16 0.346094 0.203906 0.057813 0.064062
2 0.426563 0.205469 0.062500 0.067187
35 0.506250 0.205469 0.078125 0.067187
12 0.596094 0.203906 0.067187 0.064062
14 0.094531 0.315625 0.064062 0.065625
0 0.169531 0.315625 0.057813 0.065625
36 0.246875 0.314844 0.068750 0.064062
1 0.334375 0.316406 0.068750 0.067187
6 0.418750 0.314063 0.068750 0.062500
30 0.092969 0.415625 0.060937 0.062500
23 0.167187 0.415625 0.062500 0.062500
22 0.245312 0.417187 0.071875 0.065625
33 0.326562 0.417187 0.062500 0.065625
12 0.405469 0.417969 0.070312 0.067187
5 0.489063 0.416406 0.068750 0.064062
1 0.096875 0.517969 0.068750 0.067187
24 0.175000 0.515625 0.068750 0.062500
0 0.246094 0.517188 0.057813 0.065625
8 0.318750 0.515625 0.046875 0.062500
19 0.391406 0.520312 0.060937 0.071875
27 0.471094 0.519531 0.073438 0.070312
20 0.557031 0.521875 0.064062 0.075000
19 0.092969 0.637500 0.060937 0.071875
8 0.160938 0.632812 0.046875 0.062500
11 0.223438 0.635938 0.062500 0.068750
17 0.296875 0.633594 0.059375 0.064062
12 0.097656 0.741406 0.070312 0.067187
25 0.173437 0.739844 0.062500 0.064062
18 0.252344 0.739844 0.064062 0.064062
12 0.327344 0.741406 0.070312 0.067187
