22 0.096875 0.093750 0.068750 0.062500
31 0.175781 0.093750 0.064062 0.062500
2 0.257812 0.094531 0.062500 0.064062
14 0.333594 0.093750 0.060937 0.062500
36 0.410938 0.094531 0.068750 0.064062
0 0.091406 0.193750 0.057813 0.065625
33 0.159375 0.193750 0.062500 0.065625
2 0.234375 0.192969 0.059375 0.064062
28 0.313281 0.197656 0.070312 0.073438
33 0.398438 0.195312 0.065625 0.068750
24 0.096875 0.307812 0.068750 0.065625
14 0.174219 0.306250 0.060937 0.062500
11 0.246875 0.307812 0.059375 0.065625
36 0.321875 0.308594 0.071875 0.067187
34 0.094531 0.410938 0.064062 0.068750
28 0.182031 0.413281 0.070312 0.073438
12 0.267969 0.408594 0.067187 0.064062
16 0.349219 0.408594 0.057813 0.064062
4 0.092188 0.518750 0.059375 0.065625
0 0.166406 0.518750 0.057813 0.065625
30 0.244531 0.517188 0.057813 0.062500
11 0.318750 0.518750 0.059375 0.065625
37 0.546875 0.093750 0.059375 0.062500
17 0.620313 0.094531 0.059375 0.064062
11 0.687500 0.095312 0.059375 0.065625
0 0.758594 0.096875 0.060937 0.068750
31 0.833594 0.093750 0.064062 0.062500
24 0.551562 0.201563 0.068750 0.062500
7 0.635938 0.201563 0.062500 0.062500
29 0.703125 0.205469 0.046875 0.070312
35 0.779687 0.202344 0.075000 0.064062
29 0.540625 0.316406 0.046875 0.070312
1 0.612500 0.316406 0.071875 0.070312
4 0.689063 0.314063 0.059375 0.065625
21 0.759375 0.313281 0.065625 0.064062
7 0.839063 0.312500 0.062500 0.062500
30 0.546094 0.421875 0.057813 0.062500
4 0.623437 0.425000 0.062500 0.068750
35 0.706250 0.422656 0.075000 0.064062
35 0.792188 0.422656 0.075000 0.064062
31 0.880469 0.421875 0.064062 0.062500
36 0.551562 0.528906 0.068750 0.064062
29 0.623437 0.532031 0.050000 0.070312
30 0.694531 0.529687 0.060937 0.065625
37 0.768750 0.529687 0.062500 0.065625
35 0.853125 0.528906 0.075000 0.064062
12 0.550781 0.639844 0.067187 0.064062
4 0.623437 0.642188 0.062500 0.068750
18 0.699219 0.639844 0.064062 0.064062
17 0.773438 0.639844 0.059375 0.064062
36 0.845313 0.639844 0.068750 0.064062
12 0.550781 0.741406 0.067187 0.064062
35 0.632812 0.741406 0.075000 0.064062
14 0.716406 0.740625 0.060937 0.062500
21 0.798438 0.742969 0.068750 0.067187
15 0.877344 0.748437 0.060937 0.078125
