10 0.094531 0.098437 0.064062 0.071875
8 0.162500 0.093750 0.046875 0.062500
31 0.238281 0.093750 0.064062 0.062500
26 0.325781 0.095312 0.070312 0.065625
11 0.410938 0.096875 0.062500 0.068750
21 0.095312 0.200781 0.065625 0.064062
15 0.178906 0.207813 0.060937 0.078125
10 0.247656 0.203125 0.060937 0.068750
8 0.317188 0.200000 0.046875 0.062500
28 0.394531 0.207031 0.073438 0.076563
12 0.097656 0.321094 0.070312 0.067187
6 0.179688 0.320312 0.068750 0.065625
16 0.252344 0.321094 0.060937 0.067187
2 0.320312 0.319531 0.059375 0.064062
9 0.392188 0.319531 0.059375 0.064062
0 0.091406 0.429688 0.057813 0.065625
15 0.161719 0.435937 0.060937 0.078125
18 0.233594 0.428906 0.064062 0.064062
21 0.306250 0.428906 0.065625 0.064062
8 0.087500 0.548438 0.050000 0.062500
33 0.154688 0.550000 0.062500 0.065625
24 0.231250 0.550000 0.071875 0.065625
16 0.314844 0.550781 0.060937 0.067187
36 0.390625 0.549219 0.068750 0.064062
30 0.091406 0.656250 0.057813 0.062500
29 0.164062 0.660156 0.046875 0.070312
36 0.239063 0.657031 0.068750 0.064062
35 0.326562 0.657031 0.075000 0.064062
7 0.412500 0.656250 0.062500 0.062500
33 0.095312 0.770312 0.065625 0.068750
5 0.179688 0.769531 0.071875 0.067187
18 0.257031 0.767969 0.064062 0.064062
34 0.341406 0.770312 0.067187 0.068750
4 0.415625 0.768750 0.059375 0.065625
10 0.549219 0.096875 0.064062 0.068750
31 0.627344 0.093750 0.064062 0.062500
36 0.714063 0.094531 0.068750 0.064062
2 0.800000 0.096094 0.062500 0.067187
2 0.875000 0.094531 0.059375 0.064062
27 0.553906 0.205469 0.073438 0.070312
37 0.639062 0.201563 0.059375 0.062500
32 0.708594 0.201563 0.057813 0.062500
27 0.782031 0.205469 0.073438 0.070312
2 0.859375 0.203906 0.062500 0.067187
1 0.553125 0.310156 0.071875 0.070312
21 0.640625 0.308594 0.068750 0.067187
30 0.717969 0.306250 0.060937 0.062500
12 0.789844 0.307031 0.067187 0.064062
7 0.550000 0.412500 0.065625 0.065625
24 0.625000 0.410938 0.068750 0.062500
11 0.706250 0.412500 0.059375 0.065625
1 0.790625 0.413281 0.068750 0.067187
23 0.876563 0.412500 0.065625 0.065625
28 0.552344 0.524219 0.070312 0.073438
36 0.632812 0.521094 0.071875 0.067187
0 0.705469 0.520312 0.057813 0.065625
22 0.785937 0.520312 0.071875 0.065625
0 0.864844 0.520312 0.057813 0.065625
