15 0.091406 0.100000 0.057813 0.075000
6 0.164062 0.093750 0.068750 0.062500
1 0.253125 0.096094 0.068750 0.067187
35 0.339062 0.094531 0.075000 0.064062
36 0.431250 0.094531 0.068750 0.064062
26 0.519531 0.093750 0.070312 0.062500
29 0.085938 0.211719 0.046875 0.070312
15 0.153906 0.214062 0.057813 0.075000
8 0.225000 0.207813 0.050000 0.062500
17 0.300000 0.208594 0.062500 0.064062
10 0.375781 0.210938 0.060937 0.068750
3 0.452344 0.209375 0.057813 0.065625
11 0.092188 0.326562 0.059375 0.065625
5 0.171875 0.325781 0.068750 0.064062
32 0.253906 0.326562 0.060937 0.065625
13 0.336719 0.327344 0.067187 0.067187
32 0.411719 0.325000 0.057813 0.062500
33 0.493750 0.328125 0.065625 0.068750
6 0.098437 0.434375 0.071875 0.065625
1 0.179688 0.435156 0.068750 0.067187
19 0.257031 0.437500 0.060937 0.071875
31 0.330469 0.432812 0.064062 0.062500
13 0.413281 0.433594 0.064062 0.064062
2 0.495312 0.435156 0.062500 0.067187
19 0.092969 0.551562 0.060937 0.071875
33 0.168750 0.548438 0.065625 0.065625
35 0.259375 0.549219 0.078125 0.067187
25 0.348438 0.547656 0.062500 0.064062
2 0.423438 0.547656 0.059375 0.064062
32 0.092969 0.660937 0.060937 0.065625
10 0.172656 0.662500 0.060937 0.068750
8 0.239063 0.659375 0.046875 0.062500
10 0.307031 0.664062 0.064062 0.071875
10 0.386719 0.664062 0.064062 0.071875
25 0.457813 0.660156 0.062500 0.064062
20 0.535156 0.664062 0.060937 0.071875
