33 0.093750 0.095312 0.062500 0.065625
13 0.178906 0.096094 0.067187 0.067187
4 0.254688 0.095312 0.059375 0.065625
27 0.327344 0.096094 0.070312 0.067187
35 0.412500 0.096094 0.075000 0.067187
21 0.500000 0.094531 0.065625 0.064062
14 0.577344 0.095312 0.064062 0.065625
8 0.087500 0.195312 0.050000 0.062500
3 0.153906 0.196875 0.057813 0.065625
5 0.228125 0.197656 0.071875 0.067187
34 0.305469 0.198437 0.067187 0.068750
22 0.384375 0.196875 0.068750 0.065625
12 0.467969 0.197656 0.070312 0.067187
14 0.547656 0.195312 0.060937 0.062500
30 0.092969 0.300000 0.060937 0.065625
3 0.161719 0.300000 0.057813 0.065625
31 0.239844 0.298438 0.064062 0.062500
14 0.321094 0.298438 0.060937 0.062500
18 0.400781 0.299219 0.064062 0.064062
18 0.486719 0.300781 0.067187 0.067187
35 0.570312 0.299219 0.075000 0.064062
28 0.097656 0.407031 0.070312 0.073438
35 0.187500 0.403906 0.078125 0.067187
16 0.267969 0.403906 0.060937 0.067187
19 0.336719 0.406250 0.060937 0.071875
30 0.410156 0.401562 0.057813 0.062500
8 0.478125 0.401562 0.046875 0.062500
32 0.542969 0.403125 0.060937 0.065625
4 0.093750 0.514062 0.062500 0.068750
18 0.166406 0.513281 0.067187 0.067187
19 0.250781 0.515625 0.060937 0.071875
18 0.327344 0.511719 0.064062 0.064062
12 0.410156 0.511719 0.067187 0.064062
12 0.492969 0.513281 0.070312 0.067187
5 0.098437 0.617969 0.071875 0.067187
9 0.171875 0.616406 0.056250 0.064062
36 0.253125 0.616406 0.068750 0.064062
35 0.339062 0.616406 0.075000 0.064062
37 0.425000 0.615625 0.059375 0.062500
23 0.496875 0.615625 0.062500 0.062500
13 0.096094 0.721094 0.067187 0.067187
29 0.160938 0.722656 0.046875 0.070312
14 0.227344 0.718750 0.060937 0.062500
7 0.298438 0.718750 0.062500 0.062500
26 0.378906 0.720313 0.073438 0.065625
5 0.096875 0.832031 0.068750 0.064062
14 0.177344 0.832812 0.064062 0.065625
19 0.252344 0.837500 0.064062 0.075000
34 0.325781 0.835938 0.067187 0.071875
10 0.405469 0.834375 0.060937 0.068750
27 0.482031 0.833594 0.070312 0.067187
