25 0.093750 0.094531 0.062500 0.064062
29 0.167187 0.097656 0.050000 0.070312
7 0.242188 0.093750 0.062500 0.062500
18 0.324219 0.096094 0.067187 0.067187
9 0.092188 0.199219 0.059375 0.067187
19 0.167969 0.201563 0.060937 0.071875
13 0.242969 0.197656 0.064062 0.064062
9 0.317188 0.199219 0.059375 0.067187
4 0.092188 0.312500 0.059375 0.065625
21 0.165625 0.313281 0.068750 0.067187
19 0.244531 0.315625 0.060937 0.071875
27 0.324219 0.313281 0.070312 0.067187
30 0.405469 0.310937 0.057813 0.062500
34 0.094531 0.423438 0.064062 0.068750
25 0.178125 0.422656 0.065625 0.067187
9 0.254688 0.421094 0.056250 0.064062
32 0.322656 0.420312 0.057813 0.062500
30 0.400781 0.421875 0.060937 0.065625
22 0.096875 0.526563 0.068750 0.062500
13 0.180469 0.527344 0.064062 0.064062
0 0.255469 0.528125 0.057813 0.065625
27 0.328906 0.530469 0.073438 0.070312
0 0.410156 0.528125 0.057813 0.065625
17 0.548438 0.096094 0.062500 0.067187
25 0.621875 0.096094 0.065625 0.067187
29 0.696875 0.097656 0.050000 0.070312
21 0.771875 0.096094 0.068750 0.067187
14 0.852344 0.095312 0.064062 0.065625
6 0.553125 0.203125 0.071875 0.065625
20 0.636719 0.207813 0.064062 0.075000
12 0.713281 0.202344 0.067187 0.064062
5 0.790625 0.202344 0.068750 0.064062
6 0.551562 0.310937 0.068750 0.062500
36 0.639062 0.313281 0.071875 0.067187
7 0.720313 0.312500 0.065625 0.065625
13 0.802344 0.311719 0.064062 0.064062
3 0.877344 0.312500 0.057813 0.065625
7 0.548438 0.421875 0.062500 0.062500
2 0.621875 0.424219 0.062500 0.067187
34 0.703906 0.425000 0.064062 0.068750
17 0.785937 0.422656 0.062500 0.064062
14 0.867969 0.421875 0.060937 0.062500
8 0.542188 0.528125 0.050000 0.062500
4 0.607812 0.529687 0.059375 0.065625
36 0.690625 0.530469 0.071875 0.067187
36 0.778125 0.528906 0.068750 0.064062
24 0.860938 0.528125 0.068750 0.062500
26 0.552344 0.637500 0.070312 0.062500
20 0.627344 0.642188 0.060937 0.071875
24 0.710938 0.637500 0.068750 0.062500
30 0.782031 0.637500 0.057813 0.062500
