28 0.099219 0.100781 0.073438 0.076563
8 0.171875 0.093750 0.050000 0.062500
0 0.236719 0.095312 0.057813 0.065625
21 0.309375 0.096094 0.068750 0.067187
24 0.096875 0.203125 0.068750 0.062500
14 0.177344 0.203125 0.060937 0.062500
25 0.246875 0.203906 0.062500 0.064062
7 0.325000 0.204687 0.065625 0.065625
7 0.400000 0.204687 0.065625 0.065625
8 0.085938 0.303125 0.046875 0.062500
15 0.147656 0.309375 0.060937 0.075000
30 0.221094 0.303125 0.057813 0.062500
32 0.288281 0.304688 0.060937 0.065625
9 0.090625 0.417969 0.056250 0.064062
15 0.160156 0.423438 0.057813 0.075000
26 0.233594 0.417187 0.070312 0.062500
34 0.313281 0.420312 0.064062 0.068750
29 0.085938 0.538281 0.046875 0.070312
19 0.155469 0.540625 0.064062 0.075000
4 0.231250 0.535937 0.059375 0.065625
1 0.310937 0.536719 0.068750 0.067187
14 0.396094 0.534375 0.060937 0.062500
11 0.092188 0.650000 0.059375 0.065625
18 0.172656 0.650781 0.067187 0.067187
22 0.259375 0.648438 0.068750 0.062500
12 0.336719 0.649219 0.067187 0.064062
19 0.414844 0.654687 0.064062 0.075000
12 0.550781 0.094531 0.067187 0.064062
36 0.634375 0.096094 0.071875 0.067187
28 0.722656 0.099219 0.070312 0.073438
31 0.811719 0.095312 0.067187 0.065625
21 0.551562 0.208594 0.068750 0.067187
3 0.627344 0.209375 0.060937 0.068750
37 0.706250 0.206250 0.059375 0.062500
19 0.780469 0.210938 0.060937 0.071875
4 0.856250 0.209375 0.062500 0.068750
12 0.550781 0.322656 0.067187 0.064062
8 0.620313 0.323437 0.050000 0.065625
14 0.696094 0.321875 0.060937 0.062500
6 0.776563 0.321875 0.068750 0.062500
18 0.864844 0.324219 0.067187 0.067187
35 0.554688 0.428906 0.075000 0.067187
11 0.632812 0.428125 0.059375 0.065625
4 0.704688 0.428125 0.059375 0.065625
24 0.785937 0.428125 0.068750 0.065625
6 0.551562 0.529687 0.068750 0.065625
9 0.629687 0.528906 0.056250 0.064062
18 0.697656 0.528906 0.064062 0.064062
35 0.778125 0.528906 0.075000 0.064062
20 0.549219 0.632812 0.064062 0.075000
6 0.625000 0.628125 0.071875 0.065625
30 0.699219 0.626563 0.057813 0.062500
17 0.776563 0.627344 0.059375 0.064062
25 0.846875 0.628906 0.065625 0.067187
