11 0.092188 0.095312 0.059375 0.065625
31 0.166406 0.093750 0.064062 0.062500
35 0.253125 0.094531 0.075000 0.064062
6 0.337500 0.095312 0.071875 0.065625
5 0.421875 0.094531 0.068750 0.064062
17 0.093750 0.202344 0.062500 0.067187
3 0.161719 0.201563 0.057813 0.065625
9 0.228125 0.200781 0.056250 0.064062
9 0.295312 0.202344 0.059375 0.067187
33 0.367188 0.201563 0.062500 0.065625
1 0.096875 0.310156 0.068750 0.067187
5 0.175000 0.308594 0.068750 0.064062
13 0.258594 0.308594 0.064062 0.064062
19 0.333594 0.314063 0.064062 0.075000
26 0.411719 0.307812 0.070312 0.062500
23 0.095312 0.421875 0.065625 0.065625
29 0.162500 0.424219 0.050000 0.070312
10 0.227344 0.423438 0.060937 0.068750
24 0.304688 0.420312 0.068750 0.062500
19 0.385156 0.425000 0.064062 0.071875
14 0.094531 0.534375 0.064062 0.065625
5 0.178125 0.535156 0.071875 0.067187
25 0.264062 0.533594 0.062500 0.064062
23 0.337500 0.534375 0.065625 0.065625
37 0.414062 0.532813 0.059375 0.062500
29 0.087500 0.642969 0.050000 0.070312
14 0.164844 0.640625 0.064062 0.065625
30 0.238281 0.640625 0.060937 0.065625
24 0.314063 0.640625 0.071875 0.065625
6 0.400000 0.639062 0.068750 0.062500
5 0.553125 0.096094 0.071875 0.067187
18 0.636719 0.096094 0.067187 0.067187
30 0.708594 0.093750 0.057813 0.062500
27 0.782031 0.096094 0.070312 0.067187
28 0.867969 0.099219 0.070312 0.073438
9 0.545312 0.205469 0.056250 0.064062
32 0.622656 0.204687 0.060937 0.062500
34 0.699219 0.207813 0.064062 0.068750
1 0.784375 0.207031 0.068750 0.067187
19 0.858594 0.209375 0.060937 0.071875
37 0.546875 0.309375 0.059375 0.062500
11 0.626563 0.310937 0.059375 0.065625
14 0.696094 0.309375 0.060937 0.062500
28 0.780469 0.316406 0.073438 0.076563
20 0.863281 0.315625 0.064062 0.075000
24 0.553125 0.428125 0.071875 0.065625
15 0.633594 0.432812 0.057813 0.075000
20 0.702344 0.432812 0.064062 0.075000
9 0.775000 0.427344 0.056250 0.064062
24 0.551562 0.540625 0.068750 0.062500
27 0.639844 0.544531 0.073438 0.070312
11 0.720313 0.542188 0.062500 0.065625
37 0.803125 0.542188 0.062500 0.065625
19 0.880469 0.545312 0.060937 0.071875
