31 0.094531 0.093750 0.064062 0.062500
33 0.171875 0.095312 0.065625 0.065625
26 0.260156 0.093750 0.070312 0.062500
23 0.345313 0.093750 0.062500 0.062500
6 0.429688 0.095312 0.071875 0.065625
18 0.096094 0.202344 0.067187 0.067187
37 0.181250 0.201563 0.062500 0.065625
25 0.262500 0.202344 0.065625 0.067187
15 0.341406 0.206250 0.057813 0.075000
0 0.416406 0.201563 0.057813 0.065625
22 0.096875 0.315625 0.068750 0.062500
6 0.176563 0.317188 0.071875 0.065625
20 0.263281 0.321875 0.064062 0.075000
36 0.337500 0.317969 0.068750 0.067187
26 0.099219 0.425000 0.073438 0.065625
24 0.179688 0.425000 0.071875 0.065625
34 0.258594 0.428125 0.067187 0.071875
8 0.335938 0.423438 0.050000 0.062500
34 0.410156 0.428125 0.067187 0.071875
35 0.101562 0.539844 0.078125 0.067187
20 0.180469 0.543750 0.064062 0.075000
8 0.246875 0.537500 0.050000 0.062500
4 0.320312 0.539062 0.062500 0.065625
24 0.403125 0.537500 0.068750 0.062500
21 0.095312 0.655469 0.065625 0.064062
34 0.171094 0.659375 0.067187 0.071875
25 0.256250 0.655469 0.062500 0.064062
23 0.337500 0.654687 0.062500 0.062500
14 0.094531 0.765625 0.064062 0.065625
27 0.175781 0.766406 0.070312 0.067187
26 0.258594 0.765625 0.073438 0.065625
22 0.342187 0.764062 0.068750 0.062500
6 0.429688 0.765625 0.071875 0.065625
21 0.550000 0.094531 0.065625 0.064062
22 0.635938 0.095312 0.071875 0.065625
30 0.710156 0.093750 0.057813 0.062500
27 0.783594 0.096094 0.070312 0.067187
27 0.552344 0.203906 0.070312 0.067187
9 0.629687 0.203906 0.059375 0.067187
34 0.702344 0.204687 0.064062 0.068750
34 0.780469 0.206250 0.067187 0.071875
3 0.547656 0.314063 0.060937 0.068750
23 0.623437 0.310937 0.062500 0.062500
30 0.700781 0.310937 0.057813 0.062500
6 0.782813 0.312500 0.068750 0.065625
2 0.854688 0.311719 0.059375 0.064062
22 0.553125 0.415625 0.071875 0.065625
22 0.642188 0.415625 0.068750 0.065625
22 0.721875 0.414062 0.068750 0.062500
9 0.798438 0.414844 0.056250 0.064062
33 0.873437 0.415625 0.062500 0.065625
16 0.546094 0.513281 0.057813 0.064062
36 0.629687 0.514844 0.071875 0.067187
2 0.717187 0.514844 0.062500 0.067187
32 0.791406 0.512500 0.057813 0.062500
3 0.863281 0.514062 0.057813 0.065625
10 0.547656 0.620313 0.060937 0.068750
20 0.627344 0.623437 0.064062 0.075000
19 0.703906 0.621875 0.060937 0.071875
22 0.782813 0.617188 0.068750 0.062500
8 0.853125 0.617188 0.046875 0.062500
37 0.546875 0.731250 0.059375 0.062500
6 0.623437 0.731250 0.068750 0.062500
16 0.696094 0.732031 0.057813 0.064062
31 0.771094 0.731250 0.064062 0.062500
16 0.852344 0.732031 0.057813 0.064062
29 0.542188 0.835156 0.050000 0.070312
16 0.616406 0.833594 0.060937 0.067187
1 0.689063 0.833594 0.068750 0.067187
23 0.762500 0.831250 0.062500 0.062500
15 0.833594 0.837500 0.060937 0.075000
