24 0.096875 0.093750 0.068750 0.062500
0 0.177344 0.095312 0.057813 0.065625
12 0.255469 0.096094 0.070312 0.067187
10 0.333594 0.096875 0.060937 0.068750
35 0.101562 0.202344 0.078125 0.067187
25 0.184375 0.200781 0.062500 0.064062
8 0.246875 0.200000 0.046875 0.062500
19 0.311719 0.204687 0.060937 0.071875
28 0.391406 0.205469 0.070312 0.073438
1 0.098437 0.317969 0.071875 0.070312
13 0.178906 0.316406 0.067187 0.067187
29 0.254688 0.317969 0.046875 0.070312
31 0.325781 0.314063 0.064062 0.062500
11 0.398438 0.317188 0.062500 0.068750
5 0.096875 0.428906 0.068750 0.064062
18 0.183594 0.430469 0.067187 0.067187
35 0.265625 0.428906 0.075000 0.064062
22 0.356250 0.428125 0.068750 0.062500
3 0.091406 0.535937 0.057813 0.065625
16 0.167969 0.535156 0.057813 0.064062
17 0.246875 0.535156 0.059375 0.064062
21 0.329688 0.535156 0.065625 0.064062
7 0.403125 0.535937 0.065625 0.065625
26 0.097656 0.637500 0.070312 0.062500
7 0.181250 0.639062 0.065625 0.065625
2 0.262500 0.638281 0.059375 0.064062
18 0.335156 0.638281 0.064062 0.064062
15 0.091406 0.743750 0.057813 0.075000
27 0.164844 0.741406 0.073438 0.070312
28 0.257031 0.742969 0.073438 0.073438
32 0.342969 0.737500 0.057813 0.062500
37 0.414062 0.739062 0.062500 0.065625
1 0.553125 0.097656 0.071875 0.070312
8 0.631250 0.093750 0.050000 0.062500
21 0.698438 0.094531 0.065625 0.064062
3 0.780469 0.096875 0.060937 0.068750
12 0.861719 0.094531 0.067187 0.064062
8 0.540625 0.206250 0.046875 0.062500
9 0.601562 0.208594 0.059375 0.067187
13 0.682031 0.208594 0.067187 0.067187
22 0.770312 0.206250 0.068750 0.062500
17 0.546875 0.307031 0.059375 0.064062
25 0.621875 0.308594 0.065625 0.067187
25 0.700000 0.308594 0.065625 0.067187
23 0.776563 0.306250 0.062500 0.062500
16 0.855469 0.308594 0.060937 0.067187
36 0.553125 0.414844 0.071875 0.067187
37 0.632812 0.412500 0.059375 0.062500
26 0.713281 0.414062 0.070312 0.065625
12 0.799219 0.413281 0.067187 0.064062
36 0.887500 0.413281 0.068750 0.064062
20 0.549219 0.529687 0.064062 0.075000
18 0.630469 0.524219 0.064062 0.064062
20 0.707031 0.528125 0.060937 0.071875
28 0.791406 0.528906 0.070312 0.073438
17 0.865625 0.525781 0.062500 0.067187
15 0.546094 0.643750 0.057813 0.075000
6 0.631250 0.639062 0.071875 0.065625
33 0.718750 0.639062 0.062500 0.065625
6 0.792188 0.637500 0.068750 0.062500
14 0.547656 0.746875 0.060937 0.062500
31 0.619531 0.746875 0.064062 0.062500
29 0.690625 0.752344 0.050000 0.073438
5 0.764062 0.747656 0.068750 0.064062
22 0.845313 0.746875 0.068750 0.062500
