8 0.085938 0.093750 0.046875 0.062500
8 0.146875 0.093750 0.046875 0.062500
14 0.219531 0.093750 0.060937 0.062500
21 0.290625 0.094531 0.065625 0.064062
35 0.375000 0.094531 0.075000 0.064062
26 0.099219 0.203125 0.073438 0.065625
32 0.172656 0.201563 0.057813 0.062500
35 0.248438 0.203906 0.078125 0.067187
35 0.335938 0.203906 0.078125 0.067187
15 0.419531 0.207813 0.057813 0.075000
20 0.094531 0.317188 0.064062 0.075000
27 0.175781 0.314844 0.073438 0.070312
35 0.260937 0.313281 0.078125 0.067187
23 0.350000 0.312500 0.065625 0.065625
21 0.096875 0.428906 0.068750 0.067187
31 0.178906 0.426563 0.064062 0.062500
31 0.252344 0.426563 0.064062 0.062500
31 0.325781 0.428125 0.067187 0.065625
6 0.414062 0.428125 0.071875 0.065625
9 0.090625 0.536719 0.056250 0.064062
2 0.157812 0.536719 0.059375 0.064062
16 0.225781 0.536719 0.057813 0.064062
7 0.304688 0.535937 0.062500 0.062500
30 0.375781 0.537500 0.060937 0.065625
19 0.094531 0.651563 0.064062 0.075000
23 0.175000 0.645312 0.062500 0.062500
21 0.260937 0.647656 0.068750 0.067187
5 0.350000 0.646094 0.068750 0.064062
22 0.428125 0.645312 0.068750 0.062500
33 0.093750 0.754687 0.062500 0.065625
6 0.181250 0.754687 0.071875 0.065625
11 0.260937 0.756250 0.062500 0.068750
29 0.335938 0.757031 0.050000 0.070312
25 0.404687 0.753906 0.062500 0.064062
6 0.098437 0.865625 0.071875 0.065625
9 0.175000 0.864844 0.056250 0.064062
14 0.250781 0.864062 0.060937 0.062500
21 0.332813 0.866406 0.068750 0.067187
25 0.410938 0.866406 0.065625 0.067187
15 0.547656 0.101562 0.060937 0.078125
6 0.628125 0.095312 0.071875 0.065625
5 0.712500 0.094531 0.068750 0.064062
0 0.789844 0.095312 0.057813 0.065625
27 0.874219 0.097656 0.073438 0.070312
18 0.549219 0.208594 0.064062 0.064062
3 0.632031 0.209375 0.060937 0.065625
9 0.706250 0.208594 0.056250 0.064062
24 0.784375 0.207813 0.068750 0.062500
0 0.867969 0.210938 0.060937 0.068750
13 0.549219 0.319531 0.064062 0.064062
14 0.625781 0.320312 0.064062 0.065625
0 0.705469 0.320312 0.057813 0.065625
2 0.779687 0.319531 0.062500 0.064062
7 0.860938 0.318750 0.062500 0.062500
2 0.548438 0.425781 0.062500 0.067187
23 0.629687 0.425000 0.065625 0.065625
35 0.712500 0.424219 0.075000 0.064062
15 0.791406 0.429688 0.060937 0.075000
0 0.546094 0.542188 0.057813 0.065625
4 0.614062 0.542188 0.059375 0.065625
31 0.691406 0.540625 0.064062 0.062500
13 0.775781 0.542969 0.067187 0.067187
9 0.851562 0.541406 0.056250 0.064062
