8 0.085938 0.093750 0.046875 0.062500
32 0.152344 0.093750 0.057813 0.062500
6 0.231250 0.093750 0.068750 0.062500
19 0.305469 0.100000 0.064062 0.075000
10 0.092969 0.214062 0.060937 0.068750
5 0.173437 0.211719 0.068750 0.064062
30 0.247656 0.212500 0.060937 0.065625
21 0.329688 0.213281 0.068750 0.067187
10 0.411719 0.215625 0.064062 0.071875
22 0.098437 0.328125 0.071875 0.065625
6 0.185938 0.328125 0.071875 0.065625
26 0.266406 0.328125 0.070312 0.065625
35 0.357812 0.328906 0.075000 0.067187
23 0.437500 0.326562 0.062500 0.062500
16 0.092969 0.432031 0.060937 0.067187
5 0.171875 0.432031 0.071875 0.067187
20 0.258594 0.435937 0.064062 0.075000
2 0.332813 0.432031 0.062500 0.067187
29 0.404687 0.433594 0.046875 0.070312
5 0.096875 0.542969 0.068750 0.064062
4 0.168750 0.543750 0.059375 0.065625
34 0.246094 0.546875 0.067187 0.071875
2 0.329688 0.542969 0.059375 0.064062
30 0.092969 0.648438 0.060937 0.065625
1 0.176563 0.649219 0.068750 0.067187
22 0.259375 0.648438 0.071875 0.065625
35 0.351562 0.647656 0.075000 0.064062
15 0.430469 0.653125 0.057813 0.075000
18 0.094531 0.766406 0.064062 0.064062
9 0.162500 0.766406 0.056250 0.064062
11 0.232813 0.768750 0.062500 0.068750
36 0.317188 0.766406 0.068750 0.064062
20 0.399219 0.770312 0.060937 0.071875
19 0.092969 0.884375 0.060937 0.071875
11 0.175000 0.882812 0.062500 0.068750
3 0.250781 0.881250 0.060937 0.065625
6 0.335938 0.881250 0.068750 0.065625
29 0.409375 0.883594 0.050000 0.070312
10 0.547656 0.096875 0.060937 0.068750
12 0.621094 0.094531 0.067187 0.064062
6 0.703125 0.095312 0.068750 0.065625
13 0.785156 0.094531 0.064062 0.064062
26 0.866406 0.093750 0.070312 0.062500
31 0.549219 0.200000 0.064062 0.062500
13 0.621094 0.200781 0.064062 0.064062
31 0.702344 0.201563 0.067187 0.065625
8 0.770312 0.200000 0.050000 0.062500
9 0.832812 0.200781 0.056250 0.064062
13 0.550781 0.303906 0.067187 0.067187
1 0.634375 0.305469 0.071875 0.070312
34 0.713281 0.306250 0.067187 0.071875
27 0.791406 0.303906 0.070312 0.067187
10 0.872656 0.304688 0.060937 0.068750
15 0.547656 0.421875 0.060937 0.078125
11 0.625000 0.415625 0.059375 0.065625
23 0.707812 0.415625 0.065625 0.065625
25 0.784375 0.414844 0.062500 0.064062
12 0.552344 0.533594 0.070312 0.067187
0 0.627344 0.534375 0.060937 0.068750
15 0.696094 0.539062 0.060937 0.078125
34 0.766406 0.534375 0.064062 0.068750
12 0.841406 0.532031 0.067187 0.064062
