25 0.093750 0.094531 0.062500 0.064062
21 0.173437 0.094531 0.065625 0.064062
17 0.251563 0.094531 0.059375 0.064062
24 0.326562 0.093750 0.068750 0.062500
14 0.399219 0.093750 0.060937 0.062500
13 0.094531 0.200781 0.064062 0.064062
33 0.173437 0.201563 0.062500 0.065625
37 0.248438 0.201563 0.062500 0.065625
7 0.323437 0.200000 0.062500 0.062500
10 0.397656 0.204687 0.064062 0.071875
7 0.093750 0.315625 0.062500 0.062500
14 0.166406 0.315625 0.060937 0.062500
34 0.246094 0.318750 0.064062 0.068750
35 0.325000 0.317969 0.078125 0.067187
10 0.092969 0.429688 0.060937 0.068750
9 0.159375 0.427344 0.056250 0.064062
26 0.235156 0.426563 0.070312 0.062500
28 0.322656 0.433594 0.073438 0.076563
10 0.399219 0.429688 0.060937 0.068750
34 0.096094 0.546875 0.067187 0.071875
15 0.174219 0.550000 0.060937 0.078125
36 0.257812 0.544531 0.071875 0.067187
22 0.340625 0.542188 0.068750 0.062500
34 0.419531 0.546875 0.067187 0.071875
34 0.094531 0.659375 0.064062 0.068750
8 0.160938 0.656250 0.046875 0.062500
14 0.227344 0.656250 0.060937 0.062500
21 0.300000 0.658594 0.068750 0.067187
36 0.379688 0.657031 0.068750 0.064062
28 0.099219 0.774219 0.073438 0.073438
31 0.188281 0.768750 0.064062 0.062500
23 0.267188 0.770312 0.065625 0.065625
8 0.332813 0.770312 0.050000 0.065625
3 0.405469 0.770312 0.057813 0.065625
9 0.092188 0.877344 0.059375 0.064062
31 0.171094 0.878125 0.067187 0.065625
20 0.252344 0.881250 0.064062 0.071875
3 0.327344 0.878125 0.057813 0.065625
32 0.397656 0.878125 0.060937 0.065625
14 0.549219 0.095312 0.064062 0.065625
20 0.619531 0.098437 0.060937 0.071875
14 0.691406 0.093750 0.060937 0.062500
25 0.773438 0.094531 0.062500 0.064062
35 0.857812 0.096094 0.078125 0.067187
16 0.547656 0.207031 0.060937 0.067187
3 0.617969 0.206250 0.057813 0.065625
27 0.689844 0.207031 0.070312 0.067187
14 0.764844 0.206250 0.064062 0.065625
24 0.551562 0.304688 0.068750 0.062500
14 0.636719 0.304688 0.060937 0.062500
32 0.705469 0.304688 0.057813 0.062500
21 0.785937 0.305469 0.065625 0.064062
3 0.860156 0.306250 0.060937 0.065625
6 0.551562 0.404687 0.068750 0.062500
3 0.628906 0.406250 0.057813 0.065625
1 0.710938 0.407031 0.068750 0.067187
12 0.796094 0.407031 0.070312 0.067187
22 0.879687 0.404687 0.068750 0.062500
30 0.546094 0.514062 0.057813 0.062500
14 0.616406 0.515625 0.064062 0.065625
9 0.698438 0.516406 0.059375 0.067187
29 0.773438 0.517969 0.050000 0.070312
7 0.850000 0.514062 0.062500 0.062500
24 0.553125 0.623437 0.071875 0.065625
18 0.635156 0.622656 0.064062 0.064062
10 0.710156 0.625000 0.060937 0.068750
10 0.791406 0.625000 0.060937 0.068750
19 0.547656 0.732812 0.060937 0.071875
37 0.628125 0.729688 0.062500 0.065625
33 0.703125 0.729688 0.062500 0.065625
37 0.776563 0.729688 0.062500 0.065625
30 0.857031 0.729688 0.060937 0.065625
5 0.551562 0.839844 0.068750 0.064062
32 0.624219 0.840625 0.060937 0.065625
19 0.696094 0.843750 0.060937 0.071875
13 0.777344 0.839844 0.064062 0.064062
25 0.856250 0.839844 0.062500 0.064062
