37 0.093750 0.095312 0.062500 0.065625
29 0.164062 0.097656 0.050000 0.070312
14 0.235156 0.093750 0.060937 0.062500
12 0.311719 0.094531 0.067187 0.064062
37 0.092188 0.196875 0.059375 0.062500
12 0.169531 0.199219 0.070312 0.067187
7 0.245312 0.196875 0.062500 0.062500
12 0.322656 0.197656 0.067187 0.064062
8 0.393750 0.196875 0.050000 0.062500
26 0.469531 0.196875 0.070312 0.062500
3 0.092969 0.300000 0.060937 0.065625
12 0.171094 0.300781 0.070312 0.067187
14 0.250781 0.300000 0.064062 0.065625
11 0.331250 0.300000 0.059375 0.065625
27 0.403906 0.300781 0.070312 0.067187
22 0.492188 0.298438 0.068750 0.062500
2 0.567187 0.299219 0.059375 0.064062
31 0.094531 0.401562 0.064062 0.062500
33 0.167187 0.404687 0.065625 0.068750
20 0.246094 0.406250 0.060937 0.071875
28 0.325781 0.408594 0.073438 0.076563
2 0.404687 0.402344 0.059375 0.064062
16 0.482031 0.402344 0.060937 0.064062
23 0.554688 0.401562 0.062500 0.062500
16 0.091406 0.521094 0.057813 0.064062
20 0.161719 0.525000 0.060937 0.071875
21 0.245312 0.521094 0.065625 0.064062
24 0.331250 0.520312 0.068750 0.062500
11 0.407813 0.521875 0.059375 0.065625
19 0.477344 0.525000 0.060937 0.071875
20 0.094531 0.637500 0.064062 0.075000
34 0.172656 0.634375 0.064062 0.068750
25 0.248438 0.632031 0.062500 0.064062
29 0.317188 0.636719 0.050000 0.073438
