8 0.087500 0.095312 0.050000 0.065625
19 0.164844 0.098437 0.064062 0.071875
29 0.237500 0.097656 0.046875 0.070312
27 0.310156 0.096094 0.070312 0.067187
22 0.098437 0.207813 0.071875 0.065625
20 0.180469 0.212500 0.064062 0.075000
27 0.260156 0.208594 0.070312 0.067187
8 0.332813 0.206250 0.046875 0.062500
9 0.404687 0.207031 0.056250 0.064062
35 0.481250 0.208594 0.078125 0.067187
21 0.096875 0.327344 0.068750 0.067187
8 0.165625 0.325000 0.050000 0.062500
29 0.225000 0.328906 0.046875 0.070312
17 0.292187 0.327344 0.062500 0.067187
24 0.376563 0.325000 0.068750 0.062500
28 0.457031 0.332031 0.073438 0.076563
5 0.096875 0.435156 0.068750 0.064062
28 0.178906 0.439844 0.070312 0.073438
21 0.259375 0.436719 0.068750 0.067187
23 0.343750 0.435937 0.065625 0.065625
9 0.418750 0.435156 0.056250 0.064062
27 0.496094 0.436719 0.070312 0.067187
3 0.577344 0.435937 0.060937 0.065625
22 0.096875 0.540625 0.068750 0.062500
16 0.178906 0.542969 0.060937 0.067187
24 0.259375 0.542188 0.068750 0.065625
30 0.339844 0.540625 0.057813 0.062500
