5 0.096875 0.096094 0.068750 0.067187
16 0.169531 0.094531 0.057813 0.064062
18 0.244531 0.094531 0.064062 0.064062
1 0.323437 0.096094 0.068750 0.067187
36 0.412500 0.096094 0.071875 0.067187
20 0.094531 0.200000 0.064062 0.075000
0 0.172656 0.195312 0.057813 0.065625
26 0.246094 0.193750 0.070312 0.062500
5 0.329688 0.196094 0.071875 0.067187
20 0.092969 0.315625 0.060937 0.071875
32 0.161719 0.312500 0.060937 0.065625
2 0.231250 0.313281 0.062500 0.067187
5 0.309375 0.311719 0.068750 0.064062
27 0.396094 0.313281 0.070312 0.067187
33 0.093750 0.418750 0.062500 0.065625
28 0.178906 0.422656 0.070312 0.073438
24 0.257812 0.418750 0.068750 0.065625
25 0.340625 0.417969 0.062500 0.064062
33 0.423438 0.418750 0.062500 0.065625
22 0.096875 0.531250 0.068750 0.062500
16 0.172656 0.533594 0.060937 0.067187
29 0.245312 0.535156 0.046875 0.070312
30 0.305469 0.531250 0.057813 0.062500
25 0.548438 0.094531 0.062500 0.064062
0 0.625781 0.095312 0.057813 0.065625
27 0.702344 0.097656 0.073438 0.070312
34 0.789844 0.096875 0.064062 0.068750
26 0.866406 0.093750 0.070312 0.062500
30 0.547656 0.207813 0.060937 0.065625
21 0.626563 0.207031 0.065625 0.064062
30 0.705469 0.206250 0.057813 0.062500
11 0.782813 0.207813 0.059375 0.065625
35 0.860938 0.207031 0.075000 0.064062
1 0.553125 0.313281 0.071875 0.070312
19 0.630469 0.315625 0.064062 0.075000
7 0.715625 0.310937 0.065625 0.065625
1 0.800000 0.313281 0.071875 0.070312
19 0.878906 0.315625 0.064062 0.075000
23 0.548438 0.425000 0.062500 0.062500
23 0.625000 0.425000 0.062500 0.062500
13 0.696094 0.425781 0.064062 0.064062
21 0.776563 0.425781 0.065625 0.064062
22 0.551562 0.525000 0.068750 0.062500
31 0.627344 0.525000 0.064062 0.062500
25 0.701562 0.525781 0.062500 0.064062
8 0.770312 0.525000 0.046875 0.062500
12 0.844531 0.527344 0.070312 0.067187
