8 0.085938 0.093750 0.046875 0.062500
33 0.151562 0.096875 0.065625 0.068750
10 0.224219 0.098437 0.064062 0.071875
14 0.303906 0.093750 0.060937 0.062500
18 0.388281 0.096094 0.067187 0.067187
30 0.464844 0.095312 0.060937 0.065625
26 0.097656 0.209375 0.070312 0.062500
29 0.171875 0.213281 0.046875 0.070312
4 0.235937 0.212500 0.062500 0.068750
7 0.310937 0.209375 0.062500 0.062500
21 0.393750 0.210156 0.065625 0.064062
15 0.475781 0.215625 0.060937 0.075000
36 0.562500 0.211719 0.071875 0.067187
6 0.096875 0.320312 0.068750 0.062500
17 0.179688 0.322656 0.062500 0.067187
21 0.254688 0.322656 0.068750 0.067187
11 0.337500 0.321875 0.059375 0.065625
23 0.093750 0.421875 0.062500 0.062500
34 0.175781 0.426563 0.067187 0.071875
19 0.247656 0.426563 0.060937 0.071875
3 0.314844 0.423438 0.057813 0.065625
12 0.397656 0.424219 0.070312 0.067187
13 0.486719 0.424219 0.067187 0.067187
22 0.564063 0.421875 0.068750 0.062500
8 0.087500 0.537500 0.050000 0.065625
27 0.163281 0.539844 0.073438 0.070312
19 0.238281 0.540625 0.060937 0.071875
10 0.310156 0.540625 0.064062 0.071875
8 0.376563 0.535937 0.050000 0.062500
12 0.447656 0.536719 0.067187 0.064062
