9 0.092188 0.096094 0.059375 0.067187
10 0.169531 0.096875 0.060937 0.068750
16 0.244531 0.094531 0.057813 0.064062
24 0.318750 0.095312 0.071875 0.065625
24 0.403125 0.093750 0.068750 0.062500
28 0.480469 0.099219 0.070312 0.073438
26 0.097656 0.206250 0.070312 0.062500
22 0.189062 0.207813 0.071875 0.065625
1 0.275000 0.210156 0.071875 0.070312
7 0.354687 0.207813 0.065625 0.065625
11 0.425000 0.207813 0.059375 0.065625
29 0.087500 0.319531 0.050000 0.070312
6 0.157812 0.317188 0.071875 0.065625
8 0.226562 0.315625 0.046875 0.062500
19 0.289844 0.320312 0.060937 0.071875
26 0.377344 0.317188 0.073438 0.065625
23 0.459375 0.317188 0.065625 0.065625
22 0.543750 0.315625 0.068750 0.062500
21 0.095312 0.430469 0.065625 0.064062
3 0.177344 0.431250 0.057813 0.065625
11 0.250000 0.431250 0.059375 0.065625
18 0.328906 0.430469 0.064062 0.064062
4 0.398438 0.431250 0.059375 0.065625
37 0.467187 0.431250 0.062500 0.065625
11 0.535937 0.431250 0.059375 0.065625
33 0.093750 0.531250 0.062500 0.065625
31 0.166406 0.531250 0.067187 0.065625
11 0.250000 0.532813 0.062500 0.068750
36 0.328125 0.530469 0.068750 0.064062
