1 0.096875 0.096094 0.068750 0.067187
37 0.178125 0.095312 0.062500 0.065625
4 0.254688 0.095312 0.059375 0.065625
33 0.328125 0.096875 0.065625 0.068750
9 0.400000 0.096094 0.059375 0.067187
31 0.094531 0.195312 0.064062 0.062500
8 0.170313 0.195312 0.050000 0.062500
8 0.232813 0.195312 0.046875 0.062500
30 0.294531 0.195312 0.060937 0.062500
4 0.365625 0.196875 0.059375 0.065625
37 0.092188 0.301563 0.059375 0.062500
26 0.172656 0.301563 0.070312 0.062500
0 0.249219 0.304688 0.060937 0.068750
27 0.330469 0.303906 0.070312 0.067187
37 0.414062 0.301563 0.059375 0.062500
12 0.492969 0.303906 0.070312 0.067187
29 0.571875 0.305469 0.046875 0.070312
35 0.101562 0.408594 0.078125 0.067187
34 0.180469 0.409375 0.064062 0.068750
32 0.249219 0.406250 0.057813 0.062500
13 0.327344 0.408594 0.067187 0.067187
23 0.406250 0.407813 0.065625 0.065625
3 0.091406 0.518750 0.057813 0.065625
29 0.159375 0.521094 0.046875 0.070312
35 0.229687 0.519531 0.078125 0.067187
15 0.316406 0.523438 0.060937 0.075000
18 0.389844 0.519531 0.067187 0.067187
8 0.456250 0.517188 0.046875 0.062500
3 0.525781 0.518750 0.057813 0.065625
16 0.091406 0.632031 0.057813 0.064062
15 0.164844 0.639062 0.060937 0.078125
14 0.244531 0.631250 0.060937 0.062500
0 0.311719 0.632812 0.057813 0.065625
30 0.092969 0.751563 0.060937 0.065625
16 0.163281 0.750781 0.057813 0.064062
30 0.233594 0.750000 0.057813 0.062500
20 0.308594 0.754687 0.060937 0.071875
29 0.375000 0.753906 0.046875 0.070312
