1 0.098437 0.097656 0.071875 0.070312
24 0.179688 0.095312 0.071875 0.065625
0 0.257031 0.095312 0.057813 0.065625
0 0.324219 0.096875 0.060937 0.068750
35 0.100000 0.207031 0.075000 0.064062
33 0.187500 0.207813 0.062500 0.065625
4 0.262500 0.207813 0.059375 0.065625
4 0.342187 0.207813 0.059375 0.065625
5 0.426563 0.208594 0.071875 0.067187
1 0.098437 0.317969 0.071875 0.070312
4 0.178125 0.317188 0.062500 0.068750
34 0.250781 0.318750 0.067187 0.071875
27 0.327344 0.316406 0.070312 0.067187
10 0.402344 0.317188 0.060937 0.068750
31 0.096094 0.428125 0.067187 0.065625
35 0.189062 0.428906 0.078125 0.067187
10 0.272656 0.429688 0.060937 0.068750
20 0.353906 0.432812 0.064062 0.075000
14 0.436719 0.428125 0.064062 0.065625
23 0.095312 0.540625 0.065625 0.065625
28 0.174219 0.546094 0.073438 0.076563
12 0.261719 0.541406 0.067187 0.067187
16 0.341406 0.539844 0.060937 0.064062
36 0.426563 0.541406 0.071875 0.067187
26 0.097656 0.657813 0.070312 0.062500
17 0.178125 0.658594 0.059375 0.064062
16 0.252344 0.658594 0.060937 0.064062
28 0.332031 0.663281 0.070312 0.073438
25 0.418750 0.660156 0.065625 0.067187
24 0.096875 0.770312 0.068750 0.062500
36 0.176563 0.772656 0.071875 0.067187
1 0.265625 0.774219 0.071875 0.070312
2 0.348438 0.771094 0.059375 0.064062
3 0.424219 0.771875 0.057813 0.065625
23 0.095312 0.878125 0.065625 0.065625
34 0.177344 0.879687 0.064062 0.068750
13 0.252344 0.877344 0.064062 0.064062
36 0.329688 0.878906 0.071875 0.067187
35 0.414062 0.878906 0.078125 0.067187
15 0.546094 0.100000 0.057813 0.075000
19 0.624219 0.100000 0.064062 0.075000
29 0.701562 0.097656 0.050000 0.070312
20 0.769531 0.098437 0.064062 0.071875
26 0.857031 0.093750 0.070312 0.062500
12 0.550781 0.207031 0.067187 0.064062
16 0.625781 0.207031 0.057813 0.064062
30 0.703906 0.206250 0.057813 0.062500
37 0.775000 0.207813 0.062500 0.065625
12 0.849219 0.208594 0.070312 0.067187
1 0.551562 0.311719 0.068750 0.067187
34 0.627344 0.312500 0.067187 0.068750
24 0.703125 0.309375 0.068750 0.062500
15 0.775781 0.315625 0.060937 0.075000
25 0.850000 0.310156 0.062500 0.064062
12 0.550781 0.421094 0.067187 0.064062
13 0.627344 0.421094 0.064062 0.064062
17 0.698438 0.421094 0.059375 0.064062
36 0.771875 0.421094 0.068750 0.064062
8 0.540625 0.517188 0.046875 0.062500
29 0.600000 0.521094 0.046875 0.070312
31 0.671094 0.518750 0.067187 0.065625
35 0.751563 0.519531 0.078125 0.067187
13 0.835156 0.517969 0.064062 0.064062
15 0.547656 0.632812 0.060937 0.078125
36 0.626563 0.625781 0.068750 0.064062
32 0.699219 0.625000 0.057813 0.062500
17 0.770312 0.627344 0.062500 0.067187
18 0.550781 0.738281 0.067187 0.067187
10 0.628906 0.739062 0.060937 0.068750
31 0.700781 0.735938 0.064062 0.062500
12 0.774219 0.736719 0.067187 0.064062
34 0.852344 0.739062 0.064062 0.068750
12 0.552344 0.839844 0.070312 0.067187
8 0.623437 0.839063 0.050000 0.065625
3 0.685156 0.839063 0.057813 0.065625
9 0.754687 0.838281 0.056250 0.064062
16 0.825781 0.839844 0.060937 0.067187
