7 0.093750 0.093750 0.062500 0.062500
37 0.164062 0.093750 0.062500 0.062500
5 0.239063 0.094531 0.068750 0.064062
32 0.311719 0.093750 0.057813 0.062500
26 0.099219 0.196875 0.073438 0.065625
36 0.184375 0.196094 0.068750 0.064062
13 0.264844 0.197656 0.067187 0.067187
17 0.342187 0.196094 0.059375 0.064062
37 0.415625 0.196875 0.062500 0.065625
6 0.096875 0.296875 0.068750 0.062500
3 0.177344 0.298438 0.057813 0.065625
36 0.251563 0.297656 0.068750 0.064062
4 0.329688 0.300000 0.062500 0.068750
18 0.096094 0.400781 0.067187 0.067187
18 0.174219 0.400781 0.067187 0.067187
28 0.261719 0.405469 0.073438 0.076563
32 0.347656 0.400000 0.060937 0.065625
22 0.098437 0.518750 0.071875 0.065625
10 0.177344 0.521875 0.064062 0.071875
36 0.259375 0.519531 0.071875 0.067187
3 0.336719 0.520312 0.060937 0.068750
6 0.414062 0.517188 0.068750 0.062500
37 0.498437 0.517188 0.059375 0.062500
28 0.577344 0.522656 0.070312 0.073438
11 0.092188 0.631250 0.059375 0.065625
32 0.166406 0.629687 0.057813 0.062500
20 0.246094 0.634375 0.060937 0.071875
33 0.320312 0.632812 0.065625 0.068750
8 0.389062 0.631250 0.050000 0.065625
27 0.458594 0.632031 0.070312 0.067187
28 0.536719 0.635156 0.070312 0.073438
26 0.099219 0.742188 0.073438 0.065625
29 0.170313 0.744531 0.046875 0.070312
15 0.235156 0.748437 0.060937 0.078125
23 0.317188 0.740625 0.062500 0.062500
22 0.398438 0.742188 0.071875 0.065625
6 0.479687 0.740625 0.068750 0.062500
11 0.557813 0.743750 0.062500 0.068750
20 0.092969 0.862500 0.060937 0.071875
20 0.171094 0.862500 0.060937 0.071875
10 0.242969 0.862500 0.064062 0.071875
15 0.319531 0.865625 0.060937 0.078125
21 0.395313 0.860156 0.068750 0.067187
