8 0.085938 0.093750 0.046875 0.062500
14 0.150781 0.095312 0.064062 0.065625
19 0.228906 0.100000 0.064062 0.075000
8 0.303125 0.093750 0.046875 0.062500
0 0.364844 0.095312 0.057813 0.065625
21 0.096875 0.213281 0.068750 0.067187
26 0.178906 0.210938 0.070312 0.062500
26 0.263281 0.212500 0.073438 0.065625
10 0.342969 0.214062 0.060937 0.068750
19 0.092969 0.323437 0.060937 0.071875
12 0.166406 0.321094 0.070312 0.067187
37 0.246875 0.318750 0.059375 0.062500
35 0.334375 0.319531 0.075000 0.064062
37 0.093750 0.426563 0.062500 0.065625
24 0.179688 0.426563 0.071875 0.065625
17 0.260937 0.425781 0.059375 0.064062
2 0.337500 0.425781 0.059375 0.064062
18 0.094531 0.524219 0.064062 0.064062
9 0.176563 0.525781 0.059375 0.067187
12 0.250781 0.524219 0.067187 0.064062
32 0.327344 0.523438 0.057813 0.062500
22 0.096875 0.626563 0.068750 0.062500
16 0.172656 0.627344 0.057813 0.064062
34 0.241406 0.629687 0.064062 0.068750
10 0.317969 0.629687 0.060937 0.068750
36 0.096875 0.738281 0.068750 0.064062
6 0.178125 0.739062 0.071875 0.065625
35 0.271875 0.738281 0.075000 0.064062
33 0.348438 0.739062 0.062500 0.065625
30 0.419531 0.739062 0.060937 0.065625
8 0.085938 0.837500 0.046875 0.062500
12 0.160156 0.839844 0.070312 0.067187
25 0.239063 0.839844 0.065625 0.067187
7 0.323437 0.837500 0.062500 0.062500
11 0.401562 0.840625 0.062500 0.068750
17 0.548438 0.096094 0.062500 0.067187
23 0.621875 0.093750 0.062500 0.062500
31 0.700781 0.093750 0.064062 0.062500
23 0.782813 0.093750 0.062500 0.062500
30 0.546094 0.196875 0.057813 0.062500
11 0.617188 0.200000 0.062500 0.068750
35 0.701562 0.197656 0.075000 0.064062
2 0.790625 0.199219 0.062500 0.067187
6 0.870313 0.196875 0.068750 0.062500
2 0.546875 0.307031 0.059375 0.064062
20 0.627344 0.312500 0.064062 0.075000
14 0.705469 0.307812 0.064062 0.065625
29 0.771875 0.310156 0.046875 0.070312
31 0.838281 0.306250 0.064062 0.062500
0 0.546094 0.423438 0.057813 0.065625
36 0.623437 0.424219 0.071875 0.067187
7 0.710938 0.423438 0.065625 0.065625
29 0.787500 0.425781 0.046875 0.070312
0 0.546094 0.528125 0.057813 0.065625
14 0.625781 0.526563 0.060937 0.062500
31 0.705469 0.526563 0.064062 0.062500
15 0.782031 0.532813 0.060937 0.075000
18 0.858594 0.527344 0.064062 0.064062
