10 0.094531 0.098437 0.064062 0.071875
10 0.164844 0.096875 0.060937 0.068750
35 0.253125 0.094531 0.075000 0.064062
25 0.337500 0.096094 0.065625 0.067187
2 0.412500 0.094531 0.059375 0.064062
6 0.098437 0.209375 0.071875 0.065625
20 0.174219 0.212500 0.064062 0.071875
1 0.253125 0.210156 0.068750 0.067187
18 0.333594 0.210156 0.067187 0.067187
15 0.405469 0.215625 0.060937 0.078125
28 0.480469 0.214844 0.073438 0.076563
9 0.562500 0.208594 0.056250 0.064062
26 0.097656 0.329688 0.070312 0.062500
18 0.183594 0.330469 0.064062 0.064062
13 0.257031 0.330469 0.064062 0.064062
24 0.332813 0.329688 0.068750 0.062500
19 0.405469 0.334375 0.060937 0.071875
3 0.486719 0.332813 0.060937 0.068750
21 0.568750 0.330469 0.065625 0.064062
32 0.091406 0.443750 0.057813 0.062500
25 0.167187 0.446094 0.065625 0.067187
36 0.246875 0.444531 0.068750 0.064062
37 0.325000 0.443750 0.059375 0.062500
31 0.094531 0.543750 0.064062 0.062500
5 0.182812 0.546094 0.071875 0.067187
23 0.262500 0.545312 0.065625 0.065625
9 0.335938 0.544531 0.059375 0.064062
8 0.404687 0.543750 0.050000 0.062500
2 0.475000 0.544531 0.059375 0.064062
24 0.098437 0.656250 0.071875 0.065625
4 0.181250 0.657813 0.062500 0.068750
20 0.261719 0.659375 0.064062 0.071875
12 0.342969 0.657031 0.070312 0.067187
