26 0.097656 0.093750 0.070312 0.062500
23 0.171875 0.093750 0.062500 0.062500
13 0.242969 0.094531 0.064062 0.064062
8 0.306250 0.093750 0.046875 0.062500
7 0.376563 0.093750 0.062500 0.062500
9 0.092188 0.202344 0.059375 0.067187
30 0.166406 0.200000 0.057813 0.062500
27 0.244531 0.202344 0.070312 0.067187
3 0.324219 0.203125 0.060937 0.068750
20 0.396094 0.204687 0.060937 0.071875
22 0.098437 0.312500 0.071875 0.065625
31 0.180469 0.310937 0.064062 0.062500
25 0.262500 0.311719 0.062500 0.064062
13 0.339844 0.311719 0.064062 0.064062
4 0.417187 0.312500 0.059375 0.065625
23 0.493750 0.310937 0.062500 0.062500
14 0.094531 0.418750 0.064062 0.065625
32 0.169531 0.417187 0.057813 0.062500
9 0.243750 0.419531 0.059375 0.067187
2 0.323437 0.417969 0.059375 0.064062
4 0.393750 0.418750 0.059375 0.065625
37 0.462500 0.417187 0.059375 0.062500
22 0.543750 0.417187 0.068750 0.062500
21 0.096875 0.521094 0.068750 0.067187
37 0.182812 0.520312 0.062500 0.065625
20 0.252344 0.523438 0.060937 0.071875
20 0.325781 0.525000 0.064062 0.075000
1 0.409375 0.521094 0.068750 0.067187
19 0.494531 0.525000 0.064062 0.075000
14 0.567969 0.520312 0.064062 0.065625
36 0.098437 0.633594 0.071875 0.067187
13 0.182031 0.632031 0.064062 0.064062
35 0.260937 0.632031 0.075000 0.064062
28 0.342969 0.636719 0.070312 0.073438
