5 0.096875 0.094531 0.068750 0.064062
23 0.175000 0.093750 0.062500 0.062500
30 0.255469 0.093750 0.057813 0.062500
0 0.330469 0.096875 0.060937 0.068750
5 0.096875 0.199219 0.068750 0.064062
13 0.178906 0.200781 0.067187 0.067187
10 0.255469 0.203125 0.064062 0.071875
18 0.338281 0.199219 0.064062 0.064062
6 0.418750 0.198437 0.068750 0.062500
22 0.098437 0.315625 0.071875 0.065625
28 0.188281 0.321094 0.073438 0.076563
28 0.271094 0.321094 0.073438 0.076563
26 0.357031 0.315625 0.073438 0.065625
20 0.094531 0.431250 0.064062 0.075000
35 0.181250 0.427344 0.078125 0.067187
2 0.259375 0.425781 0.059375 0.064062
0 0.325781 0.426563 0.057813 0.065625
17 0.401562 0.425781 0.059375 0.064062
1 0.098437 0.538281 0.071875 0.070312
0 0.175781 0.537500 0.060937 0.068750
10 0.252344 0.537500 0.060937 0.068750
26 0.338281 0.535937 0.073438 0.065625
10 0.414844 0.537500 0.060937 0.068750
22 0.096875 0.640625 0.068750 0.062500
3 0.174219 0.643750 0.060937 0.068750
31 0.246094 0.642188 0.067187 0.065625
0 0.317969 0.642188 0.057813 0.065625
6 0.393750 0.642188 0.071875 0.065625
26 0.097656 0.745313 0.070312 0.062500
5 0.184375 0.747656 0.071875 0.067187
34 0.271094 0.750000 0.067187 0.071875
16 0.350781 0.746094 0.057813 0.064062
5 0.423438 0.746094 0.068750 0.064062
25 0.548438 0.094531 0.062500 0.064062
10 0.625781 0.096875 0.060937 0.068750
11 0.696875 0.095312 0.059375 0.065625
21 0.776563 0.096094 0.068750 0.067187
17 0.853125 0.094531 0.059375 0.064062
28 0.552344 0.207031 0.070312 0.073438
26 0.644531 0.203125 0.073438 0.065625
14 0.725781 0.203125 0.064062 0.065625
15 0.807031 0.207813 0.060937 0.075000
0 0.547656 0.318750 0.060937 0.068750
11 0.621875 0.318750 0.062500 0.068750
17 0.693750 0.316406 0.062500 0.064062
32 0.763281 0.315625 0.057813 0.062500
0 0.842969 0.318750 0.060937 0.068750
1 0.551562 0.422656 0.068750 0.067187
35 0.639062 0.422656 0.078125 0.067187
8 0.720313 0.420312 0.046875 0.062500
20 0.783594 0.426563 0.064062 0.075000
11 0.862500 0.421875 0.059375 0.065625
32 0.547656 0.537500 0.060937 0.065625
19 0.627344 0.540625 0.060937 0.071875
13 0.707031 0.538281 0.067187 0.067187
19 0.788281 0.542188 0.064062 0.075000
27 0.871094 0.538281 0.070312 0.067187
