5 0.096875 0.094531 0.068750 0.064062
28 0.182031 0.099219 0.070312 0.073438
12 0.258594 0.094531 0.067187 0.064062
25 0.334375 0.094531 0.062500 0.064062
37 0.410938 0.093750 0.059375 0.062500
36 0.096875 0.203906 0.068750 0.064062
36 0.185938 0.203906 0.068750 0.064062
31 0.260156 0.203125 0.064062 0.062500
32 0.338281 0.203125 0.057813 0.062500
31 0.096094 0.310937 0.067187 0.065625
3 0.172656 0.310937 0.057813 0.065625
8 0.234375 0.309375 0.046875 0.062500
31 0.305469 0.309375 0.064062 0.062500
14 0.092969 0.412500 0.060937 0.062500
36 0.176563 0.414844 0.071875 0.067187
14 0.260156 0.412500 0.060937 0.062500
37 0.340625 0.412500 0.062500 0.062500
20 0.419531 0.417187 0.060937 0.071875
10 0.489844 0.417187 0.064062 0.071875
34 0.569531 0.415625 0.064062 0.068750
30 0.092969 0.523438 0.060937 0.065625
25 0.171875 0.522656 0.062500 0.064062
21 0.250000 0.522656 0.065625 0.064062
4 0.320312 0.523438 0.059375 0.065625
14 0.399219 0.521875 0.060937 0.062500
26 0.097656 0.623437 0.070312 0.062500
24 0.178125 0.623437 0.068750 0.062500
8 0.251563 0.623437 0.046875 0.062500
5 0.328125 0.624219 0.068750 0.064062
17 0.412500 0.624219 0.059375 0.064062
7 0.489063 0.623437 0.062500 0.062500
