36 0.096875 0.094531 0.068750 0.064062
7 0.181250 0.093750 0.062500 0.062500
3 0.257031 0.096875 0.060937 0.068750
20 0.336719 0.100000 0.064062 0.075000
16 0.417969 0.094531 0.057813 0.064062
28 0.099219 0.214844 0.073438 0.076563
17 0.181250 0.208594 0.059375 0.064062
27 0.263281 0.210156 0.070312 0.067187
33 0.345313 0.210938 0.065625 0.068750
1 0.421875 0.210156 0.068750 0.067187
32 0.092969 0.318750 0.060937 0.062500
29 0.165625 0.322656 0.046875 0.070312
15 0.239844 0.326562 0.060937 0.078125
37 0.318750 0.320312 0.062500 0.065625
7 0.095312 0.432812 0.065625 0.065625
7 0.181250 0.432812 0.065625 0.065625
35 0.260937 0.433594 0.078125 0.067187
31 0.347656 0.431250 0.064062 0.062500
16 0.425781 0.433594 0.060937 0.067187
24 0.096875 0.540625 0.068750 0.062500
21 0.184375 0.542969 0.068750 0.067187
31 0.263281 0.540625 0.064062 0.062500
28 0.344531 0.547656 0.073438 0.076563
9 0.428125 0.541406 0.056250 0.064062
17 0.092188 0.657031 0.059375 0.064062
24 0.173437 0.657813 0.068750 0.065625
18 0.250781 0.658594 0.067187 0.067187
12 0.333594 0.658594 0.070312 0.067187
15 0.408594 0.664062 0.060937 0.078125
1 0.098437 0.778906 0.071875 0.070312
23 0.179688 0.776563 0.065625 0.065625
17 0.257812 0.777344 0.062500 0.067187
12 0.339844 0.775781 0.067187 0.064062
31 0.422656 0.775000 0.064062 0.062500
16 0.091406 0.880469 0.057813 0.064062
5 0.165625 0.880469 0.068750 0.064062
3 0.239844 0.881250 0.057813 0.065625
25 0.315625 0.880469 0.062500 0.064062
13 0.396094 0.882031 0.067187 0.067187
11 0.548438 0.096875 0.062500 0.068750
30 0.616406 0.093750 0.057813 0.062500
35 0.692187 0.094531 0.075000 0.064062
19 0.780469 0.098437 0.060937 0.071875
0 0.858594 0.095312 0.057813 0.065625
11 0.546875 0.207813 0.059375 0.065625
23 0.618750 0.206250 0.062500 0.062500
14 0.699219 0.206250 0.060937 0.062500
3 0.775781 0.207813 0.057813 0.065625
13 0.853906 0.207031 0.064062 0.064062
12 0.550781 0.308594 0.067187 0.064062
11 0.629687 0.309375 0.059375 0.065625
16 0.700781 0.310156 0.060937 0.067187
10 0.772656 0.310937 0.060937 0.068750
30 0.849219 0.307812 0.057813 0.062500
5 0.551562 0.410156 0.068750 0.064062
25 0.632812 0.410156 0.062500 0.064062
23 0.706250 0.409375 0.062500 0.062500
33 0.785937 0.412500 0.065625 0.068750
31 0.550781 0.514062 0.067187 0.065625
7 0.626563 0.514062 0.065625 0.065625
19 0.708594 0.517188 0.060937 0.071875
4 0.778125 0.514062 0.059375 0.065625
30 0.857031 0.512500 0.057813 0.062500
