0 0.092969 0.096875 0.060937 0.068750
14 0.169531 0.095312 0.064062 0.065625
22 0.245312 0.095312 0.071875 0.065625
8 0.318750 0.093750 0.046875 0.062500
14 0.092969 0.206250 0.060937 0.062500
16 0.171094 0.207031 0.057813 0.064062
12 0.250781 0.207031 0.067187 0.064062
32 0.325781 0.206250 0.057813 0.062500
0 0.403906 0.207813 0.057813 0.065625
20 0.092969 0.318750 0.060937 0.071875
35 0.178125 0.316406 0.078125 0.067187
6 0.259375 0.314063 0.068750 0.062500
13 0.339844 0.314844 0.064062 0.064062
27 0.419531 0.317969 0.073438 0.070312
4 0.093750 0.423438 0.062500 0.068750
18 0.166406 0.422656 0.067187 0.067187
5 0.242188 0.421094 0.068750 0.064062
1 0.325000 0.424219 0.071875 0.070312
3 0.403906 0.421875 0.057813 0.065625
29 0.087500 0.538281 0.050000 0.070312
4 0.150000 0.535937 0.059375 0.065625
21 0.234375 0.536719 0.068750 0.067187
17 0.317188 0.536719 0.062500 0.067187
4 0.092188 0.643750 0.059375 0.065625
36 0.168750 0.644531 0.071875 0.067187
0 0.246094 0.643750 0.060937 0.065625
30 0.313281 0.642188 0.057813 0.062500
21 0.385937 0.644531 0.068750 0.067187
14 0.092969 0.743750 0.060937 0.062500
28 0.174219 0.750781 0.073438 0.076563
20 0.255469 0.748437 0.060937 0.071875
7 0.325000 0.743750 0.062500 0.062500
17 0.404687 0.744531 0.059375 0.064062
16 0.546094 0.094531 0.057813 0.064062
36 0.618750 0.094531 0.068750 0.064062
4 0.698438 0.095312 0.059375 0.065625
17 0.768750 0.094531 0.059375 0.064062
17 0.837500 0.094531 0.062500 0.064062
4 0.546875 0.193750 0.059375 0.065625
5 0.625000 0.192969 0.068750 0.064062
13 0.700781 0.192969 0.064062 0.064062
21 0.776563 0.192969 0.065625 0.064062
22 0.551562 0.300000 0.068750 0.062500
23 0.634375 0.300000 0.062500 0.062500
4 0.704688 0.303125 0.062500 0.068750
34 0.775781 0.303125 0.064062 0.068750
10 0.852344 0.303125 0.060937 0.068750
37 0.546875 0.403125 0.059375 0.062500
4 0.626563 0.404687 0.059375 0.065625
9 0.692187 0.403906 0.056250 0.064062
26 0.775781 0.403125 0.070312 0.062500
0 0.858594 0.404687 0.057813 0.065625
27 0.552344 0.505469 0.070312 0.067187
6 0.637500 0.503125 0.068750 0.062500
8 0.715625 0.504687 0.050000 0.065625
1 0.785937 0.505469 0.068750 0.067187
30 0.867969 0.504687 0.060937 0.065625
