8 0.087500 0.093750 0.050000 0.062500
4 0.157812 0.095312 0.059375 0.065625
19 0.232031 0.098437 0.060937 0.071875
18 0.313281 0.096094 0.067187 0.067187
32 0.091406 0.209375 0.057813 0.062500
3 0.163281 0.210938 0.057813 0.065625
15 0.233594 0.215625 0.057813 0.075000
27 0.316406 0.211719 0.070312 0.067187
14 0.092969 0.318750 0.060937 0.062500
20 0.169531 0.323437 0.060937 0.071875
8 0.243750 0.318750 0.050000 0.062500
30 0.310156 0.318750 0.057813 0.062500
11 0.092188 0.434375 0.059375 0.065625
9 0.162500 0.433594 0.056250 0.064062
2 0.234375 0.435156 0.062500 0.067187
17 0.307812 0.433594 0.059375 0.064062
20 0.385156 0.437500 0.060937 0.071875
12 0.097656 0.549219 0.070312 0.067187
15 0.171094 0.554688 0.060937 0.078125
16 0.241406 0.547656 0.057813 0.064062
25 0.310937 0.547656 0.062500 0.064062
31 0.388281 0.546875 0.064062 0.062500
22 0.098437 0.665625 0.071875 0.065625
0 0.171094 0.665625 0.057813 0.065625
10 0.244531 0.668750 0.064062 0.071875
37 0.317188 0.664062 0.059375 0.062500
13 0.096094 0.777344 0.067187 0.067187
35 0.176563 0.775781 0.075000 0.064062
30 0.252344 0.775000 0.057813 0.062500
18 0.333594 0.775781 0.064062 0.064062
21 0.550000 0.094531 0.065625 0.064062
30 0.630469 0.093750 0.057813 0.062500
18 0.700781 0.096094 0.067187 0.067187
24 0.782813 0.095312 0.071875 0.065625
7 0.550000 0.196875 0.065625 0.065625
15 0.630469 0.201563 0.057813 0.075000
4 0.700000 0.196875 0.059375 0.065625
19 0.780469 0.200000 0.060937 0.071875
27 0.863281 0.197656 0.070312 0.067187
30 0.546094 0.314063 0.057813 0.062500
5 0.629687 0.314844 0.068750 0.064062
24 0.715625 0.314063 0.068750 0.062500
24 0.804688 0.314063 0.068750 0.062500
17 0.881250 0.314844 0.059375 0.064062
7 0.548438 0.418750 0.062500 0.062500
27 0.625781 0.421094 0.070312 0.067187
23 0.703125 0.418750 0.062500 0.062500
28 0.777344 0.424219 0.070312 0.073438
9 0.850000 0.419531 0.056250 0.064062
30 0.546094 0.526563 0.057813 0.062500
20 0.622656 0.532813 0.064062 0.075000
0 0.700781 0.528125 0.057813 0.065625
12 0.780469 0.528906 0.070312 0.067187
26 0.866406 0.526563 0.070312 0.062500
