29 0.087500 0.097656 0.050000 0.070312
35 0.168750 0.096094 0.078125 0.067187
34 0.253906 0.096875 0.064062 0.068750
17 0.337500 0.096094 0.062500 0.067187
35 0.423438 0.096094 0.075000 0.067187
0 0.091406 0.200000 0.057813 0.065625
6 0.173437 0.200000 0.071875 0.065625
28 0.266406 0.205469 0.073438 0.076563
26 0.358594 0.198437 0.070312 0.062500
5 0.439063 0.199219 0.068750 0.064062
0 0.091406 0.314063 0.057813 0.065625
6 0.165625 0.314063 0.071875 0.065625
21 0.243750 0.314844 0.068750 0.067187
3 0.322656 0.314063 0.057813 0.065625
34 0.405469 0.315625 0.067187 0.068750
16 0.092969 0.421094 0.060937 0.067187
4 0.170313 0.420312 0.059375 0.065625
6 0.246875 0.418750 0.068750 0.062500
6 0.329688 0.418750 0.068750 0.062500
9 0.090625 0.521094 0.056250 0.064062
1 0.170313 0.524219 0.071875 0.070312
23 0.248438 0.520312 0.062500 0.062500
33 0.325000 0.521875 0.062500 0.065625
8 0.401562 0.520312 0.050000 0.062500
36 0.098437 0.633594 0.071875 0.067187
35 0.182812 0.633594 0.075000 0.067187
35 0.273438 0.632031 0.075000 0.064062
24 0.359375 0.632812 0.068750 0.065625
34 0.441406 0.634375 0.064062 0.068750
35 0.100000 0.733594 0.075000 0.064062
1 0.190625 0.736719 0.071875 0.070312
12 0.271094 0.733594 0.067187 0.064062
37 0.346875 0.734375 0.062500 0.065625
28 0.421094 0.738281 0.070312 0.073438
35 0.101562 0.847656 0.078125 0.067187
24 0.195312 0.846875 0.071875 0.065625
10 0.283594 0.848437 0.064062 0.068750
26 0.360156 0.846875 0.070312 0.065625
8 0.429688 0.845313 0.046875 0.062500
29 0.540625 0.097656 0.046875 0.070312
14 0.616406 0.095312 0.064062 0.065625
37 0.692187 0.095312 0.062500 0.065625
14 0.761719 0.093750 0.060937 0.062500
32 0.833594 0.093750 0.057813 0.062500
20 0.549219 0.210938 0.064062 0.075000
20 0.628906 0.209375 0.060937 0.071875
7 0.700000 0.204687 0.062500 0.062500
30 0.780469 0.204687 0.057813 0.062500
4 0.850000 0.206250 0.059375 0.065625
6 0.551562 0.320312 0.068750 0.062500
0 0.628906 0.321875 0.060937 0.065625
8 0.703125 0.320312 0.046875 0.062500
34 0.775781 0.323437 0.064062 0.068750
0 0.547656 0.429688 0.060937 0.068750
8 0.612500 0.428125 0.050000 0.065625
2 0.681250 0.427344 0.059375 0.064062
4 0.760938 0.428125 0.059375 0.065625
24 0.834375 0.426563 0.068750 0.062500
17 0.546875 0.536719 0.059375 0.064062
28 0.627344 0.541406 0.070312 0.073438
19 0.711719 0.542188 0.064062 0.075000
34 0.783594 0.539062 0.064062 0.068750
25 0.868750 0.538281 0.065625 0.067187
33 0.548438 0.656250 0.062500 0.065625
16 0.617969 0.655469 0.057813 0.064062
19 0.688281 0.660937 0.064062 0.075000
22 0.765625 0.656250 0.071875 0.065625
13 0.849219 0.657031 0.067187 0.067187
