26 0.099219 0.095312 0.073438 0.065625
16 0.178906 0.094531 0.057813 0.064062
7 0.257812 0.095312 0.065625 0.065625
11 0.329688 0.096875 0.062500 0.068750
9 0.400000 0.096094 0.059375 0.067187
34 0.094531 0.204687 0.064062 0.068750
34 0.167969 0.206250 0.067187 0.071875
14 0.241406 0.203125 0.064062 0.065625
11 0.320312 0.203125 0.062500 0.065625
9 0.392188 0.203906 0.059375 0.067187
26 0.099219 0.307812 0.073438 0.065625
16 0.185156 0.307031 0.057813 0.064062
9 0.250000 0.307031 0.056250 0.064062
8 0.310937 0.306250 0.046875 0.062500
35 0.392188 0.307031 0.075000 0.064062
25 0.095312 0.416406 0.065625 0.067187
3 0.177344 0.415625 0.057813 0.065625
14 0.250781 0.414062 0.060937 0.062500
0 0.322656 0.415625 0.057813 0.065625
19 0.399219 0.420312 0.064062 0.075000
30 0.091406 0.523438 0.057813 0.062500
29 0.164062 0.528906 0.050000 0.073438
2 0.232813 0.524219 0.062500 0.064062
0 0.303906 0.526563 0.060937 0.068750
12 0.389844 0.525781 0.070312 0.067187
14 0.094531 0.634375 0.064062 0.065625
10 0.171094 0.635938 0.060937 0.068750
20 0.246094 0.637500 0.060937 0.071875
23 0.317188 0.634375 0.065625 0.065625
24 0.098437 0.748437 0.071875 0.065625
8 0.171875 0.748437 0.050000 0.065625
20 0.246094 0.753125 0.064062 0.075000
0 0.322656 0.748437 0.057813 0.065625
10 0.549219 0.098437 0.064062 0.071875
4 0.628125 0.096875 0.062500 0.068750
9 0.707812 0.094531 0.056250 0.064062
31 0.788281 0.095312 0.067187 0.065625
14 0.866406 0.093750 0.060937 0.062500
5 0.551562 0.200781 0.068750 0.064062
13 0.628906 0.202344 0.067187 0.067187
22 0.714063 0.200000 0.068750 0.062500
13 0.796094 0.200781 0.064062 0.064062
26 0.878906 0.200000 0.070312 0.062500
8 0.540625 0.304688 0.046875 0.062500
0 0.600781 0.306250 0.057813 0.065625
13 0.678906 0.307031 0.067187 0.067187
36 0.762500 0.305469 0.068750 0.064062
2 0.845313 0.305469 0.059375 0.064062
14 0.549219 0.410938 0.064062 0.065625
14 0.632031 0.409375 0.060937 0.062500
16 0.708594 0.410156 0.060937 0.064062
7 0.778125 0.409375 0.062500 0.062500
21 0.550000 0.517969 0.065625 0.067187
17 0.631250 0.517969 0.062500 0.067187
5 0.710938 0.516406 0.068750 0.064062
35 0.803125 0.516406 0.075000 0.064062
31 0.883594 0.515625 0.064062 0.062500
3 0.546094 0.623437 0.057813 0.065625
5 0.625000 0.622656 0.068750 0.064062
24 0.709375 0.623437 0.071875 0.065625
6 0.793750 0.621875 0.068750 0.062500
7 0.881250 0.623437 0.065625 0.065625
18 0.550781 0.727344 0.067187 0.067187
17 0.623437 0.725781 0.059375 0.064062
33 0.704688 0.728125 0.065625 0.068750
9 0.782813 0.725781 0.059375 0.064062
28 0.861719 0.732031 0.073438 0.076563
