6 0.096875 0.093750 0.068750 0.062500
7 0.173437 0.093750 0.062500 0.062500
18 0.253906 0.094531 0.064062 0.064062
30 0.327344 0.093750 0.057813 0.062500
9 0.398438 0.094531 0.056250 0.064062
6 0.096875 0.195312 0.068750 0.062500
20 0.171094 0.200000 0.060937 0.071875
0 0.242969 0.196875 0.060937 0.065625
24 0.318750 0.196875 0.071875 0.065625
28 0.399219 0.200781 0.070312 0.073438
17 0.479687 0.197656 0.062500 0.067187
29 0.085938 0.305469 0.046875 0.070312
35 0.164062 0.303906 0.075000 0.067187
19 0.250781 0.306250 0.060937 0.071875
22 0.334375 0.301563 0.068750 0.062500
25 0.418750 0.302344 0.062500 0.064062
4 0.093750 0.410938 0.062500 0.068750
15 0.164844 0.415625 0.060937 0.078125
30 0.238281 0.409375 0.060937 0.065625
5 0.315625 0.410156 0.071875 0.067187
32 0.091406 0.526563 0.057813 0.062500
3 0.164844 0.528125 0.057813 0.065625
18 0.241406 0.528906 0.067187 0.067187
20 0.321094 0.532813 0.064062 0.075000
30 0.389844 0.526563 0.057813 0.062500
8 0.087500 0.645312 0.050000 0.062500
1 0.160938 0.649219 0.071875 0.070312
25 0.237500 0.647656 0.065625 0.067187
4 0.315625 0.646875 0.059375 0.065625
11 0.382812 0.646875 0.059375 0.065625
32 0.461719 0.645312 0.057813 0.062500
