22 0.098437 0.095312 0.071875 0.065625
34 0.180469 0.096875 0.064062 0.068750
15 0.257031 0.100000 0.057813 0.075000
31 0.330469 0.093750 0.064062 0.062500
8 0.396875 0.095312 0.050000 0.065625
30 0.092969 0.207813 0.060937 0.065625
21 0.175000 0.208594 0.068750 0.067187
36 0.254688 0.207031 0.068750 0.064062
4 0.335938 0.207813 0.059375 0.065625
24 0.418750 0.206250 0.068750 0.062500
31 0.096094 0.309375 0.067187 0.065625
10 0.169531 0.312500 0.064062 0.071875
33 0.243750 0.310937 0.065625 0.068750
25 0.317188 0.308594 0.062500 0.064062
31 0.394531 0.307812 0.064062 0.062500
15 0.092969 0.428125 0.060937 0.075000
2 0.168750 0.422656 0.062500 0.064062
37 0.246875 0.421875 0.059375 0.062500
31 0.316406 0.421875 0.064062 0.062500
33 0.093750 0.540625 0.062500 0.065625
18 0.164844 0.539844 0.064062 0.064062
9 0.243750 0.541406 0.059375 0.067187
11 0.310937 0.540625 0.059375 0.065625
5 0.392188 0.541406 0.071875 0.067187
19 0.094531 0.654687 0.064062 0.075000
28 0.175781 0.653906 0.070312 0.073438
30 0.258594 0.648438 0.057813 0.062500
34 0.333594 0.653125 0.067187 0.071875
2 0.406250 0.649219 0.059375 0.064062
22 0.098437 0.762500 0.071875 0.065625
0 0.180469 0.764062 0.060937 0.068750
34 0.258594 0.764062 0.064062 0.068750
27 0.344531 0.763281 0.070312 0.067187
19 0.421094 0.765625 0.060937 0.071875
6 0.096875 0.876563 0.068750 0.062500
6 0.182812 0.878125 0.068750 0.065625
25 0.270313 0.878906 0.065625 0.067187
30 0.339844 0.876563 0.057813 0.062500
6 0.553125 0.095312 0.071875 0.065625
14 0.632031 0.093750 0.060937 0.062500
8 0.707812 0.093750 0.050000 0.062500
11 0.770312 0.095312 0.059375 0.065625
24 0.854688 0.095312 0.071875 0.065625
16 0.546094 0.197656 0.057813 0.064062
11 0.621875 0.198437 0.059375 0.065625
8 0.693750 0.196875 0.046875 0.062500
17 0.767188 0.197656 0.059375 0.064062
1 0.848437 0.200781 0.071875 0.070312
8 0.542188 0.307812 0.050000 0.062500
26 0.616406 0.307812 0.070312 0.062500
32 0.697656 0.309375 0.060937 0.065625
29 0.759375 0.311719 0.046875 0.070312
15 0.833594 0.314063 0.060937 0.075000
5 0.553125 0.428906 0.071875 0.067187
12 0.633594 0.428906 0.067187 0.067187
9 0.707812 0.427344 0.056250 0.064062
8 0.778125 0.426563 0.050000 0.062500
31 0.846094 0.428125 0.064062 0.065625
35 0.556250 0.533594 0.078125 0.067187
6 0.640625 0.532813 0.068750 0.065625
34 0.725781 0.535937 0.067187 0.071875
30 0.796094 0.531250 0.057813 0.062500
25 0.875000 0.532031 0.062500 0.064062
13 0.550781 0.647656 0.067187 0.067187
21 0.634375 0.646094 0.065625 0.064062
31 0.713281 0.645312 0.064062 0.062500
14 0.786719 0.645312 0.060937 0.062500
32 0.861719 0.645312 0.057813 0.062500
16 0.546094 0.753906 0.057813 0.064062
3 0.616406 0.754687 0.060937 0.065625
33 0.692187 0.756250 0.065625 0.068750
28 0.774219 0.760156 0.073438 0.076563
26 0.866406 0.753125 0.070312 0.062500
37 0.548438 0.875000 0.062500 0.065625
34 0.632031 0.876563 0.064062 0.068750
21 0.710938 0.875781 0.068750 0.067187
14 0.796094 0.873437 0.060937 0.062500
30 0.864844 0.873437 0.057813 0.062500
