28 0.097656 0.099219 0.070312 0.073438
6 0.178125 0.093750 0.068750 0.062500
36 0.267188 0.094531 0.068750 0.064062
31 0.342969 0.093750 0.064062 0.062500
16 0.421094 0.094531 0.057813 0.064062
36 0.098437 0.210156 0.071875 0.067187
19 0.178906 0.214062 0.064062 0.075000
22 0.264062 0.209375 0.068750 0.065625
4 0.340625 0.210938 0.062500 0.068750
7 0.095312 0.323437 0.065625 0.065625
32 0.172656 0.323437 0.060937 0.065625
3 0.250781 0.323437 0.057813 0.065625
29 0.312500 0.327344 0.050000 0.073438
32 0.375781 0.323437 0.060937 0.065625
23 0.093750 0.432812 0.062500 0.062500
6 0.176563 0.432812 0.068750 0.062500
6 0.264062 0.432812 0.068750 0.062500
1 0.346875 0.436719 0.071875 0.070312
1 0.096875 0.538281 0.068750 0.067187
37 0.179688 0.535937 0.059375 0.062500
24 0.256250 0.535937 0.068750 0.062500
0 0.328906 0.537500 0.057813 0.065625
1 0.404687 0.538281 0.068750 0.067187
24 0.096875 0.642188 0.068750 0.062500
3 0.177344 0.643750 0.057813 0.065625
24 0.260937 0.643750 0.071875 0.065625
30 0.342969 0.643750 0.060937 0.065625
34 0.422656 0.645312 0.064062 0.068750
10 0.092969 0.748437 0.060937 0.068750
22 0.165625 0.745313 0.068750 0.062500
3 0.238281 0.746875 0.057813 0.065625
0 0.314844 0.746875 0.057813 0.065625
15 0.391406 0.751563 0.057813 0.075000
19 0.547656 0.098437 0.060937 0.071875
21 0.618750 0.094531 0.065625 0.064062
37 0.690625 0.093750 0.059375 0.062500
12 0.761719 0.094531 0.067187 0.064062
3 0.841406 0.095312 0.057813 0.065625
32 0.546094 0.198437 0.057813 0.062500
0 0.617969 0.200000 0.057813 0.065625
11 0.696875 0.200000 0.059375 0.065625
29 0.765625 0.202344 0.050000 0.070312
32 0.833594 0.198437 0.057813 0.062500
25 0.548438 0.308594 0.062500 0.064062
23 0.626563 0.307812 0.062500 0.062500
25 0.709375 0.310156 0.065625 0.067187
31 0.785156 0.307812 0.064062 0.062500
35 0.875000 0.310156 0.075000 0.067187
21 0.551562 0.421094 0.068750 0.067187
3 0.627344 0.421875 0.060937 0.068750
26 0.711719 0.418750 0.070312 0.062500
11 0.789062 0.420312 0.059375 0.065625
29 0.542188 0.532031 0.050000 0.070312
8 0.610938 0.528125 0.046875 0.062500
3 0.680469 0.531250 0.060937 0.068750
0 0.761719 0.529687 0.060937 0.065625
25 0.845313 0.530469 0.065625 0.067187
4 0.546875 0.635938 0.059375 0.065625
7 0.620313 0.635938 0.065625 0.065625
20 0.697656 0.639062 0.060937 0.071875
13 0.777344 0.635156 0.064062 0.064062
0 0.852344 0.637500 0.060937 0.068750
35 0.554688 0.747656 0.075000 0.064062
20 0.633594 0.751563 0.060937 0.071875
28 0.714844 0.753906 0.073438 0.076563
33 0.800000 0.750000 0.065625 0.068750
35 0.879687 0.747656 0.075000 0.064062
13 0.549219 0.857031 0.064062 0.064062
37 0.623437 0.856250 0.059375 0.062500
34 0.697656 0.859375 0.064062 0.068750
9 0.770312 0.857031 0.056250 0.064062
37 0.839063 0.856250 0.059375 0.062500
