2 0.092188 0.094531 0.059375 0.064062
34 0.172656 0.098437 0.067187 0.071875
30 0.253906 0.093750 0.060937 0.062500
25 0.331250 0.094531 0.062500 0.064062
0 0.402344 0.095312 0.057813 0.065625
13 0.094531 0.210156 0.064062 0.064062
3 0.172656 0.212500 0.060937 0.068750
14 0.249219 0.209375 0.060937 0.062500
19 0.330469 0.215625 0.064062 0.075000
14 0.092969 0.321875 0.060937 0.062500
27 0.171094 0.324219 0.070312 0.067187
0 0.244531 0.325000 0.060937 0.068750
28 0.325781 0.328906 0.073438 0.076563
34 0.416406 0.326562 0.067187 0.071875
12 0.096094 0.441406 0.067187 0.064062
9 0.171875 0.441406 0.056250 0.064062
19 0.252344 0.446875 0.064062 0.075000
0 0.330469 0.443750 0.060937 0.068750
37 0.092188 0.553125 0.059375 0.062500
3 0.163281 0.554688 0.057813 0.065625
22 0.245312 0.553125 0.068750 0.062500
35 0.328125 0.553906 0.075000 0.064062
14 0.403906 0.553125 0.060937 0.062500
6 0.096875 0.662500 0.068750 0.062500
1 0.184375 0.664844 0.068750 0.067187
20 0.263281 0.668750 0.064062 0.075000
10 0.346094 0.665625 0.060937 0.068750
6 0.425000 0.662500 0.068750 0.062500
4 0.093750 0.784375 0.062500 0.068750
8 0.162500 0.781250 0.046875 0.062500
31 0.233594 0.782813 0.067187 0.065625
24 0.312500 0.781250 0.068750 0.062500
4 0.398438 0.784375 0.062500 0.068750
6 0.553125 0.095312 0.071875 0.065625
22 0.643750 0.095312 0.068750 0.065625
21 0.732812 0.096094 0.068750 0.067187
34 0.816406 0.096875 0.064062 0.068750
4 0.546875 0.196875 0.059375 0.065625
5 0.626563 0.196094 0.068750 0.064062
7 0.704688 0.195312 0.062500 0.062500
19 0.778906 0.200000 0.060937 0.071875
13 0.550781 0.305469 0.067187 0.067187
6 0.632812 0.304688 0.071875 0.065625
7 0.718750 0.303125 0.062500 0.062500
25 0.790625 0.303906 0.062500 0.064062
28 0.552344 0.416406 0.070312 0.073438
0 0.624219 0.412500 0.057813 0.065625
30 0.697656 0.412500 0.060937 0.065625
24 0.779687 0.412500 0.071875 0.065625
19 0.860156 0.415625 0.064062 0.071875
34 0.549219 0.531250 0.064062 0.068750
37 0.621875 0.528125 0.059375 0.062500
5 0.706250 0.528906 0.068750 0.064062
34 0.792969 0.532813 0.067187 0.071875
25 0.873437 0.528906 0.062500 0.064062
17 0.546875 0.636719 0.059375 0.064062
34 0.624219 0.639062 0.064062 0.068750
14 0.703906 0.637500 0.064062 0.065625
19 0.778906 0.640625 0.060937 0.071875
21 0.551562 0.747656 0.068750 0.067187
5 0.631250 0.747656 0.071875 0.067187
21 0.715625 0.747656 0.068750 0.067187
10 0.796094 0.748437 0.064062 0.068750
9 0.868750 0.747656 0.059375 0.067187
