9 0.090625 0.094531 0.056250 0.064062
27 0.164844 0.097656 0.073438 0.070312
30 0.250781 0.093750 0.057813 0.062500
32 0.324219 0.093750 0.057813 0.062500
16 0.399219 0.096094 0.060937 0.067187
7 0.095312 0.201563 0.065625 0.065625
15 0.172656 0.206250 0.060937 0.075000
35 0.248438 0.200781 0.075000 0.064062
23 0.328125 0.201563 0.065625 0.065625
3 0.091406 0.317188 0.057813 0.065625
16 0.161719 0.316406 0.057813 0.064062
32 0.232031 0.315625 0.057813 0.062500
22 0.310937 0.315625 0.068750 0.062500
3 0.388281 0.317188 0.057813 0.065625
16 0.091406 0.424219 0.057813 0.064062
22 0.171875 0.423438 0.068750 0.062500
10 0.250781 0.426563 0.060937 0.068750
5 0.325000 0.424219 0.068750 0.064062
6 0.414062 0.425000 0.071875 0.065625
37 0.093750 0.529687 0.062500 0.065625
4 0.167187 0.529687 0.059375 0.065625
29 0.237500 0.532031 0.046875 0.070312
29 0.304688 0.532031 0.050000 0.070312
29 0.364063 0.533594 0.050000 0.073438
36 0.445312 0.530469 0.071875 0.067187
16 0.091406 0.641406 0.057813 0.064062
36 0.175000 0.642969 0.071875 0.067187
7 0.251563 0.640625 0.062500 0.062500
32 0.327344 0.640625 0.057813 0.062500
33 0.396875 0.643750 0.065625 0.068750
23 0.095312 0.754687 0.065625 0.065625
30 0.166406 0.754687 0.060937 0.065625
29 0.229687 0.758594 0.050000 0.073438
19 0.300781 0.757812 0.060937 0.071875
2 0.371875 0.753906 0.062500 0.064062
31 0.449219 0.753125 0.064062 0.062500
21 0.551562 0.096094 0.068750 0.067187
12 0.641406 0.096094 0.070312 0.067187
5 0.721875 0.096094 0.071875 0.067187
21 0.804688 0.094531 0.065625 0.064062
22 0.882812 0.093750 0.068750 0.062500
35 0.556250 0.207031 0.078125 0.067187
12 0.649219 0.205469 0.067187 0.064062
20 0.725781 0.209375 0.060937 0.071875
4 0.803125 0.207813 0.062500 0.068750
10 0.880469 0.209375 0.064062 0.071875
33 0.548438 0.321875 0.062500 0.065625
36 0.626563 0.322656 0.071875 0.067187
28 0.717969 0.327344 0.073438 0.076563
27 0.807031 0.324219 0.073438 0.070312
12 0.896094 0.322656 0.070312 0.067187
12 0.552344 0.438281 0.070312 0.067187
34 0.632031 0.439063 0.064062 0.068750
19 0.711719 0.440625 0.060937 0.071875
32 0.786719 0.435937 0.060937 0.062500
30 0.547656 0.550000 0.060937 0.065625
11 0.623437 0.550000 0.059375 0.065625
15 0.697656 0.556250 0.060937 0.078125
29 0.773438 0.552344 0.050000 0.070312
21 0.842187 0.549219 0.065625 0.064062
17 0.546875 0.661719 0.059375 0.064062
33 0.629687 0.662500 0.065625 0.065625
4 0.703125 0.662500 0.059375 0.065625
11 0.775000 0.662500 0.059375 0.065625
6 0.854688 0.662500 0.068750 0.065625
13 0.549219 0.766406 0.064062 0.064062
37 0.625000 0.765625 0.059375 0.062500
18 0.707031 0.767969 0.067187 0.067187
23 0.790625 0.767188 0.065625 0.065625
24 0.873437 0.767188 0.068750 0.065625
