9 0.092188 0.096094 0.059375 0.067187
21 0.170313 0.094531 0.065625 0.064062
11 0.246875 0.095312 0.059375 0.065625
33 0.323437 0.096875 0.065625 0.068750
29 0.396875 0.097656 0.050000 0.070312
14 0.094531 0.203125 0.064062 0.065625
35 0.182812 0.202344 0.075000 0.064062
0 0.260156 0.204687 0.060937 0.068750
21 0.343750 0.203906 0.068750 0.067187
13 0.430469 0.202344 0.064062 0.064062
29 0.496875 0.205469 0.046875 0.070312
36 0.096875 0.310156 0.068750 0.064062
22 0.181250 0.309375 0.068750 0.062500
5 0.257812 0.310156 0.068750 0.064062
22 0.335938 0.309375 0.068750 0.062500
30 0.410156 0.310937 0.060937 0.065625
15 0.483594 0.315625 0.057813 0.075000
3 0.091406 0.421875 0.057813 0.065625
32 0.169531 0.421875 0.060937 0.065625
17 0.243750 0.421094 0.059375 0.064062
10 0.317969 0.423438 0.060937 0.068750
14 0.396094 0.420312 0.060937 0.062500
14 0.477344 0.420312 0.060937 0.062500
33 0.554688 0.421875 0.062500 0.065625
33 0.095312 0.529687 0.065625 0.068750
11 0.170313 0.528125 0.059375 0.065625
24 0.245312 0.526563 0.068750 0.062500
6 0.323437 0.526563 0.068750 0.062500
32 0.397656 0.528125 0.060937 0.065625
19 0.475781 0.531250 0.060937 0.071875
8 0.545312 0.526563 0.046875 0.062500
