30 0.092969 0.095312 0.060937 0.065625
27 0.175781 0.096094 0.070312 0.067187
12 0.252344 0.094531 0.067187 0.064062
13 0.328906 0.094531 0.064062 0.064062
18 0.413281 0.094531 0.064062 0.064062
27 0.097656 0.207031 0.070312 0.067187
5 0.181250 0.205469 0.068750 0.064062
28 0.271094 0.210156 0.070312 0.073438
29 0.340625 0.208594 0.046875 0.070312
2 0.403125 0.207031 0.062500 0.067187
12 0.097656 0.319531 0.070312 0.067187
15 0.175781 0.323437 0.057813 0.075000
10 0.253906 0.321875 0.064062 0.071875
23 0.334375 0.317188 0.062500 0.062500
7 0.409375 0.317188 0.062500 0.062500
12 0.097656 0.432031 0.070312 0.067187
6 0.181250 0.431250 0.068750 0.065625
0 0.257031 0.431250 0.057813 0.065625
6 0.342187 0.431250 0.071875 0.065625
37 0.423438 0.431250 0.062500 0.065625
7 0.093750 0.540625 0.062500 0.062500
15 0.161719 0.546875 0.057813 0.075000
18 0.239844 0.541406 0.064062 0.064062
17 0.321875 0.542969 0.062500 0.067187
21 0.396875 0.542969 0.068750 0.067187
21 0.550000 0.094531 0.065625 0.064062
33 0.634375 0.096875 0.065625 0.068750
8 0.704688 0.093750 0.046875 0.062500
7 0.768750 0.093750 0.062500 0.062500
9 0.546875 0.200781 0.059375 0.067187
37 0.621875 0.200000 0.062500 0.065625
6 0.706250 0.198437 0.068750 0.062500
12 0.794531 0.200781 0.070312 0.067187
25 0.873437 0.199219 0.062500 0.064062
21 0.551562 0.308594 0.068750 0.067187
9 0.631250 0.307031 0.056250 0.064062
8 0.701562 0.306250 0.046875 0.062500
37 0.762500 0.306250 0.059375 0.062500
3 0.833594 0.309375 0.060937 0.068750
27 0.553906 0.419531 0.073438 0.070312
8 0.632812 0.417187 0.050000 0.065625
35 0.714063 0.417969 0.078125 0.067187
34 0.797656 0.418750 0.064062 0.068750
5 0.881250 0.416406 0.068750 0.064062
23 0.550000 0.521875 0.065625 0.065625
18 0.633594 0.522656 0.067187 0.067187
3 0.705469 0.521875 0.060937 0.065625
18 0.780469 0.522656 0.067187 0.067187
34 0.858594 0.523438 0.064062 0.068750
23 0.550000 0.628125 0.065625 0.065625
15 0.627344 0.632812 0.057813 0.075000
3 0.705469 0.628125 0.057813 0.065625
16 0.775781 0.627344 0.057813 0.064062
17 0.856250 0.628906 0.062500 0.067187
