7 0.093750 0.093750 0.062500 0.062500
36 0.168750 0.094531 0.068750 0.064062
9 0.246875 0.096094 0.059375 0.067187
21 0.329688 0.096094 0.068750 0.067187
2 0.409375 0.094531 0.062500 0.064062
16 0.091406 0.205469 0.057813 0.064062
35 0.178125 0.205469 0.075000 0.064062
17 0.257812 0.207031 0.062500 0.067187
1 0.335938 0.207031 0.068750 0.067187
36 0.096875 0.305469 0.068750 0.064062
7 0.181250 0.306250 0.065625 0.065625
0 0.255469 0.307812 0.060937 0.068750
14 0.333594 0.306250 0.064062 0.065625
15 0.410156 0.310937 0.057813 0.075000
17 0.092188 0.422656 0.059375 0.064062
11 0.159375 0.423438 0.059375 0.065625
20 0.238281 0.426563 0.060937 0.071875
27 0.314844 0.424219 0.070312 0.067187
37 0.396875 0.421875 0.059375 0.062500
13 0.096094 0.536719 0.067187 0.067187
34 0.171094 0.539062 0.067187 0.071875
16 0.253906 0.535156 0.060937 0.064062
10 0.332031 0.537500 0.060937 0.068750
0 0.403906 0.535937 0.057813 0.065625
0 0.092969 0.642188 0.060937 0.068750
16 0.169531 0.639844 0.057813 0.064062
22 0.253125 0.640625 0.071875 0.065625
5 0.334375 0.639844 0.068750 0.064062
37 0.418750 0.639062 0.059375 0.062500
37 0.092188 0.742188 0.059375 0.062500
8 0.162500 0.742188 0.050000 0.062500
9 0.231250 0.742969 0.056250 0.064062
10 0.300781 0.746875 0.064062 0.071875
4 0.376563 0.743750 0.062500 0.065625
12 0.097656 0.858594 0.070312 0.067187
32 0.178906 0.857812 0.060937 0.065625
21 0.256250 0.857031 0.065625 0.064062
31 0.336719 0.857812 0.064062 0.065625
24 0.412500 0.856250 0.068750 0.062500
7 0.548438 0.093750 0.062500 0.062500
33 0.620313 0.095312 0.062500 0.065625
0 0.694531 0.096875 0.060937 0.068750
26 0.780469 0.093750 0.070312 0.062500
14 0.861719 0.093750 0.064062 0.062500
6 0.551562 0.206250 0.068750 0.062500
5 0.632812 0.207031 0.068750 0.064062
6 0.714063 0.207813 0.071875 0.065625
8 0.784375 0.206250 0.046875 0.062500
30 0.846094 0.206250 0.057813 0.062500
5 0.551562 0.314844 0.068750 0.064062
9 0.631250 0.316406 0.059375 0.067187
20 0.711719 0.318750 0.060937 0.071875
32 0.791406 0.315625 0.060937 0.065625
25 0.873437 0.314844 0.062500 0.064062
14 0.547656 0.425000 0.060937 0.062500
24 0.628125 0.425000 0.068750 0.062500
3 0.700781 0.426563 0.057813 0.065625
6 0.779687 0.426563 0.071875 0.065625
13 0.867969 0.425781 0.064062 0.064062
34 0.550781 0.529687 0.067187 0.071875
33 0.635938 0.526563 0.062500 0.065625
5 0.710938 0.525781 0.068750 0.064062
28 0.800781 0.530469 0.070312 0.073438
22 0.553125 0.642188 0.071875 0.065625
0 0.638281 0.642188 0.060937 0.065625
29 0.703125 0.646094 0.050000 0.073438
9 0.771875 0.642969 0.059375 0.067187
