11 0.092188 0.095312 0.059375 0.065625
17 0.159375 0.094531 0.059375 0.064062
1 0.235937 0.097656 0.071875 0.070312
9 0.317188 0.096094 0.059375 0.067187
31 0.389844 0.093750 0.064062 0.062500
22 0.096875 0.203125 0.068750 0.062500
29 0.162500 0.207031 0.046875 0.070312
21 0.228125 0.205469 0.068750 0.067187
5 0.312500 0.203906 0.068750 0.064062
18 0.388281 0.205469 0.067187 0.067187
25 0.093750 0.314844 0.062500 0.064062
33 0.176563 0.315625 0.062500 0.065625
13 0.252344 0.314844 0.064062 0.064062
5 0.337500 0.314844 0.068750 0.064062
26 0.099219 0.421875 0.073438 0.065625
23 0.182812 0.421875 0.065625 0.065625
21 0.267188 0.421094 0.065625 0.064062
9 0.339062 0.422656 0.059375 0.067187
30 0.091406 0.525000 0.057813 0.062500
11 0.168750 0.526563 0.059375 0.065625
23 0.248438 0.525000 0.062500 0.062500
17 0.325000 0.525781 0.059375 0.064062
28 0.411719 0.532031 0.073438 0.076563
10 0.094531 0.640625 0.064062 0.071875
9 0.170313 0.636719 0.056250 0.064062
5 0.245312 0.638281 0.071875 0.067187
2 0.326562 0.638281 0.062500 0.067187
7 0.406250 0.637500 0.065625 0.065625
36 0.098437 0.746094 0.071875 0.067187
28 0.185156 0.749219 0.070312 0.073438
18 0.263281 0.744531 0.064062 0.064062
33 0.348438 0.746875 0.065625 0.068750
9 0.429688 0.744531 0.056250 0.064062
11 0.093750 0.851562 0.062500 0.065625
27 0.172656 0.853906 0.073438 0.070312
17 0.259375 0.850781 0.059375 0.064062
34 0.338281 0.853125 0.064062 0.068750
31 0.421094 0.850000 0.064062 0.062500
8 0.540625 0.093750 0.046875 0.062500
26 0.611719 0.095312 0.073438 0.065625
26 0.691406 0.093750 0.070312 0.062500
6 0.770312 0.093750 0.068750 0.062500
37 0.546875 0.193750 0.059375 0.062500
13 0.616406 0.194531 0.064062 0.064062
5 0.696875 0.194531 0.068750 0.064062
0 0.782031 0.196875 0.060937 0.068750
9 0.545312 0.302344 0.056250 0.064062
7 0.621875 0.301563 0.062500 0.062500
21 0.700000 0.302344 0.065625 0.064062
6 0.779687 0.301563 0.068750 0.062500
27 0.864844 0.303906 0.070312 0.067187
27 0.552344 0.411719 0.070312 0.067187
28 0.641406 0.414844 0.070312 0.073438
34 0.722656 0.412500 0.064062 0.068750
5 0.806250 0.411719 0.071875 0.067187
23 0.889062 0.409375 0.062500 0.062500
4 0.548438 0.525000 0.062500 0.068750
34 0.621094 0.526563 0.067187 0.071875
9 0.692187 0.522656 0.056250 0.064062
11 0.771875 0.525000 0.062500 0.068750
12 0.552344 0.628906 0.070312 0.067187
12 0.635156 0.627344 0.067187 0.064062
35 0.717187 0.627344 0.075000 0.064062
13 0.799219 0.628906 0.067187 0.067187
16 0.877344 0.628906 0.060937 0.067187
15 0.546094 0.743750 0.057813 0.075000
4 0.618750 0.739062 0.059375 0.065625
34 0.694531 0.742188 0.067187 0.071875
14 0.769531 0.737500 0.060937 0.062500
8 0.540625 0.853125 0.046875 0.062500
28 0.608594 0.858594 0.070312 0.073438
26 0.694531 0.853125 0.070312 0.062500
13 0.769531 0.853906 0.064062 0.064062
