25 0.095312 0.096094 0.065625 0.067187
8 0.171875 0.093750 0.046875 0.062500
5 0.239063 0.096094 0.068750 0.067187
31 0.327344 0.095312 0.067187 0.065625
22 0.096875 0.204687 0.068750 0.065625
9 0.181250 0.203906 0.059375 0.064062
2 0.256250 0.203906 0.059375 0.064062
0 0.332031 0.204687 0.057813 0.065625
5 0.414062 0.205469 0.071875 0.067187
6 0.096875 0.312500 0.068750 0.065625
12 0.175781 0.313281 0.070312 0.067187
12 0.263281 0.313281 0.067187 0.067187
6 0.339062 0.310937 0.068750 0.062500
29 0.418750 0.314844 0.050000 0.070312
22 0.098437 0.415625 0.071875 0.065625
28 0.191406 0.421094 0.073438 0.076563
26 0.274219 0.415625 0.073438 0.065625
28 0.355469 0.419531 0.070312 0.073438
31 0.438281 0.414062 0.064062 0.062500
33 0.093750 0.531250 0.062500 0.065625
2 0.162500 0.530469 0.059375 0.064062
16 0.230469 0.532031 0.060937 0.067187
33 0.303125 0.532813 0.065625 0.068750
32 0.378906 0.529687 0.060937 0.062500
37 0.092188 0.639062 0.059375 0.062500
10 0.164844 0.642188 0.060937 0.068750
17 0.242188 0.639844 0.059375 0.064062
4 0.318750 0.640625 0.059375 0.065625
21 0.095312 0.747656 0.065625 0.064062
31 0.180469 0.746875 0.064062 0.062500
13 0.255469 0.749219 0.067187 0.067187
3 0.327344 0.748437 0.057813 0.065625
27 0.403906 0.749219 0.070312 0.067187
27 0.097656 0.850781 0.070312 0.067187
33 0.173437 0.850000 0.062500 0.065625
23 0.251563 0.850000 0.065625 0.065625
20 0.325781 0.854688 0.064062 0.075000
32 0.546094 0.093750 0.057813 0.062500
30 0.614844 0.093750 0.060937 0.062500
17 0.689063 0.096094 0.062500 0.067187
37 0.757812 0.093750 0.059375 0.062500
27 0.841406 0.097656 0.073438 0.070312
28 0.552344 0.210156 0.070312 0.073438
26 0.638281 0.206250 0.073438 0.065625
1 0.729688 0.208594 0.071875 0.070312
36 0.817187 0.205469 0.068750 0.064062
8 0.895312 0.204687 0.046875 0.062500
2 0.546875 0.321094 0.059375 0.064062
15 0.614844 0.326562 0.057813 0.075000
19 0.685156 0.326562 0.064062 0.075000
16 0.767969 0.321094 0.060937 0.064062
33 0.550000 0.435937 0.065625 0.068750
5 0.626563 0.433594 0.068750 0.064062
13 0.703906 0.433594 0.064062 0.064062
2 0.779687 0.435156 0.062500 0.067187
5 0.860938 0.433594 0.068750 0.064062
11 0.548438 0.539062 0.062500 0.068750
35 0.634375 0.536719 0.075000 0.064062
22 0.718750 0.535937 0.068750 0.062500
5 0.806250 0.538281 0.071875 0.067187
5 0.887500 0.538281 0.071875 0.067187
