2 0.092188 0.094531 0.059375 0.064062
27 0.175781 0.096094 0.070312 0.067187
35 0.260937 0.096094 0.078125 0.067187
14 0.341406 0.093750 0.060937 0.062500
14 0.417969 0.093750 0.060937 0.062500
16 0.091406 0.196094 0.057813 0.064062
37 0.159375 0.195312 0.059375 0.062500
11 0.239063 0.198437 0.062500 0.068750
1 0.325000 0.197656 0.068750 0.067187
37 0.396875 0.195312 0.059375 0.062500
5 0.096875 0.300781 0.068750 0.064062
32 0.169531 0.300000 0.057813 0.062500
33 0.246875 0.301563 0.062500 0.065625
8 0.323437 0.301563 0.050000 0.065625
29 0.389062 0.303906 0.050000 0.070312
32 0.452344 0.300000 0.057813 0.062500
20 0.094531 0.417187 0.064062 0.075000
36 0.181250 0.413281 0.071875 0.067187
35 0.271875 0.413281 0.078125 0.067187
32 0.352344 0.410938 0.057813 0.062500
10 0.094531 0.523438 0.064062 0.068750
27 0.177344 0.522656 0.070312 0.067187
3 0.257031 0.523438 0.060937 0.068750
14 0.330469 0.520312 0.060937 0.062500
32 0.407031 0.521875 0.060937 0.065625
23 0.095312 0.631250 0.065625 0.065625
36 0.175000 0.630469 0.068750 0.064062
21 0.254688 0.632031 0.068750 0.067187
18 0.333594 0.632031 0.067187 0.067187
27 0.417969 0.632031 0.070312 0.067187
29 0.540625 0.097656 0.046875 0.070312
11 0.610938 0.096875 0.062500 0.068750
23 0.687500 0.093750 0.062500 0.062500
32 0.758594 0.095312 0.060937 0.065625
15 0.836719 0.100000 0.060937 0.075000
5 0.551562 0.203906 0.068750 0.067187
7 0.637500 0.203125 0.065625 0.065625
29 0.706250 0.207031 0.050000 0.073438
21 0.773438 0.202344 0.065625 0.064062
36 0.857812 0.203906 0.068750 0.067187
4 0.546875 0.312500 0.059375 0.065625
31 0.621094 0.310937 0.064062 0.062500
21 0.703125 0.311719 0.065625 0.064062
30 0.785156 0.312500 0.060937 0.065625
0 0.546094 0.415625 0.057813 0.065625
30 0.613281 0.414062 0.057813 0.062500
31 0.694531 0.415625 0.067187 0.065625
1 0.784375 0.417969 0.071875 0.070312
1 0.551562 0.524219 0.068750 0.067187
27 0.633594 0.525781 0.073438 0.070312
36 0.723437 0.522656 0.068750 0.064062
19 0.800781 0.526563 0.060937 0.071875
19 0.883594 0.526563 0.064062 0.071875
0 0.547656 0.632812 0.060937 0.068750
9 0.620313 0.630469 0.059375 0.064062
18 0.697656 0.632031 0.067187 0.067187
30 0.772656 0.629687 0.060937 0.062500
22 0.851562 0.629687 0.068750 0.062500
