10 0.094531 0.098437 0.064062 0.071875
30 0.169531 0.093750 0.057813 0.062500
0 0.236719 0.096875 0.060937 0.068750
22 0.314063 0.093750 0.068750 0.062500
17 0.385937 0.094531 0.059375 0.064062
15 0.455469 0.100000 0.057813 0.075000
33 0.095312 0.210938 0.065625 0.068750
1 0.176563 0.211719 0.071875 0.070312
33 0.264062 0.209375 0.062500 0.065625
6 0.342187 0.207813 0.068750 0.062500
16 0.425781 0.208594 0.057813 0.064062
2 0.503125 0.208594 0.059375 0.064062
2 0.093750 0.324219 0.062500 0.067187
4 0.168750 0.323437 0.059375 0.065625
1 0.253125 0.325781 0.071875 0.070312
36 0.340625 0.322656 0.068750 0.064062
4 0.092188 0.431250 0.059375 0.065625
8 0.154688 0.429688 0.046875 0.062500
14 0.221094 0.429688 0.060937 0.062500
31 0.296094 0.429688 0.064062 0.062500
10 0.094531 0.535937 0.064062 0.071875
2 0.168750 0.532031 0.059375 0.064062
24 0.248438 0.531250 0.068750 0.062500
13 0.325781 0.533594 0.067187 0.067187
27 0.413281 0.535156 0.073438 0.070312
17 0.489063 0.533594 0.062500 0.067187
31 0.096094 0.643750 0.067187 0.065625
20 0.177344 0.648438 0.064062 0.075000
15 0.257031 0.648438 0.060937 0.075000
8 0.323437 0.643750 0.050000 0.065625
2 0.395313 0.644531 0.062500 0.067187
36 0.468750 0.642969 0.068750 0.064062
16 0.547656 0.642969 0.057813 0.064062
1 0.098437 0.758594 0.071875 0.070312
2 0.176563 0.755469 0.059375 0.064062
6 0.259375 0.754687 0.068750 0.062500
31 0.342969 0.754687 0.064062 0.062500
6 0.421875 0.756250 0.071875 0.065625
0 0.092969 0.864062 0.060937 0.068750
35 0.170313 0.863281 0.075000 0.067187
29 0.239063 0.864844 0.046875 0.070312
28 0.310156 0.866406 0.070312 0.073438
6 0.387500 0.860938 0.068750 0.062500
22 0.473438 0.860938 0.068750 0.062500
32 0.557031 0.860938 0.057813 0.062500
