19 0.085156 0.092188 0.070312 0.084375
18 0.166406 0.088281 0.076563 0.076563
34 0.260937 0.092969 0.078125 0.085938
5 0.356250 0.087500 0.084375 0.075000
13 0.459375 0.088281 0.078125 0.076563
30 0.542188 0.087500 0.068750 0.075000
15 0.632031 0.096094 0.070312 0.092188
29 0.710938 0.092188 0.053125 0.084375
2 0.794531 0.087500 0.070312 0.075000
26 0.888281 0.086719 0.082812 0.073438
5 0.092188 0.210938 0.084375 0.075000
29 0.175000 0.215625 0.050000 0.084375
1 0.260156 0.212500 0.079687 0.078125
8 0.343750 0.211719 0.053125 0.076563
9 0.421875 0.209375 0.065625 0.071875
2 0.497656 0.210938 0.070312 0.075000
21 0.588281 0.211719 0.079687 0.076563
17 0.670312 0.210156 0.068750 0.073438
10 0.754687 0.214844 0.075000 0.082812
29 0.835938 0.215625 0.050000 0.084375
37 0.909375 0.210156 0.068750 0.073438
20 0.085938 0.332813 0.071875 0.087500
30 0.164062 0.325000 0.065625 0.071875
