25 0.085938 0.085938 0.071875 0.071875
24 0.171875 0.085938 0.081250 0.071875
26 0.261719 0.086719 0.082812 0.073438
1 0.355469 0.090625 0.082812 0.081250
7 0.446094 0.087500 0.076563 0.075000
36 0.543750 0.088281 0.084375 0.076563
20 0.632812 0.092188 0.068750 0.084375
35 0.735156 0.088281 0.092188 0.076563
8 0.823438 0.086719 0.053125 0.073438
36 0.900000 0.086719 0.081250 0.073438
18 0.088281 0.203906 0.076563 0.076563
29 0.165625 0.207813 0.053125 0.084375
15 0.238281 0.210156 0.067187 0.089063
0 0.325781 0.203906 0.070312 0.076563
26 0.422656 0.203906 0.085938 0.076563
22 0.528125 0.202344 0.081250 0.073438
4 0.624219 0.203906 0.067187 0.076563
17 0.712500 0.202344 0.068750 0.073438
24 0.803125 0.201563 0.081250 0.071875
23 0.889844 0.203125 0.076563 0.075000
24 0.090625 0.321875 0.081250 0.071875
3 0.183594 0.325781 0.070312 0.079687
29 0.265625 0.328125 0.053125 0.084375
22 0.351562 0.324219 0.084375 0.076563
12 0.445312 0.321875 0.078125 0.071875
25 0.531250 0.321875 0.071875 0.071875
19 0.610156 0.328125 0.070312 0.084375
13 0.701562 0.322656 0.075000 0.073438
20 0.790625 0.328125 0.068750 0.084375
18 0.878906 0.324219 0.076563 0.076563
1 0.089844 0.440625 0.079687 0.078125
34 0.176563 0.444531 0.078125 0.085938
4 0.261719 0.439844 0.067187 0.076563
31 0.353906 0.439063 0.076563 0.075000
