35 0.096094 0.089844 0.092188 0.079687
12 0.200000 0.087500 0.081250 0.075000
35 0.296094 0.088281 0.089063 0.076563
11 0.390625 0.088281 0.068750 0.076563
36 0.481250 0.086719 0.081250 0.073438
25 0.576562 0.085938 0.071875 0.071875
13 0.664062 0.086719 0.075000 0.073438
23 0.749219 0.087500 0.076563 0.075000
2 0.832031 0.087500 0.070312 0.075000
24 0.092188 0.198437 0.084375 0.075000
22 0.192188 0.197656 0.081250 0.073438
9 0.276562 0.196875 0.065625 0.071875
28 0.372656 0.204687 0.082812 0.087500
23 0.464844 0.196875 0.073438 0.071875
21 0.561719 0.199219 0.079687 0.076563
19 0.653906 0.204687 0.076563 0.087500
17 0.746875 0.199219 0.071875 0.076563
21 0.844531 0.199219 0.079687 0.076563
22 0.092188 0.317969 0.084375 0.076563
36 0.185938 0.317969 0.084375 0.076563
23 0.278906 0.317188 0.076563 0.075000
17 0.364063 0.316406 0.068750 0.073438
31 0.453906 0.315625 0.073438 0.071875
36 0.551562 0.317969 0.084375 0.076563
17 0.639062 0.317969 0.071875 0.076563
