10 0.085938 0.089844 0.071875 0.079687
22 0.171875 0.086719 0.081250 0.073438
25 0.265625 0.087500 0.075000 0.075000
16 0.349219 0.087500 0.070312 0.075000
37 0.440625 0.088281 0.071875 0.076563
8 0.515625 0.086719 0.053125 0.073438
21 0.589844 0.088281 0.079687 0.076563
4 0.682031 0.089844 0.070312 0.079687
4 0.761719 0.088281 0.067187 0.076563
37 0.848437 0.088281 0.071875 0.076563
34 0.089063 0.203906 0.078125 0.085938
1 0.178906 0.201563 0.082812 0.081250
17 0.270313 0.197656 0.068750 0.073438
3 0.355469 0.199219 0.067187 0.076563
6 0.448437 0.196875 0.081250 0.071875
18 0.539844 0.197656 0.073438 0.073438
1 0.630469 0.201563 0.082812 0.081250
10 0.731250 0.202344 0.075000 0.082812
19 0.821094 0.204687 0.073438 0.087500
29 0.890625 0.203125 0.050000 0.084375
36 0.090625 0.316406 0.081250 0.073438
13 0.190625 0.317969 0.078125 0.076563
12 0.287500 0.317188 0.081250 0.075000
34 0.373437 0.321094 0.075000 0.082812
5 0.467187 0.317188 0.084375 0.075000
22 0.568750 0.317969 0.084375 0.076563
26 0.671094 0.316406 0.082812 0.073438
