1 0.089844 0.089063 0.079687 0.078125
37 0.178125 0.086719 0.068750 0.073438
10 0.270313 0.089844 0.071875 0.079687
14 0.350781 0.088281 0.073438 0.076563
33 0.435937 0.089844 0.075000 0.079687
22 0.523438 0.088281 0.084375 0.076563
17 0.620313 0.086719 0.068750 0.073438
18 0.707031 0.088281 0.076563 0.076563
34 0.795312 0.092969 0.078125 0.085938
17 0.890625 0.088281 0.071875 0.076563
30 0.082812 0.203125 0.065625 0.071875
8 0.154688 0.205469 0.053125 0.076563
13 0.228125 0.205469 0.078125 0.076563
1 0.328906 0.206250 0.079687 0.078125
17 0.414062 0.205469 0.071875 0.076563
15 0.503906 0.211719 0.067187 0.089063
30 0.582812 0.204687 0.068750 0.075000
0 0.661719 0.205469 0.070312 0.076563
12 0.743750 0.203125 0.078125 0.071875
2 0.828906 0.203125 0.067187 0.071875
33 0.085938 0.325781 0.071875 0.076563
