28 0.092969 0.095312 0.085938 0.090625
29 0.176563 0.092188 0.050000 0.084375
16 0.258594 0.087500 0.070312 0.075000
33 0.353125 0.089844 0.075000 0.079687
29 0.431250 0.093750 0.056250 0.087500
2 0.502344 0.087500 0.070312 0.075000
34 0.584375 0.092969 0.078125 0.085938
33 0.676562 0.088281 0.071875 0.076563
8 0.757812 0.086719 0.050000 0.073438
15 0.835156 0.094531 0.067187 0.089063
29 0.915625 0.092188 0.053125 0.084375
29 0.076563 0.214062 0.053125 0.084375
16 0.158594 0.207813 0.067187 0.071875
33 0.235937 0.210156 0.071875 0.076563
3 0.324219 0.211719 0.070312 0.079687
30 0.403125 0.209375 0.068750 0.075000
30 0.484375 0.207813 0.065625 0.071875
5 0.568750 0.207813 0.081250 0.071875
11 0.653125 0.211719 0.071875 0.079687
17 0.739062 0.210156 0.071875 0.076563
32 0.817969 0.210156 0.070312 0.076563
26 0.091406 0.324219 0.082812 0.073438
