30 0.082812 0.085938 0.065625 0.071875
26 0.172656 0.086719 0.082812 0.073438
37 0.257812 0.088281 0.071875 0.076563
10 0.343750 0.089844 0.075000 0.079687
36 0.443750 0.088281 0.084375 0.076563
35 0.544531 0.088281 0.089063 0.076563
17 0.635938 0.088281 0.071875 0.076563
18 0.728906 0.086719 0.073438 0.073438
1 0.819531 0.089063 0.079687 0.078125
13 0.087500 0.197656 0.075000 0.073438
14 0.172656 0.197656 0.070312 0.073438
7 0.263281 0.198437 0.076563 0.075000
6 0.364063 0.196875 0.081250 0.071875
8 0.446875 0.197656 0.050000 0.073438
17 0.529687 0.199219 0.071875 0.076563
4 0.608594 0.199219 0.070312 0.076563
7 0.699219 0.198437 0.076563 0.075000
5 0.793750 0.196875 0.081250 0.071875
7 0.894531 0.198437 0.076563 0.075000
23 0.088281 0.306250 0.076563 0.075000
