35 0.094531 0.088281 0.089063 0.076563
30 0.182812 0.087500 0.068750 0.075000
25 0.273438 0.085938 0.071875 0.071875
4 0.352344 0.088281 0.067187 0.076563
36 0.437500 0.088281 0.084375 0.076563
9 0.529687 0.085938 0.065625 0.071875
36 0.614062 0.088281 0.084375 0.076563
37 0.700000 0.086719 0.071875 0.073438
23 0.780469 0.085938 0.073438 0.071875
6 0.870313 0.085938 0.081250 0.071875
25 0.085938 0.193750 0.071875 0.071875
2 0.172656 0.193750 0.067187 0.071875
2 0.261719 0.193750 0.070312 0.071875
7 0.346094 0.195312 0.076563 0.075000
37 0.442188 0.196094 0.071875 0.076563
35 0.538281 0.196094 0.089063 0.076563
19 0.638281 0.200000 0.070312 0.084375
24 0.725000 0.193750 0.081250 0.071875
28 0.814844 0.201563 0.082812 0.087500
10 0.912500 0.199219 0.075000 0.082812
30 0.082812 0.312500 0.065625 0.071875
21 0.169531 0.314844 0.076563 0.076563
14 0.264844 0.314844 0.073438 0.076563
18 0.358594 0.314844 0.076563 0.076563
