36 0.092188 0.088281 0.084375 0.076563
34 0.181250 0.092969 0.078125 0.085938
5 0.273438 0.087500 0.084375 0.075000
20 0.362500 0.093750 0.075000 0.087500
6 0.457813 0.085938 0.081250 0.071875
26 0.561719 0.086719 0.082812 0.073438
36 0.662500 0.088281 0.084375 0.076563
37 0.748437 0.088281 0.071875 0.076563
5 0.845313 0.085938 0.081250 0.071875
36 0.092188 0.207031 0.084375 0.076563
21 0.194531 0.205469 0.076563 0.073438
1 0.285156 0.209375 0.082812 0.081250
28 0.386719 0.212500 0.082812 0.087500
25 0.484375 0.204687 0.071875 0.071875
17 0.570312 0.207031 0.071875 0.076563
21 0.658594 0.205469 0.076563 0.073438
36 0.751563 0.207031 0.084375 0.076563
12 0.850000 0.204687 0.078125 0.071875
14 0.086719 0.325781 0.073438 0.076563
27 0.182031 0.327344 0.082812 0.079687
4 0.274219 0.327344 0.070312 0.079687
32 0.364844 0.324219 0.067187 0.073438
35 0.457031 0.325781 0.089063 0.076563
30 0.550000 0.325000 0.068750 0.075000
12 0.639062 0.323437 0.078125 0.071875
