5 0.092188 0.087500 0.084375 0.075000
30 0.179688 0.085938 0.065625 0.071875
2 0.266406 0.085938 0.067187 0.071875
34 0.351562 0.092969 0.078125 0.085938
6 0.451562 0.087500 0.081250 0.075000
28 0.542969 0.095312 0.085938 0.090625
24 0.646875 0.087500 0.084375 0.075000
19 0.747656 0.093750 0.073438 0.087500
20 0.835938 0.093750 0.071875 0.087500
10 0.087500 0.211719 0.075000 0.079687
37 0.167187 0.208594 0.068750 0.073438
8 0.246875 0.208594 0.050000 0.073438
16 0.317969 0.207813 0.067187 0.071875
19 0.405469 0.215625 0.073438 0.087500
18 0.500781 0.210156 0.076563 0.076563
32 0.592969 0.208594 0.067187 0.073438
0 0.674219 0.208594 0.067187 0.073438
21 0.766406 0.208594 0.076563 0.073438
14 0.861719 0.210156 0.073438 0.076563
15 0.083594 0.335156 0.067187 0.089063
0 0.171094 0.327344 0.067187 0.073438
26 0.260156 0.327344 0.082812 0.073438
15 0.358594 0.336719 0.070312 0.092188
29 0.428125 0.332813 0.050000 0.084375
10 0.500000 0.330469 0.075000 0.079687
13 0.589063 0.328906 0.078125 0.076563
5 0.682813 0.326562 0.081250 0.071875
4 0.767969 0.330469 0.070312 0.079687
1 0.855469 0.329688 0.079687 0.078125
20 0.085938 0.457813 0.071875 0.087500
4 0.172656 0.453906 0.070312 0.079687
31 0.266406 0.450000 0.073438 0.071875
