21 0.088281 0.086719 0.076563 0.073438
14 0.180469 0.088281 0.073438 0.076563
2 0.264844 0.085938 0.067187 0.071875
19 0.349219 0.092188 0.070312 0.084375
16 0.432031 0.087500 0.070312 0.075000
1 0.514844 0.089063 0.079687 0.078125
19 0.611719 0.092188 0.070312 0.084375
0 0.691406 0.086719 0.070312 0.073438
4 0.777344 0.088281 0.067187 0.076563
23 0.860156 0.087500 0.073438 0.075000
22 0.092188 0.203906 0.084375 0.076563
22 0.187500 0.203906 0.084375 0.076563
35 0.297656 0.203906 0.092188 0.076563
16 0.386719 0.201563 0.067187 0.071875
9 0.470313 0.201563 0.065625 0.071875
28 0.561719 0.210938 0.089063 0.090625
0 0.652344 0.202344 0.067187 0.073438
4 0.739844 0.203906 0.067187 0.076563
33 0.818750 0.203906 0.071875 0.076563
17 0.904687 0.202344 0.068750 0.073438
19 0.086719 0.331250 0.073438 0.087500
36 0.178125 0.325781 0.084375 0.076563
27 0.283594 0.328906 0.085938 0.082812
12 0.376563 0.323437 0.078125 0.071875
8 0.459375 0.325781 0.053125 0.076563
37 0.532813 0.324219 0.068750 0.073438
10 0.621875 0.328906 0.075000 0.082812
7 0.719531 0.325000 0.076563 0.075000
13 0.806250 0.325781 0.078125 0.076563
14 0.902344 0.324219 0.070312 0.073438
37 0.085938 0.444531 0.071875 0.076563
20 0.175000 0.450000 0.071875 0.087500
8 0.243750 0.442969 0.050000 0.073438
34 0.320312 0.449219 0.078125 0.085938
