14 0.085156 0.086719 0.070312 0.073438
6 0.176563 0.087500 0.084375 0.075000
5 0.267188 0.085938 0.081250 0.071875
0 0.363281 0.088281 0.070312 0.076563
31 0.453906 0.085938 0.073438 0.071875
9 0.537500 0.085938 0.065625 0.071875
21 0.619531 0.088281 0.079687 0.076563
19 0.705469 0.093750 0.073438 0.087500
20 0.798438 0.092188 0.071875 0.084375
12 0.893750 0.085938 0.078125 0.071875
1 0.091406 0.209375 0.082812 0.081250
21 0.192969 0.207031 0.079687 0.076563
6 0.281250 0.206250 0.081250 0.075000
32 0.375781 0.207031 0.070312 0.076563
22 0.464062 0.205469 0.081250 0.073438
24 0.557813 0.206250 0.084375 0.075000
9 0.648438 0.206250 0.068750 0.075000
18 0.736719 0.207031 0.076563 0.076563
28 0.839844 0.214062 0.085938 0.090625
31 0.086719 0.326562 0.073438 0.071875
9 0.167187 0.326562 0.065625 0.071875
27 0.252344 0.332031 0.085938 0.082812
31 0.342969 0.328125 0.076563 0.075000
23 0.438281 0.328125 0.076563 0.075000
17 0.523438 0.328906 0.071875 0.076563
16 0.610156 0.326562 0.067187 0.071875
26 0.697656 0.327344 0.082812 0.073438
19 0.789844 0.334375 0.073438 0.087500
17 0.876563 0.327344 0.068750 0.073438
16 0.083594 0.445312 0.067187 0.071875
