27 0.092969 0.091406 0.085938 0.082812
34 0.196875 0.092969 0.078125 0.085938
6 0.298438 0.087500 0.084375 0.075000
11 0.389062 0.089844 0.071875 0.079687
36 0.487500 0.086719 0.081250 0.073438
6 0.590625 0.087500 0.081250 0.075000
2 0.682031 0.087500 0.070312 0.075000
13 0.768750 0.086719 0.075000 0.073438
14 0.853906 0.086719 0.070312 0.073438
32 0.085156 0.205469 0.070312 0.076563
14 0.166406 0.205469 0.073438 0.076563
15 0.250781 0.213281 0.070312 0.092188
11 0.342187 0.205469 0.068750 0.076563
7 0.425781 0.204687 0.076563 0.075000
14 0.511719 0.203906 0.070312 0.073438
15 0.602344 0.211719 0.067187 0.089063
30 0.684375 0.204687 0.068750 0.075000
5 0.768750 0.204687 0.084375 0.075000
15 0.855469 0.211719 0.067187 0.089063
12 0.089063 0.326562 0.078125 0.071875
20 0.181250 0.334375 0.071875 0.087500
16 0.267969 0.326562 0.070312 0.071875
37 0.354687 0.328906 0.071875 0.076563
29 0.439063 0.332813 0.053125 0.084375
35 0.522656 0.330469 0.092188 0.079687
14 0.621094 0.327344 0.070312 0.073438
10 0.704688 0.330469 0.071875 0.079687
4 0.786719 0.330469 0.070312 0.079687
28 0.880469 0.335938 0.085938 0.090625
3 0.083594 0.450781 0.067187 0.076563
27 0.175781 0.452344 0.082812 0.079687
