12 0.089063 0.085938 0.078125 0.071875
17 0.179688 0.088281 0.071875 0.076563
2 0.260156 0.087500 0.070312 0.075000
28 0.352344 0.093750 0.082812 0.087500
1 0.444531 0.090625 0.082812 0.081250
18 0.535156 0.088281 0.076563 0.076563
30 0.621875 0.087500 0.068750 0.075000
2 0.707031 0.085938 0.067187 0.071875
19 0.799219 0.093750 0.076563 0.087500
19 0.888281 0.092188 0.070312 0.084375
15 0.083594 0.213281 0.067187 0.089063
11 0.160938 0.208594 0.071875 0.079687
24 0.248438 0.206250 0.081250 0.075000
36 0.340625 0.205469 0.081250 0.073438
15 0.424219 0.214844 0.070312 0.092188
5 0.518750 0.204687 0.081250 0.071875
31 0.611719 0.206250 0.076563 0.075000
0 0.700781 0.207031 0.070312 0.076563
28 0.788281 0.214062 0.085938 0.090625
20 0.890625 0.212500 0.075000 0.087500
15 0.085156 0.338281 0.070312 0.092188
2 0.161719 0.328125 0.067187 0.071875
37 0.253125 0.330469 0.071875 0.076563
20 0.335938 0.335938 0.071875 0.087500
36 0.428125 0.330469 0.084375 0.076563
2 0.522656 0.328125 0.067187 0.071875
29 0.592187 0.334375 0.050000 0.084375
29 0.651563 0.334375 0.050000 0.084375
