14 0.085156 0.086719 0.070312 0.073438
4 0.169531 0.088281 0.067187 0.076563
10 0.248438 0.089844 0.071875 0.079687
31 0.344531 0.087500 0.076563 0.075000
15 0.427344 0.096094 0.073438 0.092188
18 0.513281 0.088281 0.076563 0.076563
19 0.596094 0.093750 0.073438 0.087500
14 0.680469 0.086719 0.070312 0.073438
17 0.768750 0.086719 0.068750 0.073438
16 0.850781 0.087500 0.070312 0.075000
24 0.092188 0.212500 0.084375 0.078125
1 0.189844 0.212500 0.079687 0.078125
20 0.281250 0.217188 0.071875 0.087500
16 0.363281 0.209375 0.067187 0.071875
18 0.453906 0.211719 0.076563 0.076563
32 0.539844 0.210156 0.067187 0.073438
17 0.623437 0.210156 0.068750 0.073438
6 0.715625 0.212500 0.084375 0.078125
6 0.810937 0.209375 0.081250 0.071875
20 0.895312 0.217188 0.071875 0.087500
3 0.083594 0.330469 0.067187 0.076563
32 0.161719 0.330469 0.070312 0.076563
30 0.243750 0.328125 0.065625 0.071875
