36 0.092188 0.088281 0.084375 0.076563
20 0.179688 0.092188 0.068750 0.084375
35 0.280469 0.088281 0.089063 0.076563
19 0.378906 0.092188 0.073438 0.084375
3 0.472656 0.088281 0.070312 0.076563
33 0.565625 0.088281 0.071875 0.076563
25 0.650000 0.085938 0.071875 0.071875
13 0.740625 0.086719 0.075000 0.073438
29 0.825000 0.093750 0.053125 0.087500
27 0.092969 0.211719 0.085938 0.085938
8 0.182812 0.205469 0.050000 0.073438
33 0.253125 0.208594 0.075000 0.079687
36 0.345313 0.205469 0.081250 0.073438
35 0.442969 0.205469 0.089063 0.073438
1 0.538281 0.207813 0.079687 0.078125
20 0.623437 0.210938 0.071875 0.084375
12 0.718750 0.204687 0.078125 0.071875
32 0.814844 0.205469 0.070312 0.073438
26 0.900781 0.205469 0.082812 0.073438
7 0.088281 0.323437 0.076563 0.075000
12 0.176563 0.323437 0.081250 0.075000
4 0.267969 0.325781 0.070312 0.079687
11 0.346875 0.325781 0.071875 0.079687
35 0.446094 0.324219 0.092188 0.076563
