3 0.085156 0.089844 0.070312 0.079687
28 0.182031 0.093750 0.082812 0.087500
34 0.281250 0.092969 0.078125 0.085938
36 0.381250 0.088281 0.084375 0.076563
4 0.478906 0.088281 0.067187 0.076563
23 0.558594 0.087500 0.073438 0.075000
15 0.646094 0.094531 0.067187 0.089063
16 0.733594 0.087500 0.070312 0.075000
1 0.828906 0.090625 0.082812 0.081250
1 0.091406 0.210938 0.082812 0.081250
7 0.178906 0.207813 0.076563 0.075000
8 0.257812 0.207031 0.053125 0.073438
34 0.334375 0.211719 0.075000 0.082812
28 0.435156 0.215625 0.085938 0.090625
6 0.537500 0.207813 0.084375 0.075000
22 0.637500 0.208594 0.081250 0.076563
14 0.733594 0.207031 0.070312 0.073438
37 0.812500 0.208594 0.071875 0.076563
15 0.896094 0.214844 0.067187 0.089063
1 0.091406 0.332813 0.082812 0.081250
8 0.176563 0.330469 0.053125 0.076563
19 0.250781 0.334375 0.073438 0.084375
34 0.340625 0.335156 0.078125 0.085938
17 0.431250 0.330469 0.071875 0.076563
14 0.517969 0.330469 0.073438 0.076563
19 0.607031 0.334375 0.070312 0.084375
27 0.707031 0.333594 0.085938 0.082812
34 0.806250 0.333594 0.075000 0.082812
