11 0.085938 0.089844 0.071875 0.079687
36 0.179688 0.086719 0.081250 0.073438
36 0.279687 0.088281 0.084375 0.076563
25 0.379688 0.087500 0.075000 0.075000
33 0.460938 0.088281 0.071875 0.076563
21 0.547656 0.088281 0.079687 0.076563
34 0.648438 0.092969 0.078125 0.085938
3 0.742969 0.089844 0.070312 0.079687
22 0.839063 0.088281 0.084375 0.076563
19 0.086719 0.210938 0.073438 0.087500
26 0.177344 0.203906 0.082812 0.073438
9 0.270313 0.203125 0.065625 0.071875
8 0.337500 0.203906 0.050000 0.073438
20 0.404687 0.209375 0.068750 0.084375
11 0.493750 0.207031 0.071875 0.079687
10 0.573438 0.207031 0.071875 0.079687
11 0.654687 0.207031 0.071875 0.079687
22 0.740625 0.205469 0.084375 0.076563
6 0.842187 0.204687 0.084375 0.075000
1 0.089844 0.325000 0.079687 0.078125
10 0.182812 0.325781 0.071875 0.079687
