34 0.089063 0.092969 0.078125 0.085938
9 0.170313 0.085938 0.065625 0.071875
7 0.250781 0.085938 0.073438 0.071875
9 0.331250 0.087500 0.068750 0.075000
17 0.423438 0.088281 0.071875 0.076563
32 0.500781 0.086719 0.067187 0.073438
8 0.579688 0.086719 0.050000 0.073438
26 0.661719 0.086719 0.082812 0.073438
12 0.764062 0.087500 0.081250 0.075000
16 0.861719 0.087500 0.070312 0.075000
16 0.085156 0.204687 0.070312 0.075000
8 0.165625 0.203906 0.050000 0.073438
28 0.255469 0.212500 0.085938 0.090625
7 0.342969 0.203125 0.073438 0.071875
22 0.434375 0.205469 0.084375 0.076563
1 0.533594 0.207813 0.079687 0.081250
14 0.617969 0.203906 0.070312 0.073438
5 0.703125 0.204687 0.081250 0.075000
32 0.797656 0.203906 0.067187 0.073438
1 0.889844 0.206250 0.079687 0.078125
17 0.084375 0.325781 0.068750 0.073438
33 0.162500 0.327344 0.071875 0.076563
3 0.244531 0.328906 0.070312 0.079687
9 0.334375 0.326562 0.068750 0.075000
