3 0.085156 0.089844 0.070312 0.079687
32 0.169531 0.086719 0.067187 0.073438
12 0.257812 0.087500 0.081250 0.075000
24 0.356250 0.087500 0.084375 0.075000
31 0.450781 0.087500 0.076563 0.075000
13 0.545312 0.088281 0.078125 0.076563
3 0.638281 0.088281 0.067187 0.076563
20 0.720313 0.092188 0.071875 0.084375
7 0.802344 0.087500 0.076563 0.075000
28 0.899219 0.093750 0.082812 0.087500
31 0.088281 0.206250 0.076563 0.075000
29 0.162500 0.210938 0.050000 0.084375
24 0.240625 0.206250 0.084375 0.075000
9 0.334375 0.204687 0.065625 0.071875
37 0.415625 0.207031 0.071875 0.076563
18 0.507031 0.205469 0.073438 0.073438
0 0.589844 0.205469 0.067187 0.073438
21 0.671094 0.207031 0.079687 0.076563
31 0.763281 0.204687 0.073438 0.071875
30 0.845313 0.204687 0.065625 0.071875
31 0.086719 0.320312 0.073438 0.071875
20 0.165625 0.326562 0.068750 0.084375
4 0.242969 0.324219 0.070312 0.079687
27 0.341406 0.324219 0.082812 0.079687
0 0.424219 0.321094 0.067187 0.073438
10 0.503125 0.324219 0.071875 0.079687
21 0.592969 0.321094 0.076563 0.073438
34 0.684375 0.327344 0.078125 0.085938
22 0.782813 0.322656 0.084375 0.076563
23 0.872656 0.320312 0.073438 0.071875
24 0.092188 0.439063 0.084375 0.075000
