8 0.075000 0.086719 0.050000 0.073438
2 0.155469 0.085938 0.067187 0.071875
30 0.243750 0.087500 0.068750 0.075000
29 0.318750 0.092188 0.050000 0.084375
22 0.400000 0.088281 0.084375 0.076563
12 0.500000 0.087500 0.081250 0.075000
7 0.589844 0.087500 0.076563 0.075000
29 0.667188 0.092188 0.053125 0.084375
17 0.737500 0.086719 0.068750 0.073438
18 0.819531 0.086719 0.073438 0.073438
27 0.908594 0.089844 0.082812 0.079687
28 0.091406 0.209375 0.082812 0.087500
28 0.183594 0.210938 0.085938 0.090625
19 0.280469 0.209375 0.073438 0.087500
34 0.370312 0.207031 0.075000 0.082812
3 0.461719 0.205469 0.070312 0.079687
20 0.539062 0.207813 0.068750 0.084375
12 0.625000 0.203125 0.081250 0.075000
24 0.718750 0.203125 0.084375 0.075000
25 0.809375 0.203125 0.075000 0.075000
7 0.905469 0.201563 0.073438 0.071875
32 0.083594 0.324219 0.067187 0.073438
