4 0.083594 0.088281 0.067187 0.076563
29 0.154688 0.092188 0.050000 0.084375
4 0.225781 0.088281 0.067187 0.076563
12 0.312500 0.087500 0.081250 0.075000
10 0.407813 0.091406 0.075000 0.082812
12 0.495312 0.085938 0.078125 0.071875
27 0.583594 0.089844 0.082812 0.079687
15 0.666406 0.094531 0.067187 0.089063
32 0.747656 0.088281 0.070312 0.076563
6 0.832812 0.089063 0.084375 0.078125
12 0.089063 0.206250 0.078125 0.071875
37 0.182812 0.208594 0.071875 0.076563
32 0.264844 0.207031 0.067187 0.073438
17 0.342187 0.207031 0.068750 0.073438
9 0.429688 0.207813 0.068750 0.075000
17 0.510938 0.207031 0.071875 0.073438
18 0.596094 0.208594 0.076563 0.076563
12 0.695312 0.207813 0.081250 0.075000
17 0.789062 0.207031 0.071875 0.073438
37 0.879687 0.208594 0.071875 0.076563
3 0.083594 0.316406 0.067187 0.076563
32 0.171094 0.314844 0.067187 0.073438
29 0.242188 0.320312 0.050000 0.084375
33 0.325000 0.317969 0.075000 0.079687
7 0.407031 0.314063 0.073438 0.071875
35 0.505469 0.314844 0.089063 0.073438
14 0.599219 0.314844 0.070312 0.073438
10 0.678125 0.317969 0.071875 0.079687
