12 0.090625 0.087500 0.081250 0.075000
9 0.182812 0.087500 0.068750 0.075000
29 0.264062 0.092188 0.053125 0.084375
15 0.336719 0.094531 0.067187 0.089063
21 0.432031 0.088281 0.079687 0.076563
13 0.525000 0.088281 0.078125 0.076563
33 0.617188 0.089844 0.075000 0.079687
22 0.715625 0.088281 0.084375 0.076563
1 0.816406 0.089063 0.079687 0.078125
20 0.914062 0.093750 0.071875 0.087500
17 0.084375 0.207031 0.068750 0.073438
18 0.177344 0.207031 0.073438 0.073438
21 0.263281 0.207031 0.076563 0.073438
29 0.345313 0.212500 0.053125 0.084375
31 0.422656 0.206250 0.073438 0.071875
26 0.514844 0.208594 0.085938 0.076563
18 0.602344 0.207031 0.073438 0.073438
35 0.697656 0.210156 0.092188 0.079687
19 0.799219 0.214062 0.076563 0.087500
37 0.885938 0.207031 0.068750 0.073438
21 0.089844 0.327344 0.079687 0.076563
7 0.177344 0.326562 0.076563 0.075000
27 0.278906 0.328906 0.082812 0.079687
36 0.373437 0.327344 0.084375 0.076563
