12 0.090625 0.087500 0.081250 0.075000
13 0.184375 0.088281 0.078125 0.076563
1 0.271094 0.089063 0.079687 0.078125
18 0.358594 0.086719 0.073438 0.073438
1 0.457031 0.090625 0.082812 0.081250
17 0.545312 0.088281 0.071875 0.076563
8 0.623437 0.086719 0.050000 0.073438
32 0.691406 0.086719 0.067187 0.073438
19 0.782031 0.092188 0.070312 0.084375
36 0.870313 0.088281 0.084375 0.076563
25 0.087500 0.203125 0.075000 0.075000
30 0.165625 0.201563 0.065625 0.071875
27 0.247656 0.205469 0.082812 0.079687
6 0.339062 0.201563 0.081250 0.071875
15 0.435156 0.211719 0.073438 0.092188
35 0.527344 0.205469 0.092188 0.079687
3 0.625781 0.205469 0.070312 0.079687
28 0.711719 0.210938 0.085938 0.090625
10 0.798438 0.205469 0.071875 0.079687
32 0.877344 0.203906 0.070312 0.076563
36 0.090625 0.325781 0.081250 0.073438
9 0.173437 0.325000 0.065625 0.071875
36 0.254688 0.325781 0.081250 0.073438
37 0.351562 0.325781 0.068750 0.073438
1 0.446094 0.329688 0.082812 0.081250
21 0.546094 0.325781 0.076563 0.073438
27 0.639844 0.330469 0.085938 0.082812
10 0.740625 0.330469 0.075000 0.082812
