33 0.085938 0.088281 0.071875 0.076563
11 0.178125 0.089844 0.071875 0.079687
18 0.271094 0.086719 0.073438 0.073438
36 0.359375 0.088281 0.084375 0.076563
33 0.451562 0.088281 0.071875 0.076563
31 0.536719 0.085938 0.073438 0.071875
30 0.615625 0.085938 0.065625 0.071875
26 0.708594 0.086719 0.082812 0.073438
20 0.801562 0.092188 0.068750 0.084375
9 0.885938 0.087500 0.068750 0.075000
18 0.088281 0.203906 0.076563 0.076563
32 0.182031 0.202344 0.067187 0.073438
36 0.273438 0.202344 0.081250 0.073438
30 0.359375 0.203125 0.068750 0.075000
32 0.450781 0.203906 0.070312 0.076563
35 0.552344 0.203906 0.092188 0.076563
29 0.632812 0.207813 0.053125 0.084375
4 0.714844 0.203906 0.067187 0.076563
16 0.800781 0.203125 0.070312 0.075000
1 0.896094 0.206250 0.082812 0.081250
2 0.085156 0.318750 0.070312 0.075000
16 0.171094 0.318750 0.070312 0.075000
37 0.253125 0.317969 0.071875 0.073438
24 0.343750 0.317188 0.081250 0.071875
