22 0.090625 0.086719 0.081250 0.073438
2 0.174219 0.085938 0.067187 0.071875
29 0.246875 0.092188 0.050000 0.084375
34 0.323437 0.091406 0.075000 0.082812
1 0.417969 0.090625 0.082812 0.081250
30 0.501563 0.087500 0.068750 0.075000
19 0.582031 0.092188 0.070312 0.084375
18 0.671094 0.086719 0.073438 0.073438
25 0.751563 0.085938 0.071875 0.071875
4 0.833594 0.088281 0.067187 0.076563
15 0.083594 0.210156 0.067187 0.089063
26 0.177344 0.203906 0.085938 0.076563
3 0.277344 0.205469 0.070312 0.079687
31 0.367969 0.203125 0.076563 0.075000
9 0.454688 0.201563 0.065625 0.071875
2 0.528906 0.201563 0.067187 0.071875
37 0.610938 0.202344 0.068750 0.073438
14 0.692969 0.203906 0.073438 0.076563
15 0.785156 0.210156 0.067187 0.089063
10 0.868750 0.207031 0.075000 0.082812
37 0.084375 0.322656 0.068750 0.073438
32 0.167969 0.324219 0.070312 0.076563
4 0.258594 0.324219 0.067187 0.076563
15 0.347656 0.330469 0.067187 0.089063
36 0.431250 0.322656 0.081250 0.073438
17 0.518750 0.322656 0.068750 0.073438
25 0.596875 0.321875 0.071875 0.071875
18 0.686719 0.322656 0.073438 0.073438
