28 0.094531 0.096875 0.089063 0.093750
22 0.198437 0.088281 0.084375 0.076563
34 0.295312 0.091406 0.075000 0.082812
9 0.378125 0.085938 0.065625 0.071875
29 0.454688 0.092188 0.053125 0.084375
31 0.532031 0.085938 0.073438 0.071875
4 0.611719 0.088281 0.067187 0.076563
22 0.695312 0.088281 0.084375 0.076563
21 0.783594 0.086719 0.076563 0.073438
30 0.862500 0.085938 0.065625 0.071875
24 0.092188 0.212500 0.084375 0.075000
10 0.189062 0.214844 0.071875 0.079687
15 0.267969 0.219531 0.067187 0.089063
12 0.351562 0.212500 0.081250 0.075000
1 0.444531 0.214062 0.079687 0.078125
7 0.530469 0.210938 0.073438 0.071875
31 0.625781 0.210938 0.073438 0.071875
28 0.725781 0.220312 0.085938 0.090625
16 0.816406 0.212500 0.070312 0.075000
21 0.908594 0.213281 0.079687 0.076563
27 0.091406 0.336719 0.082812 0.079687
10 0.178125 0.338281 0.075000 0.082812
4 0.271094 0.335156 0.067187 0.076563
4 0.346094 0.335156 0.067187 0.076563
10 0.431250 0.336719 0.071875 0.079687
13 0.526563 0.333594 0.075000 0.073438
10 0.620313 0.336719 0.071875 0.079687
