6 0.090625 0.085938 0.081250 0.071875
0 0.172656 0.086719 0.067187 0.073438
15 0.257031 0.094531 0.067187 0.089063
15 0.346094 0.094531 0.067187 0.089063
3 0.421094 0.088281 0.067187 0.076563
37 0.498437 0.086719 0.068750 0.073438
1 0.583594 0.090625 0.082812 0.081250
7 0.682031 0.085938 0.073438 0.071875
14 0.775781 0.086719 0.070312 0.073438
0 0.864844 0.086719 0.070312 0.073438
21 0.088281 0.207031 0.076563 0.073438
14 0.180469 0.207031 0.070312 0.073438
8 0.250000 0.207031 0.050000 0.073438
17 0.321875 0.207031 0.068750 0.073438
19 0.405469 0.212500 0.073438 0.084375
17 0.498437 0.207031 0.068750 0.073438
6 0.582812 0.206250 0.081250 0.071875
25 0.668750 0.206250 0.071875 0.071875
36 0.756250 0.208594 0.084375 0.076563
3 0.850781 0.210156 0.070312 0.079687
30 0.084375 0.323437 0.068750 0.075000
2 0.161719 0.323437 0.070312 0.075000
11 0.246875 0.325781 0.071875 0.079687
15 0.336719 0.330469 0.067187 0.089063
1 0.428906 0.326562 0.082812 0.081250
9 0.518750 0.321875 0.065625 0.071875
