29 0.075000 0.092188 0.050000 0.084375
28 0.161719 0.095312 0.085938 0.090625
7 0.260156 0.087500 0.076563 0.075000
11 0.343750 0.088281 0.068750 0.076563
1 0.433594 0.090625 0.082812 0.081250
37 0.525000 0.086719 0.071875 0.073438
9 0.607812 0.087500 0.068750 0.075000
27 0.700781 0.091406 0.085938 0.082812
31 0.789844 0.087500 0.076563 0.075000
8 0.864062 0.086719 0.053125 0.073438
10 0.087500 0.213281 0.075000 0.082812
9 0.181250 0.209375 0.068750 0.075000
23 0.264844 0.207813 0.073438 0.071875
37 0.345313 0.208594 0.068750 0.073438
26 0.442969 0.208594 0.082812 0.073438
22 0.543750 0.210156 0.084375 0.076563
2 0.635156 0.209375 0.070312 0.075000
24 0.729688 0.209375 0.084375 0.075000
10 0.826562 0.211719 0.071875 0.079687
35 0.094531 0.324219 0.089063 0.076563
19 0.188281 0.328125 0.070312 0.084375
16 0.277344 0.321875 0.067187 0.071875
10 0.364063 0.327344 0.075000 0.082812
9 0.453125 0.321875 0.065625 0.071875
30 0.540625 0.321875 0.065625 0.071875
36 0.628125 0.324219 0.084375 0.076563
12 0.717187 0.323437 0.078125 0.075000
