3 0.083594 0.088281 0.067187 0.076563
22 0.181250 0.089844 0.084375 0.079687
23 0.282031 0.085938 0.073438 0.071875
23 0.367969 0.085938 0.073438 0.071875
29 0.443750 0.092188 0.050000 0.084375
0 0.521094 0.088281 0.070312 0.076563
27 0.610156 0.091406 0.085938 0.082812
37 0.707812 0.088281 0.071875 0.076563
20 0.792188 0.092188 0.068750 0.084375
18 0.883594 0.088281 0.076563 0.076563
11 0.085938 0.205469 0.071875 0.079687
36 0.171875 0.205469 0.084375 0.079687
33 0.262500 0.203906 0.071875 0.076563
31 0.352344 0.203125 0.076563 0.075000
9 0.442188 0.201563 0.065625 0.071875
16 0.519531 0.201563 0.067187 0.071875
35 0.619531 0.202344 0.089063 0.073438
23 0.708594 0.201563 0.073438 0.071875
13 0.806250 0.203906 0.078125 0.076563
27 0.908594 0.205469 0.082812 0.079687
30 0.082812 0.312500 0.065625 0.071875
5 0.173437 0.312500 0.081250 0.071875
31 0.264844 0.314063 0.076563 0.075000
