20 0.085938 0.093750 0.071875 0.087500
19 0.177344 0.093750 0.073438 0.087500
3 0.261719 0.088281 0.067187 0.076563
19 0.344531 0.092188 0.070312 0.084375
34 0.435937 0.091406 0.075000 0.082812
35 0.533594 0.088281 0.089063 0.076563
9 0.623437 0.085938 0.065625 0.071875
23 0.714844 0.087500 0.076563 0.075000
36 0.814063 0.086719 0.081250 0.073438
19 0.905469 0.093750 0.073438 0.087500
2 0.083594 0.204687 0.067187 0.071875
33 0.170313 0.208594 0.075000 0.079687
27 0.261719 0.210156 0.085938 0.082812
19 0.349219 0.210938 0.070312 0.084375
21 0.436719 0.207031 0.079687 0.076563
24 0.526563 0.204687 0.081250 0.071875
7 0.624219 0.204687 0.073438 0.071875
26 0.721094 0.207031 0.085938 0.076563
21 0.816406 0.207031 0.079687 0.076563
3 0.900781 0.208594 0.070312 0.079687
6 0.090625 0.320312 0.081250 0.071875
13 0.179688 0.321094 0.075000 0.073438
0 0.263281 0.322656 0.070312 0.076563
