30 0.082812 0.085938 0.065625 0.071875
19 0.161719 0.092188 0.070312 0.084375
0 0.242969 0.086719 0.067187 0.073438
37 0.326562 0.086719 0.068750 0.073438
21 0.416406 0.086719 0.076563 0.073438
25 0.509375 0.087500 0.075000 0.075000
22 0.607812 0.088281 0.084375 0.076563
16 0.694531 0.087500 0.070312 0.075000
15 0.785156 0.096094 0.073438 0.092188
19 0.871094 0.092188 0.070312 0.084375
28 0.092969 0.218750 0.085938 0.090625
3 0.185156 0.211719 0.067187 0.076563
17 0.271875 0.211719 0.071875 0.076563
11 0.350000 0.211719 0.068750 0.076563
19 0.428906 0.217188 0.073438 0.087500
24 0.525000 0.209375 0.081250 0.071875
22 0.626563 0.210156 0.081250 0.073438
23 0.717969 0.210938 0.076563 0.075000
3 0.813281 0.213281 0.070312 0.079687
13 0.901563 0.210156 0.075000 0.073438
0 0.083594 0.332031 0.067187 0.073438
16 0.166406 0.332813 0.070312 0.075000
7 0.250781 0.331250 0.073438 0.071875
