24 0.092188 0.087500 0.084375 0.075000
30 0.179688 0.085938 0.065625 0.071875
15 0.266406 0.094531 0.067187 0.089063
2 0.349219 0.087500 0.070312 0.075000
25 0.435937 0.087500 0.075000 0.075000
19 0.525781 0.093750 0.073438 0.087500
1 0.624219 0.090625 0.082812 0.081250
15 0.708594 0.096094 0.070312 0.092188
18 0.800781 0.088281 0.076563 0.076563
32 0.891406 0.086719 0.067187 0.073438
37 0.085938 0.211719 0.071875 0.076563
27 0.178906 0.213281 0.082812 0.079687
11 0.271875 0.213281 0.071875 0.079687
20 0.356250 0.215625 0.068750 0.084375
2 0.438281 0.209375 0.067187 0.071875
22 0.523438 0.210156 0.081250 0.073438
32 0.616406 0.211719 0.070312 0.076563
10 0.695312 0.213281 0.071875 0.079687
9 0.787500 0.209375 0.068750 0.071875
29 0.859375 0.215625 0.050000 0.084375
37 0.084375 0.325781 0.068750 0.073438
30 0.168750 0.325000 0.065625 0.071875
28 0.260156 0.334375 0.085938 0.090625
30 0.359375 0.326562 0.068750 0.075000
5 0.453125 0.325000 0.081250 0.071875
22 0.550000 0.325781 0.081250 0.073438
