28 0.092969 0.095312 0.085938 0.090625
25 0.182812 0.085938 0.071875 0.071875
8 0.262500 0.086719 0.050000 0.073438
14 0.339844 0.088281 0.073438 0.076563
25 0.428125 0.087500 0.075000 0.075000
6 0.526563 0.087500 0.084375 0.075000
12 0.629687 0.085938 0.078125 0.071875
25 0.714063 0.085938 0.071875 0.071875
16 0.794531 0.085938 0.067187 0.071875
27 0.883594 0.089844 0.082812 0.079687
19 0.085156 0.214062 0.070312 0.084375
29 0.162500 0.214062 0.050000 0.084375
11 0.243750 0.210156 0.068750 0.076563
33 0.321875 0.210156 0.071875 0.076563
32 0.410156 0.208594 0.067187 0.073438
7 0.488281 0.207813 0.073438 0.071875
24 0.589063 0.209375 0.084375 0.075000
18 0.685156 0.208594 0.073438 0.073438
26 0.775781 0.208594 0.082812 0.073438
15 0.869531 0.216406 0.067187 0.089063
18 0.086719 0.328906 0.073438 0.073438
5 0.176563 0.329688 0.084375 0.075000
35 0.274219 0.330469 0.092188 0.076563
22 0.373437 0.328906 0.081250 0.073438
5 0.475000 0.329688 0.084375 0.075000
6 0.579688 0.328125 0.081250 0.071875
