9 0.084375 0.087500 0.068750 0.075000
16 0.175781 0.085938 0.070312 0.071875
9 0.264062 0.087500 0.068750 0.075000
14 0.342969 0.086719 0.070312 0.073438
9 0.432812 0.087500 0.068750 0.075000
11 0.512500 0.089844 0.071875 0.079687
3 0.592969 0.089844 0.070312 0.079687
32 0.672656 0.086719 0.070312 0.073438
35 0.774219 0.088281 0.092188 0.076563
25 0.879687 0.087500 0.075000 0.075000
36 0.090625 0.197656 0.081250 0.073438
7 0.180469 0.198437 0.076563 0.075000
2 0.263281 0.196875 0.067187 0.071875
28 0.350781 0.206250 0.085938 0.090625
5 0.445312 0.198437 0.081250 0.075000
36 0.546875 0.197656 0.081250 0.073438
28 0.647656 0.206250 0.085938 0.090625
23 0.746094 0.198437 0.076563 0.075000
24 0.839063 0.198437 0.084375 0.075000
30 0.084375 0.318750 0.068750 0.071875
4 0.171094 0.321094 0.067187 0.076563
2 0.250781 0.318750 0.067187 0.071875
33 0.342187 0.321094 0.071875 0.076563
36 0.440625 0.319531 0.081250 0.073438
14 0.535156 0.319531 0.070312 0.073438
25 0.617188 0.320312 0.075000 0.075000
7 0.708594 0.318750 0.073438 0.071875
30 0.789062 0.318750 0.065625 0.071875
3 0.871094 0.322656 0.070312 0.079687
33 0.085938 0.432031 0.071875 0.076563
