19 0.086719 0.093750 0.073438 0.087500
13 0.170313 0.086719 0.075000 0.073438
8 0.242188 0.086719 0.050000 0.073438
25 0.314063 0.087500 0.075000 0.075000
30 0.404687 0.085938 0.065625 0.071875
2 0.486719 0.085938 0.067187 0.071875
11 0.570312 0.089844 0.071875 0.079687
1 0.669531 0.090625 0.082812 0.081250
27 0.763281 0.092969 0.089063 0.085938
29 0.842187 0.092188 0.053125 0.084375
13 0.087500 0.205469 0.075000 0.073438
15 0.180469 0.213281 0.067187 0.089063
37 0.265625 0.207031 0.071875 0.076563
29 0.337500 0.210938 0.050000 0.084375
0 0.417969 0.205469 0.067187 0.073438
10 0.509375 0.208594 0.071875 0.079687
0 0.589844 0.207031 0.070312 0.076563
10 0.678125 0.210156 0.075000 0.082812
24 0.770312 0.206250 0.084375 0.075000
22 0.873437 0.205469 0.081250 0.073438
26 0.091406 0.325781 0.082812 0.073438
22 0.182812 0.325781 0.081250 0.073438
36 0.287500 0.327344 0.084375 0.076563
20 0.376563 0.332813 0.071875 0.087500
3 0.467969 0.327344 0.067187 0.076563
