4 0.083594 0.088281 0.067187 0.076563
10 0.173437 0.089844 0.071875 0.079687
25 0.268750 0.087500 0.075000 0.075000
10 0.359375 0.089844 0.071875 0.079687
7 0.453906 0.085938 0.073438 0.071875
4 0.546094 0.088281 0.067187 0.076563
21 0.632031 0.088281 0.079687 0.076563
15 0.728906 0.096094 0.073438 0.092188
22 0.817187 0.088281 0.084375 0.076563
19 0.902344 0.092188 0.070312 0.084375
14 0.085156 0.210156 0.070312 0.073438
35 0.178906 0.210156 0.089063 0.073438
18 0.280469 0.211719 0.076563 0.076563
26 0.375781 0.211719 0.085938 0.076563
37 0.467187 0.210156 0.068750 0.073438
35 0.569531 0.213281 0.092188 0.079687
17 0.659375 0.210156 0.068750 0.073438
32 0.735156 0.210156 0.067187 0.073438
24 0.828125 0.209375 0.081250 0.071875
11 0.085938 0.324219 0.071875 0.079687
24 0.176563 0.320312 0.081250 0.071875
22 0.270313 0.321094 0.081250 0.073438
24 0.373437 0.321875 0.084375 0.075000
18 0.475781 0.322656 0.076563 0.076563
17 0.556250 0.321094 0.068750 0.073438
20 0.637500 0.326562 0.068750 0.084375
25 0.715625 0.320312 0.071875 0.071875
23 0.796094 0.320312 0.073438 0.071875
35 0.894531 0.322656 0.092188 0.076563
22 0.092188 0.438281 0.084375 0.076563
25 0.189062 0.435937 0.071875 0.071875
9 0.265625 0.435937 0.065625 0.071875
16 0.339844 0.435937 0.067187 0.071875
36 0.426563 0.436719 0.081250 0.073438
