15 0.085156 0.096094 0.070312 0.092188
34 0.168750 0.092969 0.078125 0.085938
7 0.260156 0.085938 0.073438 0.071875
17 0.343750 0.088281 0.071875 0.076563
4 0.428906 0.088281 0.067187 0.076563
17 0.518750 0.088281 0.071875 0.076563
17 0.609375 0.086719 0.068750 0.073438
5 0.704688 0.085938 0.081250 0.071875
16 0.792969 0.085938 0.067187 0.071875
35 0.883594 0.086719 0.089063 0.073438
17 0.085938 0.211719 0.071875 0.076563
6 0.185938 0.212500 0.084375 0.078125
4 0.277344 0.213281 0.070312 0.079687
15 0.358594 0.217969 0.067187 0.089063
14 0.436719 0.210156 0.070312 0.073438
30 0.517188 0.209375 0.065625 0.071875
3 0.594531 0.211719 0.067187 0.076563
20 0.675000 0.217188 0.071875 0.087500
31 0.769531 0.210938 0.076563 0.075000
12 0.867188 0.210938 0.081250 0.075000
36 0.092188 0.332031 0.084375 0.076563
22 0.190625 0.332031 0.084375 0.076563
7 0.292969 0.331250 0.076563 0.075000
23 0.388281 0.331250 0.076563 0.075000
22 0.476562 0.332031 0.084375 0.076563
3 0.571094 0.333594 0.070312 0.079687
0 0.657031 0.330469 0.067187 0.073438
36 0.740625 0.332031 0.084375 0.076563
23 0.842969 0.331250 0.076563 0.075000
