2 0.083594 0.085938 0.067187 0.071875
11 0.175000 0.089844 0.071875 0.079687
21 0.257031 0.088281 0.076563 0.076563
16 0.341406 0.087500 0.070312 0.075000
15 0.422656 0.094531 0.070312 0.089063
36 0.520312 0.086719 0.081250 0.073438
20 0.612500 0.092188 0.068750 0.084375
24 0.707812 0.087500 0.084375 0.075000
33 0.798438 0.089844 0.075000 0.079687
26 0.891406 0.086719 0.082812 0.073438
18 0.088281 0.208594 0.076563 0.076563
33 0.173437 0.208594 0.071875 0.076563
7 0.264844 0.207813 0.076563 0.075000
24 0.357812 0.207813 0.084375 0.075000
34 0.445312 0.211719 0.075000 0.082812
18 0.527344 0.207031 0.073438 0.073438
30 0.607812 0.206250 0.065625 0.071875
25 0.696875 0.207813 0.075000 0.075000
31 0.794531 0.207813 0.076563 0.075000
17 0.881250 0.207031 0.068750 0.073438
34 0.087500 0.325781 0.075000 0.082812
30 0.178125 0.321875 0.068750 0.075000
5 0.260937 0.320312 0.081250 0.071875
22 0.356250 0.321094 0.081250 0.073438
30 0.448437 0.320312 0.065625 0.071875
25 0.532813 0.321875 0.075000 0.075000
6 0.626563 0.321875 0.084375 0.075000
10 0.728125 0.325781 0.075000 0.082812
