6 0.090625 0.085938 0.081250 0.071875
33 0.184375 0.089844 0.075000 0.079687
6 0.282813 0.085938 0.081250 0.071875
9 0.367188 0.085938 0.065625 0.071875
2 0.455469 0.087500 0.070312 0.075000
24 0.546875 0.087500 0.084375 0.075000
22 0.651563 0.086719 0.081250 0.073438
35 0.753906 0.086719 0.089063 0.073438
15 0.839844 0.094531 0.067187 0.089063
35 0.094531 0.208594 0.089063 0.076563
37 0.187500 0.207031 0.068750 0.073438
11 0.268750 0.208594 0.068750 0.076563
28 0.355469 0.215625 0.085938 0.090625
2 0.452344 0.206250 0.067187 0.071875
19 0.532031 0.214062 0.073438 0.087500
1 0.619531 0.209375 0.079687 0.078125
5 0.720313 0.207813 0.081250 0.075000
21 0.813281 0.207031 0.076563 0.073438
17 0.900000 0.207031 0.068750 0.073438
16 0.085156 0.329688 0.070312 0.075000
15 0.171094 0.336719 0.067187 0.089063
25 0.253125 0.329688 0.075000 0.075000
17 0.337500 0.328906 0.068750 0.073438
17 0.414062 0.328906 0.068750 0.073438
14 0.500781 0.330469 0.073438 0.076563
19 0.585156 0.334375 0.070312 0.084375
18 0.664844 0.328906 0.073438 0.073438
9 0.757812 0.329688 0.068750 0.075000
19 0.841406 0.334375 0.070312 0.084375
