22 0.090625 0.086719 0.081250 0.073438
22 0.193750 0.088281 0.084375 0.076563
17 0.282813 0.086719 0.068750 0.073438
22 0.375000 0.088281 0.084375 0.076563
21 0.467969 0.088281 0.079687 0.076563
30 0.562500 0.085938 0.065625 0.071875
13 0.648438 0.088281 0.078125 0.076563
18 0.739844 0.088281 0.076563 0.076563
16 0.825781 0.087500 0.070312 0.075000
30 0.901563 0.085938 0.065625 0.071875
25 0.087500 0.195312 0.075000 0.075000
32 0.171094 0.194531 0.067187 0.073438
12 0.264062 0.195312 0.081250 0.075000
16 0.353906 0.195312 0.070312 0.075000
1 0.447656 0.196875 0.079687 0.078125
31 0.533594 0.195312 0.076563 0.075000
27 0.627344 0.199219 0.085938 0.082812
1 0.732031 0.198437 0.082812 0.081250
24 0.831250 0.193750 0.081250 0.071875
3 0.914844 0.197656 0.070312 0.079687
22 0.092188 0.310156 0.084375 0.076563
14 0.177344 0.308594 0.070312 0.073438
22 0.271875 0.310156 0.081250 0.076563
2 0.357031 0.307812 0.067187 0.071875
1 0.449219 0.310937 0.079687 0.078125
14 0.544531 0.308594 0.070312 0.073438
8 0.621875 0.310156 0.053125 0.076563
19 0.700781 0.315625 0.073438 0.087500
19 0.789844 0.315625 0.076563 0.087500
34 0.887500 0.314844 0.078125 0.085938
1 0.089844 0.429688 0.079687 0.078125
23 0.188281 0.426563 0.073438 0.071875
16 0.272656 0.426563 0.067187 0.071875
34 0.362500 0.433594 0.078125 0.085938
