25 0.087500 0.087500 0.075000 0.075000
29 0.171875 0.092188 0.050000 0.084375
19 0.242969 0.092188 0.070312 0.084375
20 0.335938 0.093750 0.071875 0.087500
23 0.430469 0.085938 0.073438 0.071875
37 0.515625 0.086719 0.068750 0.073438
20 0.593750 0.092188 0.068750 0.084375
37 0.670312 0.086719 0.068750 0.073438
7 0.753906 0.087500 0.076563 0.075000
33 0.850000 0.088281 0.075000 0.076563
4 0.083594 0.207031 0.067187 0.076563
0 0.171094 0.205469 0.067187 0.073438
32 0.249219 0.205469 0.067187 0.073438
10 0.340625 0.208594 0.071875 0.079687
14 0.430469 0.205469 0.070312 0.073438
37 0.521875 0.205469 0.068750 0.073438
9 0.610938 0.206250 0.068750 0.075000
17 0.692187 0.205469 0.068750 0.073438
29 0.768750 0.210938 0.050000 0.084375
0 0.850781 0.207031 0.070312 0.076563
21 0.088281 0.321094 0.076563 0.073438
20 0.173437 0.328125 0.071875 0.087500
6 0.265625 0.321875 0.081250 0.075000
