29 0.076563 0.092188 0.053125 0.084375
3 0.147656 0.089844 0.070312 0.079687
13 0.231250 0.086719 0.075000 0.073438
16 0.317969 0.087500 0.070312 0.075000
11 0.409375 0.088281 0.071875 0.076563
29 0.482812 0.092188 0.053125 0.084375
20 0.557813 0.092188 0.071875 0.084375
4 0.647656 0.089844 0.070312 0.079687
21 0.742969 0.088281 0.079687 0.076563
22 0.832812 0.088281 0.084375 0.076563
8 0.909375 0.086719 0.050000 0.073438
36 0.092188 0.203906 0.084375 0.076563
10 0.181250 0.205469 0.075000 0.079687
33 0.278125 0.205469 0.075000 0.079687
1 0.369531 0.206250 0.082812 0.081250
33 0.459375 0.203906 0.071875 0.076563
8 0.532813 0.202344 0.053125 0.073438
9 0.600000 0.201563 0.065625 0.071875
24 0.692187 0.203125 0.084375 0.075000
9 0.779687 0.201563 0.065625 0.071875
15 0.855469 0.210156 0.067187 0.089063
26 0.091406 0.322656 0.082812 0.073438
10 0.178125 0.327344 0.075000 0.082812
32 0.263281 0.322656 0.067187 0.073438
34 0.351562 0.327344 0.075000 0.082812
14 0.444531 0.322656 0.070312 0.073438
4 0.522656 0.325781 0.070312 0.079687
9 0.610938 0.323437 0.068750 0.075000
29 0.685937 0.328125 0.053125 0.084375
7 0.766406 0.321875 0.073438 0.071875
