27 0.092969 0.091406 0.085938 0.082812
8 0.182812 0.086719 0.053125 0.073438
34 0.264062 0.092969 0.078125 0.085938
13 0.362500 0.088281 0.078125 0.076563
10 0.454688 0.089844 0.071875 0.079687
27 0.550781 0.091406 0.085938 0.082812
17 0.651563 0.086719 0.071875 0.073438
24 0.740625 0.085938 0.081250 0.071875
13 0.831250 0.086719 0.075000 0.073438
31 0.913281 0.085938 0.073438 0.071875
17 0.085938 0.205469 0.071875 0.076563
0 0.175781 0.203906 0.067187 0.073438
9 0.257812 0.204687 0.068750 0.075000
11 0.343750 0.207031 0.071875 0.079687
2 0.436719 0.204687 0.070312 0.075000
36 0.529687 0.203906 0.081250 0.073438
36 0.621875 0.203906 0.081250 0.073438
17 0.717187 0.203906 0.068750 0.073438
0 0.802344 0.203906 0.067187 0.073438
6 0.895312 0.203125 0.081250 0.071875
23 0.088281 0.315625 0.076563 0.075000
31 0.171094 0.314063 0.073438 0.071875
2 0.258594 0.314063 0.067187 0.071875
37 0.337500 0.316406 0.071875 0.076563
