19 0.086719 0.093750 0.073438 0.087500
35 0.185156 0.086719 0.089063 0.073438
15 0.285156 0.096094 0.070312 0.092188
0 0.367969 0.086719 0.070312 0.073438
32 0.447656 0.086719 0.067187 0.073438
11 0.532813 0.089844 0.071875 0.079687
2 0.622656 0.085938 0.067187 0.071875
3 0.711719 0.088281 0.067187 0.076563
35 0.802344 0.086719 0.089063 0.073438
8 0.881250 0.086719 0.050000 0.073438
37 0.084375 0.210156 0.068750 0.073438
32 0.164844 0.210156 0.067187 0.073438
29 0.235937 0.215625 0.050000 0.084375
25 0.318750 0.210938 0.075000 0.075000
22 0.415625 0.211719 0.081250 0.076563
33 0.512500 0.213281 0.075000 0.079687
6 0.600000 0.210938 0.084375 0.075000
36 0.693750 0.210156 0.081250 0.073438
29 0.781250 0.215625 0.053125 0.084375
23 0.853906 0.210938 0.076563 0.075000
