10 0.087500 0.091406 0.075000 0.082812
10 0.182812 0.089844 0.071875 0.079687
2 0.269531 0.085938 0.067187 0.071875
1 0.355469 0.090625 0.082812 0.081250
5 0.454688 0.085938 0.081250 0.071875
26 0.550781 0.088281 0.085938 0.076563
33 0.651563 0.088281 0.071875 0.076563
35 0.742969 0.088281 0.092188 0.076563
7 0.846094 0.087500 0.076563 0.075000
23 0.086719 0.200000 0.073438 0.071875
15 0.178906 0.208594 0.067187 0.089063
12 0.270313 0.200000 0.078125 0.071875
20 0.359375 0.206250 0.068750 0.084375
5 0.456250 0.201563 0.084375 0.075000
5 0.546875 0.200000 0.081250 0.071875
32 0.638281 0.200781 0.067187 0.073438
28 0.733594 0.209375 0.089063 0.090625
20 0.823438 0.206250 0.068750 0.084375
12 0.090625 0.323437 0.081250 0.075000
20 0.181250 0.328125 0.068750 0.084375
