5 0.090625 0.085938 0.081250 0.071875
29 0.175000 0.092188 0.050000 0.084375
13 0.250000 0.088281 0.078125 0.076563
25 0.339062 0.087500 0.075000 0.075000
9 0.425000 0.085938 0.065625 0.071875
8 0.496875 0.086719 0.050000 0.073438
3 0.577344 0.089844 0.070312 0.079687
3 0.655469 0.088281 0.067187 0.076563
17 0.742188 0.086719 0.071875 0.073438
35 0.832031 0.086719 0.089063 0.073438
24 0.090625 0.201563 0.081250 0.071875
19 0.180469 0.209375 0.076563 0.087500
16 0.263281 0.203125 0.070312 0.075000
34 0.356250 0.207031 0.075000 0.082812
11 0.443750 0.203906 0.068750 0.076563
29 0.525000 0.207813 0.050000 0.084375
14 0.597656 0.203906 0.073438 0.076563
24 0.685937 0.203125 0.084375 0.075000
23 0.774219 0.203125 0.076563 0.075000
12 0.859375 0.201563 0.078125 0.071875
6 0.090625 0.321875 0.081250 0.075000
22 0.192188 0.324219 0.084375 0.079687
10 0.281250 0.324219 0.071875 0.079687
37 0.359375 0.321094 0.068750 0.073438
