32 0.085156 0.088281 0.070312 0.076563
10 0.175000 0.089844 0.071875 0.079687
8 0.250000 0.086719 0.050000 0.073438
23 0.321094 0.087500 0.076563 0.075000
7 0.408594 0.087500 0.076563 0.075000
11 0.495312 0.088281 0.068750 0.076563
4 0.580469 0.089844 0.070312 0.079687
3 0.663281 0.088281 0.070312 0.076563
25 0.746875 0.085938 0.071875 0.071875
33 0.834375 0.088281 0.071875 0.076563
13 0.087500 0.197656 0.075000 0.073438
9 0.176563 0.198437 0.068750 0.075000
23 0.263281 0.196875 0.073438 0.071875
36 0.359375 0.199219 0.084375 0.076563
27 0.463281 0.202344 0.085938 0.082812
29 0.553125 0.204687 0.053125 0.087500
6 0.643750 0.198437 0.084375 0.075000
32 0.739844 0.199219 0.070312 0.076563
31 0.821094 0.198437 0.076563 0.075000
15 0.910156 0.205469 0.067187 0.089063
19 0.085156 0.323437 0.070312 0.084375
4 0.177344 0.321094 0.070312 0.079687
8 0.260937 0.319531 0.053125 0.076563
37 0.329688 0.317969 0.068750 0.073438
2 0.416406 0.317188 0.067187 0.071875
27 0.499219 0.321094 0.082812 0.079687
10 0.598437 0.322656 0.078125 0.082812
3 0.692969 0.321094 0.070312 0.079687
1 0.780469 0.320312 0.079687 0.078125
9 0.864062 0.318750 0.068750 0.075000
4 0.085156 0.436719 0.070312 0.079687
16 0.171094 0.434375 0.070312 0.075000
