21 0.088281 0.086719 0.076563 0.073438
25 0.178125 0.087500 0.075000 0.075000
32 0.261719 0.086719 0.067187 0.073438
26 0.347656 0.088281 0.085938 0.076563
27 0.450781 0.091406 0.085938 0.082812
17 0.550000 0.088281 0.071875 0.076563
18 0.641406 0.088281 0.076563 0.076563
13 0.731250 0.086719 0.075000 0.073438
30 0.817187 0.085938 0.065625 0.071875
33 0.907813 0.089844 0.075000 0.079687
5 0.090625 0.200000 0.081250 0.071875
4 0.175781 0.202344 0.067187 0.076563
4 0.261719 0.202344 0.067187 0.076563
9 0.335938 0.200000 0.065625 0.071875
27 0.421094 0.205469 0.085938 0.082812
6 0.512500 0.200000 0.081250 0.071875
26 0.605469 0.200781 0.082812 0.073438
20 0.695312 0.206250 0.068750 0.084375
3 0.772656 0.202344 0.067187 0.076563
32 0.853906 0.202344 0.070312 0.076563
9 0.082812 0.315625 0.065625 0.071875
0 0.166406 0.316406 0.067187 0.073438
6 0.260937 0.315625 0.081250 0.071875
12 0.359375 0.317188 0.081250 0.075000
12 0.453125 0.317188 0.081250 0.075000
1 0.549219 0.320312 0.082812 0.081250
19 0.635156 0.321875 0.070312 0.084375
12 0.725000 0.315625 0.078125 0.071875
17 0.812500 0.316406 0.068750 0.073438
19 0.889844 0.321875 0.070312 0.084375
16 0.085156 0.432812 0.070312 0.075000
2 0.167969 0.431250 0.067187 0.071875
