15 0.086719 0.096094 0.073438 0.092188
19 0.167969 0.093750 0.073438 0.087500
6 0.260937 0.087500 0.084375 0.075000
10 0.351562 0.089844 0.071875 0.079687
2 0.433594 0.085938 0.067187 0.071875
20 0.512500 0.093750 0.075000 0.087500
27 0.611719 0.089844 0.082812 0.079687
19 0.710156 0.093750 0.073438 0.087500
1 0.810156 0.092188 0.082812 0.084375
24 0.901563 0.087500 0.084375 0.075000
17 0.084375 0.210156 0.068750 0.073438
9 0.160938 0.210938 0.068750 0.075000
26 0.255469 0.211719 0.085938 0.076563
32 0.347656 0.211719 0.070312 0.076563
4 0.425781 0.211719 0.067187 0.076563
12 0.521875 0.210938 0.081250 0.075000
30 0.604688 0.209375 0.065625 0.071875
23 0.696094 0.210938 0.076563 0.075000
33 0.781250 0.213281 0.075000 0.079687
33 0.875000 0.211719 0.071875 0.076563
28 0.091406 0.328125 0.082812 0.087500
34 0.179688 0.327344 0.078125 0.085938
16 0.264844 0.320312 0.067187 0.071875
