0 0.083594 0.086719 0.067187 0.073438
10 0.175000 0.091406 0.075000 0.082812
4 0.255469 0.089844 0.070312 0.079687
23 0.341406 0.087500 0.076563 0.075000
31 0.438281 0.085938 0.073438 0.071875
7 0.522656 0.085938 0.073438 0.071875
15 0.610156 0.094531 0.067187 0.089063
9 0.687500 0.087500 0.068750 0.075000
3 0.772656 0.088281 0.070312 0.076563
37 0.856250 0.088281 0.071875 0.076563
19 0.086719 0.214062 0.073438 0.087500
20 0.168750 0.214062 0.071875 0.087500
18 0.258594 0.207031 0.073438 0.073438
12 0.348438 0.207813 0.081250 0.075000
22 0.451562 0.207031 0.081250 0.073438
25 0.550000 0.206250 0.071875 0.071875
8 0.623437 0.208594 0.053125 0.076563
22 0.712500 0.207031 0.081250 0.073438
24 0.814063 0.206250 0.081250 0.071875
22 0.092188 0.327344 0.084375 0.076563
11 0.182812 0.327344 0.068750 0.076563
16 0.261719 0.325000 0.067187 0.071875
31 0.349219 0.326562 0.076563 0.075000
