0 0.085156 0.088281 0.070312 0.076563
30 0.164062 0.087500 0.068750 0.075000
30 0.245312 0.085938 0.065625 0.071875
5 0.328125 0.087500 0.084375 0.075000
3 0.421094 0.088281 0.067187 0.076563
12 0.507812 0.085938 0.078125 0.071875
5 0.603125 0.089063 0.084375 0.078125
1 0.700781 0.090625 0.082812 0.081250
28 0.802344 0.096875 0.089063 0.093750
5 0.900000 0.087500 0.084375 0.075000
25 0.085938 0.210938 0.071875 0.071875
22 0.171875 0.213281 0.084375 0.076563
7 0.267969 0.212500 0.076563 0.075000
6 0.359375 0.210938 0.081250 0.071875
28 0.450781 0.220312 0.085938 0.090625
33 0.551562 0.213281 0.071875 0.076563
24 0.639062 0.214062 0.084375 0.078125
36 0.743750 0.213281 0.084375 0.076563
4 0.828906 0.213281 0.067187 0.076563
20 0.914062 0.218750 0.071875 0.087500
1 0.089844 0.335938 0.079687 0.078125
6 0.185938 0.335938 0.084375 0.078125
22 0.276562 0.333594 0.081250 0.073438
