17 0.084375 0.086719 0.068750 0.073438
16 0.171094 0.085938 0.067187 0.071875
3 0.247656 0.088281 0.067187 0.076563
24 0.342187 0.087500 0.084375 0.075000
10 0.437500 0.091406 0.075000 0.082812
10 0.520312 0.091406 0.075000 0.082812
30 0.604688 0.087500 0.068750 0.075000
21 0.691406 0.088281 0.079687 0.076563
24 0.781250 0.087500 0.081250 0.075000
25 0.875000 0.087500 0.075000 0.075000
27 0.091406 0.203906 0.082812 0.079687
15 0.186719 0.208594 0.067187 0.089063
24 0.271875 0.200000 0.081250 0.071875
3 0.360156 0.203906 0.070312 0.079687
22 0.450000 0.202344 0.084375 0.076563
23 0.549219 0.200000 0.073438 0.071875
17 0.631250 0.202344 0.071875 0.076563
29 0.704688 0.206250 0.053125 0.084375
37 0.773438 0.200781 0.068750 0.073438
23 0.866406 0.200000 0.073438 0.071875
20 0.085938 0.328125 0.071875 0.087500
33 0.178125 0.322656 0.071875 0.076563
18 0.271094 0.322656 0.076563 0.076563
21 0.363281 0.322656 0.079687 0.076563
9 0.456250 0.320312 0.065625 0.071875
34 0.546875 0.327344 0.078125 0.085938
20 0.631250 0.326562 0.068750 0.084375
26 0.728906 0.322656 0.085938 0.076563
19 0.821094 0.326562 0.070312 0.084375
8 0.898438 0.321094 0.050000 0.073438
32 0.085156 0.441406 0.070312 0.076563
5 0.178125 0.440625 0.084375 0.075000
37 0.275000 0.439844 0.071875 0.073438
