2 0.083594 0.085938 0.067187 0.071875
26 0.171094 0.086719 0.082812 0.073438
22 0.271875 0.088281 0.084375 0.076563
1 0.367969 0.089063 0.079687 0.078125
6 0.456250 0.085938 0.081250 0.071875
16 0.541406 0.085938 0.067187 0.071875
2 0.627344 0.087500 0.070312 0.075000
20 0.715625 0.093750 0.075000 0.087500
37 0.795312 0.086719 0.068750 0.073438
32 0.874219 0.086719 0.067187 0.073438
0 0.085156 0.207031 0.070312 0.076563
9 0.170313 0.206250 0.068750 0.075000
9 0.248438 0.206250 0.068750 0.075000
25 0.328125 0.204687 0.071875 0.071875
36 0.418750 0.205469 0.081250 0.073438
33 0.509375 0.208594 0.075000 0.079687
24 0.604688 0.204687 0.081250 0.071875
19 0.699219 0.210938 0.070312 0.084375
3 0.780469 0.207031 0.067187 0.076563
31 0.863281 0.204687 0.073438 0.071875
