8 0.075000 0.086719 0.050000 0.073438
37 0.143750 0.086719 0.068750 0.073438
18 0.227344 0.086719 0.073438 0.073438
10 0.317188 0.089844 0.071875 0.079687
8 0.398438 0.086719 0.053125 0.073438
31 0.478906 0.087500 0.076563 0.075000
25 0.564063 0.087500 0.075000 0.075000
21 0.660156 0.088281 0.079687 0.076563
27 0.749219 0.089844 0.082812 0.079687
36 0.845313 0.086719 0.081250 0.073438
13 0.089063 0.199219 0.078125 0.076563
26 0.192969 0.199219 0.085938 0.076563
2 0.289844 0.196875 0.067187 0.071875
25 0.368750 0.198437 0.075000 0.075000
18 0.457031 0.199219 0.076563 0.076563
13 0.543750 0.197656 0.075000 0.073438
33 0.626563 0.199219 0.071875 0.076563
0 0.719531 0.199219 0.070312 0.076563
33 0.801562 0.199219 0.071875 0.076563
12 0.887500 0.196875 0.078125 0.071875
16 0.085156 0.306250 0.070312 0.075000
29 0.162500 0.310937 0.050000 0.084375
21 0.242969 0.305469 0.076563 0.073438
11 0.339062 0.308594 0.071875 0.079687
14 0.430469 0.307031 0.073438 0.076563
14 0.525781 0.307031 0.073438 0.076563
