31 0.088281 0.087500 0.076563 0.075000
36 0.189062 0.086719 0.081250 0.073438
17 0.275000 0.086719 0.068750 0.073438
0 0.353906 0.086719 0.067187 0.073438
6 0.437500 0.085938 0.081250 0.071875
18 0.532031 0.086719 0.073438 0.073438
34 0.628125 0.092969 0.078125 0.085938
2 0.721094 0.085938 0.067187 0.071875
22 0.814063 0.086719 0.081250 0.073438
11 0.901563 0.089844 0.071875 0.079687
28 0.091406 0.210938 0.082812 0.087500
20 0.185938 0.210938 0.071875 0.087500
25 0.265625 0.203125 0.071875 0.071875
29 0.350000 0.209375 0.053125 0.084375
27 0.439844 0.207031 0.082812 0.079687
29 0.518750 0.209375 0.053125 0.084375
23 0.596094 0.204687 0.076563 0.075000
21 0.691406 0.203906 0.076563 0.073438
25 0.787500 0.203125 0.071875 0.071875
30 0.868750 0.204687 0.068750 0.075000
23 0.086719 0.321875 0.073438 0.071875
25 0.178125 0.321875 0.071875 0.071875
6 0.268750 0.323437 0.084375 0.075000
28 0.367969 0.331250 0.085938 0.090625
15 0.460156 0.330469 0.067187 0.089063
0 0.539844 0.322656 0.067187 0.073438
20 0.620313 0.328125 0.071875 0.084375
17 0.701562 0.322656 0.068750 0.073438
