0 0.085156 0.088281 0.070312 0.076563
17 0.167187 0.086719 0.068750 0.073438
23 0.260156 0.087500 0.076563 0.075000
21 0.347656 0.086719 0.076563 0.073438
37 0.439063 0.086719 0.068750 0.073438
4 0.522656 0.088281 0.067187 0.076563
21 0.608594 0.088281 0.079687 0.076563
14 0.702344 0.088281 0.073438 0.076563
1 0.794531 0.090625 0.082812 0.081250
34 0.895312 0.092969 0.078125 0.085938
19 0.086719 0.210938 0.073438 0.087500
2 0.164844 0.203125 0.067187 0.071875
31 0.247656 0.204687 0.076563 0.075000
4 0.333594 0.205469 0.067187 0.076563
36 0.428125 0.203906 0.081250 0.073438
17 0.510938 0.203906 0.068750 0.073438
19 0.596094 0.209375 0.070312 0.084375
27 0.686719 0.207031 0.082812 0.079687
24 0.784375 0.203125 0.081250 0.071875
26 0.880469 0.205469 0.085938 0.076563
27 0.091406 0.325781 0.082812 0.079687
18 0.180469 0.324219 0.076563 0.076563
35 0.271094 0.322656 0.089063 0.073438
24 0.376563 0.321875 0.081250 0.071875
18 0.469531 0.324219 0.076563 0.076563
24 0.564063 0.323437 0.081250 0.075000
32 0.649219 0.322656 0.067187 0.073438
25 0.728125 0.321875 0.071875 0.071875
19 0.810156 0.328125 0.070312 0.084375
15 0.897656 0.330469 0.070312 0.089063
9 0.084375 0.442188 0.068750 0.071875
30 0.164062 0.443750 0.068750 0.075000
37 0.254688 0.442969 0.068750 0.073438
15 0.332031 0.450781 0.067187 0.089063
