15 0.083594 0.094531 0.067187 0.089063
17 0.159375 0.086719 0.068750 0.073438
20 0.245312 0.093750 0.075000 0.087500
5 0.332813 0.087500 0.081250 0.075000
28 0.430469 0.095312 0.089063 0.090625
21 0.533594 0.088281 0.079687 0.076563
32 0.619531 0.088281 0.070312 0.076563
2 0.697656 0.087500 0.070312 0.075000
8 0.770312 0.086719 0.053125 0.073438
21 0.857031 0.088281 0.079687 0.076563
25 0.085938 0.207813 0.071875 0.071875
35 0.174219 0.208594 0.089063 0.073438
22 0.275000 0.210156 0.084375 0.076563
27 0.367969 0.213281 0.085938 0.082812
29 0.454688 0.215625 0.053125 0.087500
7 0.530469 0.209375 0.076563 0.075000
34 0.623437 0.213281 0.075000 0.082812
20 0.709375 0.214062 0.068750 0.084375
16 0.788281 0.207813 0.067187 0.071875
31 0.874219 0.207813 0.073438 0.071875
10 0.089063 0.332031 0.078125 0.082812
14 0.178906 0.327344 0.070312 0.073438
