18 0.086719 0.086719 0.073438 0.073438
25 0.179688 0.085938 0.071875 0.071875
20 0.265625 0.092188 0.068750 0.084375
1 0.352344 0.089063 0.079687 0.078125
29 0.428125 0.092188 0.050000 0.084375
2 0.496094 0.085938 0.067187 0.071875
16 0.574219 0.087500 0.070312 0.075000
36 0.659375 0.086719 0.081250 0.073438
10 0.746875 0.089844 0.071875 0.079687
13 0.829688 0.086719 0.075000 0.073438
18 0.086719 0.202344 0.073438 0.073438
10 0.175000 0.205469 0.071875 0.079687
13 0.260937 0.203906 0.078125 0.076563
34 0.351562 0.207031 0.075000 0.082812
8 0.431250 0.202344 0.053125 0.073438
23 0.503906 0.203125 0.076563 0.075000
37 0.589063 0.202344 0.068750 0.073438
30 0.667188 0.203125 0.068750 0.075000
13 0.760938 0.203906 0.078125 0.076563
27 0.861719 0.205469 0.082812 0.079687
16 0.083594 0.315625 0.067187 0.071875
12 0.178125 0.315625 0.078125 0.071875
23 0.277344 0.317188 0.076563 0.075000
17 0.373437 0.317969 0.071875 0.076563
27 0.458594 0.319531 0.082812 0.079687
23 0.552344 0.317188 0.073438 0.075000
20 0.635938 0.321875 0.071875 0.084375
37 0.721875 0.316406 0.068750 0.073438
16 0.799219 0.317188 0.070312 0.075000
20 0.884375 0.321875 0.068750 0.084375
10 0.085938 0.435156 0.071875 0.079687
33 0.168750 0.433594 0.071875 0.076563
