32 0.083594 0.086719 0.067187 0.073438
15 0.172656 0.096094 0.070312 0.092188
22 0.268750 0.088281 0.081250 0.076563
13 0.364063 0.088281 0.078125 0.076563
19 0.453906 0.092188 0.073438 0.084375
17 0.543750 0.088281 0.071875 0.076563
16 0.635156 0.085938 0.067187 0.071875
23 0.717969 0.085938 0.073438 0.071875
15 0.802344 0.094531 0.070312 0.089063
20 0.887500 0.092188 0.068750 0.084375
20 0.084375 0.215625 0.068750 0.084375
27 0.175781 0.214844 0.085938 0.082812
6 0.282813 0.210938 0.084375 0.075000
20 0.373437 0.217188 0.075000 0.087500
18 0.458594 0.210156 0.073438 0.073438
2 0.539844 0.210938 0.070312 0.075000
19 0.619531 0.215625 0.070312 0.084375
12 0.707812 0.209375 0.078125 0.071875
3 0.792969 0.213281 0.070312 0.079687
17 0.871875 0.211719 0.071875 0.076563
30 0.084375 0.329688 0.068750 0.075000
22 0.176563 0.330469 0.084375 0.076563
1 0.277344 0.331250 0.079687 0.078125
17 0.371875 0.328906 0.068750 0.073438
3 0.458594 0.332031 0.070312 0.079687
1 0.549219 0.332813 0.082812 0.081250
17 0.640625 0.330469 0.071875 0.076563
35 0.742969 0.332031 0.092188 0.079687
18 0.841406 0.330469 0.076563 0.076563
8 0.920312 0.328906 0.050000 0.073438
31 0.086719 0.440625 0.073438 0.071875
