9 0.082812 0.085938 0.065625 0.071875
12 0.165625 0.087500 0.081250 0.075000
11 0.259375 0.089844 0.071875 0.079687
37 0.346875 0.086719 0.071875 0.073438
13 0.442188 0.088281 0.078125 0.076563
33 0.531250 0.089844 0.075000 0.079687
13 0.618750 0.086719 0.075000 0.073438
10 0.706250 0.091406 0.075000 0.082812
30 0.784375 0.085938 0.065625 0.071875
12 0.875000 0.085938 0.078125 0.071875
29 0.075000 0.206250 0.050000 0.084375
9 0.151562 0.201563 0.068750 0.075000
3 0.241406 0.202344 0.067187 0.076563
25 0.328125 0.200000 0.071875 0.071875
15 0.410156 0.208594 0.067187 0.089063
6 0.493750 0.201563 0.084375 0.075000
16 0.588281 0.200000 0.067187 0.071875
32 0.675781 0.202344 0.070312 0.076563
0 0.760156 0.200781 0.067187 0.073438
33 0.846875 0.202344 0.071875 0.076563
