33 0.087500 0.088281 0.075000 0.076563
18 0.174219 0.086719 0.073438 0.073438
30 0.259375 0.087500 0.068750 0.075000
32 0.344531 0.086719 0.067187 0.073438
25 0.434375 0.085938 0.071875 0.071875
37 0.518750 0.086719 0.068750 0.073438
26 0.617969 0.089844 0.085938 0.079687
1 0.711719 0.089063 0.079687 0.078125
8 0.785937 0.086719 0.050000 0.073438
16 0.866406 0.087500 0.070312 0.075000
7 0.086719 0.196875 0.073438 0.071875
13 0.181250 0.199219 0.078125 0.076563
37 0.270313 0.199219 0.071875 0.076563
36 0.365625 0.200781 0.084375 0.079687
35 0.469531 0.199219 0.092188 0.076563
8 0.562500 0.199219 0.053125 0.076563
12 0.640625 0.198437 0.081250 0.075000
37 0.726562 0.199219 0.071875 0.076563
31 0.810156 0.196875 0.073438 0.071875
23 0.894531 0.198437 0.076563 0.075000
