25 0.085938 0.085938 0.071875 0.071875
37 0.171875 0.086719 0.068750 0.073438
13 0.260937 0.088281 0.078125 0.076563
37 0.356250 0.088281 0.071875 0.076563
30 0.437500 0.085938 0.065625 0.071875
8 0.517188 0.086719 0.053125 0.073438
22 0.592187 0.086719 0.081250 0.073438
16 0.677344 0.085938 0.070312 0.071875
14 0.760156 0.086719 0.070312 0.073438
35 0.861719 0.088281 0.092188 0.076563
7 0.088281 0.195312 0.076563 0.075000
22 0.176563 0.196094 0.084375 0.076563
33 0.265625 0.197656 0.075000 0.079687
30 0.346875 0.195312 0.068750 0.075000
19 0.435156 0.201563 0.073438 0.087500
36 0.525000 0.196094 0.084375 0.076563
8 0.603125 0.194531 0.050000 0.073438
0 0.683594 0.194531 0.070312 0.073438
34 0.771875 0.200781 0.081250 0.085938
21 0.860156 0.196094 0.079687 0.076563
24 0.090625 0.312500 0.081250 0.071875
