4 0.083594 0.088281 0.067187 0.076563
23 0.171094 0.087500 0.076563 0.075000
10 0.260937 0.091406 0.075000 0.082812
32 0.350781 0.086719 0.067187 0.073438
23 0.430469 0.085938 0.073438 0.071875
3 0.510156 0.088281 0.067187 0.076563
26 0.603906 0.086719 0.082812 0.073438
19 0.688281 0.092188 0.070312 0.084375
27 0.780469 0.092969 0.089063 0.085938
29 0.868750 0.093750 0.053125 0.087500
30 0.082812 0.204687 0.065625 0.071875
5 0.171875 0.206250 0.081250 0.075000
14 0.264844 0.205469 0.070312 0.073438
26 0.361719 0.205469 0.082812 0.073438
16 0.450781 0.206250 0.070312 0.075000
5 0.542188 0.204687 0.081250 0.071875
8 0.617188 0.205469 0.053125 0.073438
22 0.698438 0.207031 0.084375 0.076563
28 0.802344 0.212500 0.082812 0.087500
10 0.892188 0.210156 0.075000 0.082812
35 0.094531 0.324219 0.089063 0.073438
0 0.183594 0.324219 0.067187 0.073438
20 0.271875 0.331250 0.071875 0.087500
22 0.357812 0.325781 0.084375 0.076563
20 0.445312 0.331250 0.071875 0.087500
10 0.535937 0.328906 0.075000 0.082812
27 0.633594 0.328906 0.085938 0.082812
0 0.733594 0.325781 0.070312 0.076563
23 0.817969 0.323437 0.073438 0.071875
6 0.904687 0.323437 0.081250 0.071875
