0 0.083594 0.086719 0.067187 0.073438
37 0.171875 0.086719 0.068750 0.073438
28 0.258594 0.093750 0.082812 0.087500
21 0.357031 0.088281 0.079687 0.076563
8 0.435937 0.086719 0.050000 0.073438
18 0.510156 0.088281 0.076563 0.076563
35 0.603906 0.088281 0.092188 0.076563
15 0.696094 0.094531 0.067187 0.089063
12 0.785937 0.085938 0.078125 0.071875
23 0.869531 0.085938 0.073438 0.071875
21 0.089844 0.208594 0.079687 0.076563
18 0.178906 0.207031 0.073438 0.073438
8 0.256250 0.207031 0.050000 0.073438
6 0.343750 0.206250 0.081250 0.071875
7 0.441406 0.206250 0.073438 0.071875
37 0.523438 0.207031 0.068750 0.073438
37 0.603125 0.208594 0.071875 0.076563
11 0.685937 0.208594 0.068750 0.076563
5 0.768750 0.206250 0.081250 0.071875
31 0.867969 0.206250 0.073438 0.071875
32 0.083594 0.314844 0.067187 0.073438
