37 0.085938 0.088281 0.071875 0.076563
36 0.171875 0.086719 0.081250 0.073438
33 0.264062 0.089844 0.075000 0.079687
33 0.346875 0.088281 0.071875 0.076563
32 0.427344 0.086719 0.067187 0.073438
5 0.521875 0.085938 0.081250 0.071875
23 0.614844 0.087500 0.076563 0.075000
21 0.703906 0.086719 0.076563 0.073438
18 0.796094 0.086719 0.073438 0.073438
1 0.882031 0.090625 0.082812 0.081250
1 0.089844 0.201563 0.079687 0.078125
30 0.178125 0.198437 0.065625 0.071875
17 0.256250 0.200781 0.071875 0.076563
35 0.358594 0.199219 0.089063 0.073438
8 0.442188 0.199219 0.050000 0.073438
9 0.518750 0.198437 0.065625 0.071875
24 0.614062 0.198437 0.081250 0.071875
8 0.690625 0.199219 0.053125 0.073438
12 0.776563 0.200000 0.081250 0.075000
23 0.867969 0.200000 0.076563 0.075000
30 0.084375 0.309375 0.068750 0.075000
