33 0.085938 0.088281 0.071875 0.076563
31 0.178906 0.087500 0.076563 0.075000
13 0.265625 0.088281 0.078125 0.076563
13 0.351562 0.088281 0.078125 0.076563
22 0.439063 0.086719 0.081250 0.073438
33 0.537500 0.089844 0.075000 0.079687
22 0.635938 0.086719 0.081250 0.073438
34 0.731250 0.091406 0.075000 0.082812
3 0.814844 0.088281 0.067187 0.076563
3 0.896094 0.088281 0.067187 0.076563
23 0.088281 0.201563 0.076563 0.075000
27 0.189844 0.205469 0.085938 0.082812
19 0.286719 0.207813 0.076563 0.087500
0 0.380469 0.200781 0.067187 0.073438
10 0.459375 0.203906 0.071875 0.079687
25 0.543750 0.200000 0.071875 0.071875
4 0.636719 0.202344 0.070312 0.076563
16 0.719531 0.200000 0.070312 0.071875
27 0.817969 0.205469 0.085938 0.082812
22 0.092188 0.321094 0.084375 0.076563
31 0.186719 0.320312 0.076563 0.075000
28 0.283594 0.328125 0.085938 0.090625
28 0.375781 0.326562 0.082812 0.087500
18 0.464844 0.319531 0.073438 0.073438
4 0.552344 0.322656 0.070312 0.079687
36 0.642188 0.321094 0.084375 0.076563
10 0.737500 0.322656 0.071875 0.079687
13 0.820312 0.321094 0.078125 0.076563
33 0.914062 0.321094 0.071875 0.076563
