20 0.087500 0.093750 0.075000 0.087500
31 0.183594 0.087500 0.076563 0.075000
24 0.285938 0.087500 0.084375 0.075000
29 0.375000 0.093750 0.056250 0.087500
2 0.446094 0.087500 0.070312 0.075000
20 0.537500 0.092188 0.071875 0.084375
20 0.623437 0.093750 0.075000 0.087500
14 0.708594 0.088281 0.073438 0.076563
24 0.806250 0.085938 0.081250 0.071875
33 0.896875 0.088281 0.071875 0.076563
1 0.091406 0.209375 0.082812 0.081250
30 0.176563 0.206250 0.068750 0.075000
27 0.263281 0.210156 0.085938 0.082812
23 0.364844 0.206250 0.076563 0.075000
37 0.445312 0.205469 0.068750 0.073438
31 0.536719 0.206250 0.076563 0.075000
13 0.634375 0.207031 0.078125 0.076563
17 0.723437 0.205469 0.071875 0.073438
5 0.814063 0.206250 0.084375 0.075000
2 0.907031 0.204687 0.067187 0.071875
15 0.085156 0.327344 0.070312 0.089063
18 0.178906 0.321094 0.076563 0.076563
29 0.256250 0.325000 0.050000 0.084375
31 0.325781 0.318750 0.073438 0.071875
26 0.424219 0.319531 0.082812 0.073438
20 0.520312 0.326562 0.075000 0.087500
17 0.610938 0.319531 0.071875 0.073438
5 0.696875 0.320312 0.084375 0.075000
13 0.790625 0.321094 0.078125 0.076563
28 0.888281 0.326562 0.082812 0.087500
33 0.087500 0.442969 0.075000 0.079687
27 0.175781 0.442969 0.082812 0.079687
32 0.266406 0.439844 0.067187 0.073438
12 0.359375 0.440625 0.081250 0.075000
