36 0.092188 0.088281 0.084375 0.076563
25 0.189062 0.087500 0.075000 0.075000
31 0.275781 0.085938 0.073438 0.071875
16 0.361719 0.087500 0.070312 0.075000
26 0.455469 0.088281 0.085938 0.076563
2 0.552344 0.085938 0.067187 0.071875
2 0.632031 0.085938 0.067187 0.071875
1 0.722656 0.089063 0.079687 0.078125
10 0.817187 0.091406 0.075000 0.082812
22 0.090625 0.200781 0.081250 0.073438
11 0.181250 0.202344 0.068750 0.076563
6 0.273438 0.200000 0.081250 0.071875
11 0.371875 0.203906 0.071875 0.079687
26 0.464844 0.200781 0.082812 0.073438
20 0.562500 0.206250 0.068750 0.084375
25 0.654687 0.201563 0.075000 0.075000
29 0.726562 0.206250 0.053125 0.084375
23 0.802344 0.200000 0.073438 0.071875
0 0.880469 0.200781 0.067187 0.073438
7 0.086719 0.315625 0.073438 0.071875
3 0.174219 0.317969 0.067187 0.076563
14 0.266406 0.316406 0.073438 0.073438
6 0.365625 0.315625 0.081250 0.071875
8 0.446875 0.316406 0.050000 0.073438
