19 0.085156 0.092188 0.070312 0.084375
20 0.178125 0.093750 0.071875 0.087500
34 0.262500 0.092969 0.078125 0.085938
10 0.350000 0.089844 0.071875 0.079687
15 0.439844 0.096094 0.070312 0.092188
34 0.528125 0.092969 0.078125 0.085938
29 0.615625 0.092188 0.053125 0.084375
15 0.688281 0.094531 0.070312 0.089063
4 0.766406 0.088281 0.067187 0.076563
17 0.856250 0.088281 0.071875 0.076563
19 0.085156 0.215625 0.070312 0.084375
11 0.171875 0.211719 0.068750 0.076563
11 0.259375 0.213281 0.071875 0.079687
23 0.353906 0.209375 0.073438 0.071875
6 0.440625 0.209375 0.081250 0.071875
7 0.536719 0.210938 0.076563 0.075000
0 0.627344 0.211719 0.070312 0.076563
32 0.703906 0.210156 0.067187 0.073438
8 0.776563 0.210156 0.053125 0.073438
35 0.867969 0.213281 0.092188 0.079687
17 0.084375 0.325781 0.068750 0.073438
36 0.181250 0.327344 0.084375 0.076563
16 0.280469 0.326562 0.070312 0.075000
12 0.370312 0.326562 0.078125 0.075000
34 0.465625 0.332031 0.078125 0.085938
3 0.553906 0.328906 0.070312 0.079687
26 0.646094 0.327344 0.085938 0.076563
8 0.737500 0.325781 0.053125 0.073438
37 0.814063 0.327344 0.071875 0.076563
9 0.893750 0.325000 0.065625 0.071875
11 0.085938 0.446094 0.071875 0.079687
32 0.166406 0.444531 0.070312 0.076563
16 0.249219 0.442188 0.067187 0.071875
