1 0.091406 0.090625 0.082812 0.081250
29 0.173437 0.092188 0.050000 0.084375
8 0.242188 0.086719 0.050000 0.073438
34 0.325000 0.092969 0.078125 0.085938
25 0.412500 0.085938 0.071875 0.071875
31 0.502344 0.087500 0.076563 0.075000
4 0.585156 0.088281 0.067187 0.076563
28 0.680469 0.093750 0.082812 0.087500
25 0.773438 0.087500 0.075000 0.075000
2 0.853906 0.087500 0.070312 0.075000
19 0.088281 0.212500 0.076563 0.087500
6 0.181250 0.204687 0.081250 0.071875
36 0.276562 0.207031 0.084375 0.076563
34 0.375000 0.210156 0.075000 0.082812
16 0.464844 0.204687 0.067187 0.071875
30 0.546875 0.204687 0.068750 0.071875
10 0.640625 0.210156 0.075000 0.082812
13 0.725000 0.205469 0.075000 0.073438
17 0.814063 0.205469 0.068750 0.073438
7 0.896094 0.204687 0.073438 0.071875
34 0.089063 0.330469 0.078125 0.085938
15 0.177344 0.332031 0.067187 0.089063
19 0.261719 0.329688 0.070312 0.084375
26 0.353906 0.324219 0.082812 0.073438
19 0.446094 0.331250 0.073438 0.087500
4 0.538281 0.327344 0.070312 0.079687
6 0.635938 0.325000 0.084375 0.075000
