28 0.092969 0.095312 0.085938 0.090625
13 0.182812 0.088281 0.078125 0.076563
6 0.271875 0.085938 0.081250 0.071875
18 0.363281 0.088281 0.076563 0.076563
21 0.458594 0.088281 0.079687 0.076563
37 0.545312 0.086719 0.068750 0.073438
36 0.635938 0.086719 0.081250 0.073438
37 0.728125 0.088281 0.071875 0.076563
13 0.821875 0.086719 0.075000 0.073438
35 0.094531 0.208594 0.089063 0.073438
6 0.190625 0.207813 0.081250 0.071875
21 0.282031 0.210156 0.079687 0.076563
21 0.372656 0.210156 0.079687 0.076563
13 0.468750 0.210156 0.078125 0.076563
29 0.554688 0.214062 0.053125 0.084375
17 0.634375 0.210156 0.071875 0.076563
8 0.704688 0.210156 0.053125 0.076563
37 0.784375 0.208594 0.068750 0.073438
24 0.868750 0.209375 0.081250 0.075000
30 0.082812 0.323437 0.065625 0.071875
14 0.169531 0.324219 0.073438 0.073438
14 0.263281 0.324219 0.070312 0.073438
15 0.342969 0.333594 0.070312 0.092188
23 0.435156 0.323437 0.073438 0.071875
12 0.532813 0.325000 0.081250 0.075000
3 0.619531 0.325781 0.070312 0.076563
