35 0.094531 0.086719 0.089063 0.073438
33 0.184375 0.089844 0.075000 0.079687
13 0.270313 0.086719 0.075000 0.073438
21 0.364844 0.086719 0.076563 0.073438
15 0.453906 0.094531 0.067187 0.089063
27 0.547656 0.089844 0.082812 0.079687
19 0.644531 0.093750 0.073438 0.087500
25 0.729688 0.087500 0.075000 0.075000
37 0.818750 0.086719 0.068750 0.073438
3 0.907031 0.089844 0.070312 0.079687
14 0.085156 0.207031 0.070312 0.073438
24 0.176563 0.207813 0.084375 0.075000
13 0.264062 0.207031 0.075000 0.073438
35 0.367969 0.210156 0.092188 0.079687
8 0.446875 0.207031 0.050000 0.073438
36 0.532813 0.207031 0.081250 0.073438
29 0.610938 0.212500 0.050000 0.084375
9 0.678125 0.206250 0.065625 0.071875
7 0.760156 0.206250 0.073438 0.071875
4 0.849219 0.210156 0.070312 0.079687
6 0.090625 0.321875 0.081250 0.071875
15 0.183594 0.330469 0.067187 0.089063
34 0.275000 0.327344 0.075000 0.082812
15 0.363281 0.330469 0.067187 0.089063
5 0.459375 0.321875 0.081250 0.071875
17 0.556250 0.324219 0.071875 0.076563
35 0.653906 0.322656 0.089063 0.073438
27 0.749219 0.327344 0.085938 0.082812
25 0.837500 0.323437 0.075000 0.075000
21 0.088281 0.442969 0.076563 0.073438
