10 0.087500 0.091406 0.075000 0.082812
1 0.182031 0.090625 0.082812 0.081250
37 0.275000 0.086719 0.068750 0.073438
23 0.364844 0.087500 0.076563 0.075000
36 0.464062 0.088281 0.084375 0.076563
34 0.554688 0.091406 0.075000 0.082812
36 0.651563 0.088281 0.084375 0.076563
4 0.746094 0.088281 0.067187 0.076563
35 0.839844 0.086719 0.089063 0.073438
7 0.086719 0.200000 0.073438 0.071875
18 0.178906 0.202344 0.076563 0.076563
18 0.261719 0.200781 0.073438 0.073438
30 0.346875 0.200000 0.065625 0.071875
21 0.430469 0.202344 0.079687 0.076563
29 0.518750 0.206250 0.053125 0.084375
8 0.587500 0.200781 0.050000 0.073438
21 0.667969 0.200781 0.076563 0.073438
19 0.761719 0.206250 0.070312 0.084375
29 0.839063 0.206250 0.053125 0.084375
21 0.088281 0.316406 0.076563 0.073438
6 0.187500 0.315625 0.081250 0.071875
2 0.278906 0.315625 0.067187 0.071875
20 0.356250 0.321875 0.068750 0.084375
2 0.446094 0.317188 0.070312 0.075000
37 0.525000 0.316406 0.068750 0.073438
6 0.621875 0.315625 0.081250 0.071875
33 0.707812 0.319531 0.075000 0.079687
8 0.779687 0.316406 0.050000 0.073438
6 0.857812 0.315625 0.081250 0.071875
18 0.088281 0.433594 0.076563 0.076563
12 0.182812 0.431250 0.078125 0.071875
