16 0.083594 0.085938 0.067187 0.071875
17 0.160938 0.088281 0.071875 0.076563
24 0.253125 0.087500 0.084375 0.075000
16 0.341406 0.085938 0.067187 0.071875
28 0.433594 0.095312 0.089063 0.090625
4 0.530469 0.088281 0.067187 0.076563
37 0.610938 0.088281 0.071875 0.076563
27 0.703906 0.089844 0.082812 0.079687
36 0.804688 0.088281 0.084375 0.076563
37 0.901563 0.088281 0.071875 0.076563
31 0.088281 0.209375 0.076563 0.075000
30 0.178125 0.207813 0.065625 0.071875
25 0.264062 0.209375 0.075000 0.075000
7 0.357031 0.207813 0.073438 0.071875
1 0.450781 0.214062 0.082812 0.084375
26 0.550781 0.210156 0.085938 0.076563
25 0.640625 0.207813 0.071875 0.071875
25 0.728125 0.207813 0.071875 0.071875
34 0.817187 0.214844 0.078125 0.085938
21 0.089844 0.327344 0.079687 0.076563
17 0.176563 0.327344 0.071875 0.076563
3 0.258594 0.327344 0.067187 0.076563
14 0.336719 0.325781 0.070312 0.073438
15 0.424219 0.335156 0.070312 0.092188
24 0.518750 0.325000 0.081250 0.071875
37 0.612500 0.325781 0.068750 0.073438
