3 0.085156 0.089844 0.070312 0.079687
25 0.175000 0.087500 0.075000 0.075000
5 0.264062 0.087500 0.084375 0.075000
3 0.358594 0.089844 0.070312 0.079687
3 0.436719 0.089844 0.070312 0.079687
8 0.510938 0.088281 0.053125 0.076563
8 0.584375 0.088281 0.053125 0.076563
34 0.665625 0.092969 0.078125 0.085938
0 0.755469 0.086719 0.067187 0.073438
17 0.842187 0.088281 0.071875 0.076563
22 0.090625 0.203906 0.081250 0.073438
6 0.189062 0.206250 0.084375 0.078125
27 0.296094 0.208594 0.085938 0.082812
22 0.400000 0.205469 0.084375 0.076563
1 0.499219 0.206250 0.079687 0.078125
36 0.587500 0.203906 0.081250 0.073438
4 0.682031 0.205469 0.067187 0.076563
9 0.765625 0.204687 0.068750 0.075000
32 0.857031 0.205469 0.070312 0.076563
12 0.090625 0.318750 0.081250 0.075000
35 0.199219 0.321094 0.092188 0.079687
14 0.296094 0.319531 0.073438 0.076563
1 0.386719 0.321875 0.082812 0.081250
22 0.482812 0.317969 0.081250 0.073438
2 0.575781 0.318750 0.070312 0.075000
28 0.672656 0.326562 0.085938 0.090625
15 0.774219 0.327344 0.073438 0.092188
5 0.859375 0.317188 0.081250 0.071875
0 0.083594 0.441406 0.067187 0.073438
8 0.164062 0.442969 0.053125 0.076563
14 0.238281 0.442969 0.073438 0.076563
11 0.318750 0.442969 0.068750 0.076563
