37 0.085938 0.088281 0.071875 0.076563
4 0.167969 0.088281 0.067187 0.076563
19 0.252344 0.092188 0.070312 0.084375
10 0.346875 0.091406 0.075000 0.082812
28 0.449219 0.095312 0.089063 0.090625
8 0.537500 0.086719 0.050000 0.073438
37 0.614062 0.086719 0.068750 0.073438
8 0.693750 0.086719 0.050000 0.073438
12 0.767188 0.085938 0.078125 0.071875
35 0.861719 0.088281 0.092188 0.076563
5 0.092188 0.209375 0.084375 0.075000
16 0.182031 0.207813 0.067187 0.071875
4 0.269531 0.210156 0.067187 0.076563
23 0.355469 0.209375 0.076563 0.075000
4 0.449219 0.210156 0.067187 0.076563
14 0.538281 0.210156 0.073438 0.076563
19 0.625781 0.215625 0.073438 0.087500
24 0.710938 0.207813 0.081250 0.071875
4 0.794531 0.211719 0.070312 0.079687
11 0.875000 0.211719 0.071875 0.079687
27 0.092969 0.332031 0.085938 0.082812
2 0.182031 0.326562 0.067187 0.071875
24 0.268750 0.326562 0.081250 0.071875
2 0.353906 0.326562 0.067187 0.071875
20 0.442188 0.334375 0.071875 0.087500
11 0.523438 0.328906 0.068750 0.076563
36 0.615625 0.328906 0.084375 0.076563
11 0.714063 0.328906 0.071875 0.076563
