28 0.092969 0.095312 0.085938 0.090625
34 0.187500 0.092969 0.078125 0.085938
7 0.285156 0.085938 0.073438 0.071875
34 0.381250 0.092969 0.078125 0.085938
2 0.474219 0.085938 0.067187 0.071875
0 0.552344 0.088281 0.070312 0.076563
28 0.649219 0.093750 0.082812 0.087500
14 0.739844 0.086719 0.070312 0.073438
23 0.832031 0.087500 0.076563 0.075000
33 0.087500 0.211719 0.075000 0.079687
34 0.171875 0.214844 0.078125 0.085938
17 0.264062 0.208594 0.068750 0.073438
15 0.346094 0.217969 0.073438 0.092188
4 0.428906 0.210156 0.067187 0.076563
6 0.518750 0.209375 0.084375 0.075000
33 0.606250 0.211719 0.075000 0.079687
33 0.687500 0.210156 0.071875 0.076563
3 0.766406 0.210156 0.067187 0.076563
23 0.853906 0.207813 0.073438 0.071875
7 0.088281 0.332813 0.076563 0.075000
