11 0.085938 0.089844 0.071875 0.079687
7 0.175781 0.085938 0.073438 0.071875
21 0.260156 0.088281 0.079687 0.076563
23 0.357031 0.085938 0.073438 0.071875
28 0.446094 0.093750 0.082812 0.087500
36 0.545312 0.088281 0.081250 0.076563
29 0.628125 0.092188 0.050000 0.084375
0 0.708594 0.088281 0.070312 0.076563
5 0.800000 0.089063 0.084375 0.078125
28 0.899219 0.095312 0.085938 0.090625
16 0.085156 0.209375 0.070312 0.075000
12 0.176563 0.209375 0.081250 0.075000
14 0.266406 0.210156 0.073438 0.076563
19 0.349219 0.215625 0.073438 0.087500
11 0.435937 0.211719 0.071875 0.079687
31 0.532031 0.209375 0.076563 0.075000
7 0.617969 0.207813 0.073438 0.071875
4 0.705469 0.211719 0.070312 0.079687
2 0.789844 0.207813 0.067187 0.071875
32 0.875781 0.210156 0.070312 0.076563
14 0.086719 0.328906 0.073438 0.076563
27 0.178906 0.332031 0.085938 0.082812
16 0.267969 0.326562 0.067187 0.071875
29 0.343750 0.332813 0.053125 0.084375
17 0.415625 0.327344 0.068750 0.073438
14 0.500781 0.327344 0.070312 0.073438
23 0.585156 0.326562 0.073438 0.071875
0 0.674219 0.328906 0.070312 0.076563
9 0.756250 0.326562 0.065625 0.071875
