1 0.091406 0.090625 0.082812 0.081250
25 0.184375 0.087500 0.075000 0.075000
3 0.264844 0.088281 0.067187 0.076563
16 0.346094 0.085938 0.070312 0.071875
0 0.433594 0.088281 0.070312 0.076563
3 0.514844 0.089844 0.070312 0.079687
12 0.610938 0.085938 0.078125 0.071875
9 0.696875 0.087500 0.068750 0.075000
11 0.782813 0.088281 0.068750 0.076563
32 0.866406 0.086719 0.067187 0.073438
7 0.088281 0.200000 0.076563 0.075000
32 0.172656 0.200781 0.070312 0.076563
1 0.266406 0.201563 0.079687 0.078125
21 0.361719 0.200781 0.079687 0.076563
9 0.446875 0.200000 0.068750 0.075000
23 0.525781 0.198437 0.073438 0.071875
12 0.625000 0.200000 0.081250 0.075000
27 0.722656 0.203906 0.085938 0.082812
14 0.822656 0.199219 0.070312 0.073438
34 0.909375 0.205469 0.078125 0.085938
0 0.083594 0.316406 0.067187 0.073438
28 0.166406 0.323437 0.082812 0.087500
3 0.253906 0.317969 0.070312 0.076563
33 0.339062 0.317969 0.071875 0.076563
31 0.421094 0.317188 0.076563 0.075000
5 0.515625 0.315625 0.081250 0.071875
25 0.604688 0.317188 0.075000 0.075000
9 0.692187 0.315625 0.065625 0.071875
15 0.777344 0.325781 0.070312 0.092188
29 0.850000 0.321875 0.053125 0.084375
22 0.090625 0.439844 0.081250 0.073438
7 0.191406 0.440625 0.076563 0.075000
35 0.294531 0.439844 0.089063 0.073438
