7 0.086719 0.085938 0.073438 0.071875
32 0.171094 0.086719 0.067187 0.073438
18 0.253906 0.088281 0.076563 0.076563
13 0.342187 0.088281 0.078125 0.076563
29 0.425000 0.093750 0.053125 0.087500
6 0.503125 0.085938 0.081250 0.071875
10 0.601562 0.089844 0.071875 0.079687
29 0.670312 0.092188 0.050000 0.084375
29 0.734375 0.092188 0.053125 0.084375
0 0.808594 0.086719 0.067187 0.073438
37 0.884375 0.086719 0.068750 0.073438
0 0.083594 0.205469 0.067187 0.073438
22 0.175000 0.207031 0.081250 0.076563
17 0.262500 0.205469 0.068750 0.073438
30 0.350000 0.206250 0.068750 0.075000
19 0.433594 0.212500 0.073438 0.087500
0 0.521094 0.207031 0.070312 0.076563
8 0.589063 0.205469 0.050000 0.073438
10 0.660937 0.210156 0.075000 0.082812
34 0.746875 0.210156 0.075000 0.082812
0 0.828906 0.207031 0.070312 0.076563
21 0.911719 0.205469 0.076563 0.073438
33 0.087500 0.327344 0.075000 0.079687
