13 0.087500 0.088281 0.075000 0.076563
21 0.171094 0.086719 0.076563 0.073438
37 0.264062 0.086719 0.068750 0.073438
19 0.346094 0.093750 0.073438 0.087500
23 0.439844 0.085938 0.073438 0.071875
29 0.517188 0.092188 0.053125 0.084375
9 0.598437 0.085938 0.065625 0.071875
9 0.684375 0.085938 0.065625 0.071875
2 0.772656 0.085938 0.070312 0.071875
22 0.867188 0.086719 0.081250 0.073438
31 0.086719 0.204687 0.073438 0.071875
6 0.182812 0.206250 0.084375 0.075000
9 0.265625 0.204687 0.065625 0.071875
3 0.341406 0.207031 0.067187 0.076563
35 0.439844 0.207031 0.092188 0.076563
3 0.538281 0.207031 0.070312 0.076563
29 0.620313 0.210938 0.053125 0.084375
6 0.704688 0.204687 0.081250 0.071875
20 0.789062 0.210938 0.068750 0.084375
31 0.875781 0.206250 0.076563 0.075000
36 0.090625 0.321094 0.081250 0.073438
19 0.183594 0.328125 0.076563 0.087500
1 0.275781 0.323437 0.079687 0.078125
21 0.367969 0.321094 0.076563 0.073438
34 0.465625 0.325781 0.075000 0.082812
16 0.547656 0.321875 0.070312 0.075000
13 0.629687 0.321094 0.075000 0.073438
32 0.721094 0.322656 0.070312 0.076563
17 0.812500 0.321094 0.068750 0.073438
8 0.890625 0.321094 0.053125 0.073438
15 0.085156 0.449219 0.070312 0.092188
16 0.177344 0.440625 0.070312 0.075000
17 0.259375 0.441406 0.071875 0.076563
4 0.346094 0.442969 0.070312 0.079687
