11 0.084375 0.088281 0.068750 0.076563
12 0.179688 0.087500 0.081250 0.075000
33 0.271875 0.088281 0.071875 0.076563
9 0.362500 0.087500 0.068750 0.075000
35 0.453906 0.086719 0.089063 0.073438
18 0.550781 0.086719 0.073438 0.073438
26 0.650781 0.086719 0.082812 0.073438
17 0.737500 0.086719 0.068750 0.073438
24 0.832812 0.085938 0.081250 0.071875
17 0.085938 0.196094 0.071875 0.076563
24 0.171875 0.195312 0.084375 0.075000
0 0.267969 0.196094 0.070312 0.076563
4 0.349219 0.196094 0.067187 0.076563
8 0.428125 0.196094 0.053125 0.076563
4 0.497656 0.196094 0.067187 0.076563
2 0.586719 0.195312 0.070312 0.075000
35 0.677344 0.194531 0.089063 0.073438
9 0.775000 0.193750 0.065625 0.071875
7 0.855469 0.195312 0.076563 0.075000
4 0.083594 0.303906 0.067187 0.076563
3 0.174219 0.305469 0.070312 0.079687
16 0.263281 0.301563 0.067187 0.071875
