24 0.092188 0.087500 0.084375 0.075000
23 0.183594 0.085938 0.073438 0.071875
33 0.275000 0.089844 0.075000 0.079687
19 0.369531 0.092188 0.070312 0.084375
16 0.450781 0.085938 0.067187 0.071875
9 0.539062 0.085938 0.065625 0.071875
27 0.636719 0.091406 0.085938 0.082812
11 0.723437 0.088281 0.068750 0.076563
19 0.810156 0.093750 0.073438 0.087500
21 0.899219 0.088281 0.079687 0.076563
0 0.085156 0.207031 0.070312 0.076563
11 0.171875 0.207031 0.068750 0.076563
37 0.260937 0.207031 0.071875 0.076563
31 0.347656 0.206250 0.076563 0.075000
36 0.437500 0.207031 0.084375 0.076563
13 0.531250 0.205469 0.075000 0.073438
28 0.622656 0.214062 0.085938 0.090625
14 0.714844 0.205469 0.070312 0.073438
22 0.801562 0.205469 0.081250 0.073438
3 0.883594 0.207031 0.067187 0.076563
3 0.085156 0.330469 0.070312 0.079687
31 0.178906 0.326562 0.073438 0.071875
2 0.257031 0.326562 0.067187 0.071875
6 0.346875 0.328125 0.084375 0.075000
33 0.435937 0.328906 0.071875 0.076563
19 0.524219 0.334375 0.076563 0.087500
31 0.607031 0.326562 0.073438 0.071875
15 0.691406 0.335156 0.070312 0.089063
19 0.772656 0.332813 0.070312 0.084375
16 0.855469 0.326562 0.067187 0.071875
12 0.089063 0.446875 0.078125 0.071875
15 0.174219 0.455469 0.067187 0.089063
3 0.250781 0.449219 0.067187 0.076563
30 0.339062 0.446875 0.065625 0.071875
