6 0.092188 0.087500 0.084375 0.075000
7 0.183594 0.085938 0.073438 0.071875
36 0.275000 0.086719 0.081250 0.073438
17 0.373437 0.088281 0.071875 0.076563
14 0.460156 0.086719 0.070312 0.073438
3 0.549219 0.088281 0.067187 0.076563
0 0.638281 0.088281 0.070312 0.076563
11 0.717187 0.089844 0.071875 0.079687
8 0.787500 0.086719 0.053125 0.073438
22 0.865625 0.088281 0.084375 0.076563
28 0.091406 0.204687 0.082812 0.087500
33 0.189062 0.199219 0.071875 0.076563
16 0.272656 0.198437 0.070312 0.075000
26 0.358594 0.197656 0.082812 0.073438
7 0.450781 0.198437 0.076563 0.075000
4 0.535156 0.199219 0.067187 0.076563
3 0.614844 0.200781 0.070312 0.079687
21 0.707031 0.197656 0.076563 0.073438
34 0.798438 0.202344 0.075000 0.082812
3 0.882031 0.199219 0.067187 0.076563
29 0.075000 0.321875 0.050000 0.084375
34 0.160938 0.322656 0.078125 0.085938
35 0.257031 0.317969 0.092188 0.076563
19 0.349219 0.323437 0.073438 0.087500
0 0.436719 0.317969 0.070312 0.076563
13 0.529687 0.316406 0.075000 0.073438
