26 0.092969 0.088281 0.085938 0.076563
33 0.185938 0.089844 0.075000 0.079687
34 0.275000 0.091406 0.075000 0.082812
31 0.360156 0.085938 0.073438 0.071875
12 0.454688 0.087500 0.081250 0.075000
5 0.554688 0.087500 0.084375 0.075000
21 0.658594 0.088281 0.079687 0.076563
2 0.755469 0.087500 0.070312 0.075000
17 0.839063 0.086719 0.068750 0.073438
36 0.090625 0.200781 0.081250 0.073438
22 0.189062 0.200781 0.081250 0.073438
28 0.283594 0.209375 0.085938 0.090625
9 0.370312 0.200000 0.065625 0.071875
2 0.449219 0.201563 0.070312 0.075000
14 0.530469 0.202344 0.073438 0.076563
28 0.622656 0.207813 0.082812 0.087500
32 0.719531 0.200781 0.067187 0.073438
16 0.803906 0.201563 0.070312 0.075000
30 0.885938 0.200000 0.065625 0.071875
8 0.076563 0.322656 0.053125 0.073438
9 0.146875 0.323437 0.068750 0.075000
29 0.225000 0.328125 0.053125 0.084375
1 0.307031 0.325000 0.079687 0.078125
