32 0.083594 0.086719 0.067187 0.073438
6 0.173437 0.087500 0.084375 0.075000
6 0.270313 0.085938 0.081250 0.071875
11 0.365625 0.088281 0.068750 0.076563
14 0.453906 0.086719 0.070312 0.073438
35 0.542969 0.088281 0.092188 0.076563
4 0.638281 0.089844 0.070312 0.079687
30 0.720313 0.085938 0.065625 0.071875
17 0.807813 0.086719 0.068750 0.073438
16 0.891406 0.085938 0.067187 0.071875
4 0.085156 0.200781 0.070312 0.079687
36 0.176563 0.197656 0.081250 0.073438
9 0.264062 0.196875 0.065625 0.071875
6 0.345313 0.196875 0.081250 0.071875
36 0.435937 0.197656 0.081250 0.073438
20 0.520312 0.203125 0.068750 0.084375
17 0.601562 0.197656 0.068750 0.073438
14 0.685156 0.199219 0.073438 0.076563
36 0.784375 0.197656 0.081250 0.073438
31 0.882031 0.196875 0.073438 0.071875
32 0.083594 0.313281 0.067187 0.073438
17 0.165625 0.314844 0.071875 0.076563
17 0.259375 0.314844 0.071875 0.076563
17 0.339062 0.314844 0.071875 0.076563
25 0.425000 0.312500 0.071875 0.071875
