32 0.085156 0.088281 0.070312 0.076563
34 0.168750 0.092969 0.078125 0.085938
17 0.259375 0.086719 0.068750 0.073438
16 0.342969 0.085938 0.067187 0.071875
26 0.428906 0.086719 0.082812 0.073438
28 0.528906 0.093750 0.082812 0.087500
6 0.625000 0.085938 0.081250 0.071875
34 0.726562 0.092969 0.078125 0.085938
7 0.814844 0.085938 0.073438 0.071875
13 0.904687 0.086719 0.075000 0.073438
27 0.092969 0.210156 0.085938 0.082812
14 0.186719 0.205469 0.070312 0.073438
19 0.271094 0.210938 0.070312 0.084375
8 0.348438 0.207031 0.053125 0.076563
18 0.428906 0.207031 0.076563 0.076563
16 0.516406 0.204687 0.067187 0.071875
27 0.605469 0.208594 0.082812 0.079687
25 0.706250 0.206250 0.075000 0.075000
34 0.796875 0.210156 0.075000 0.082812
24 0.896875 0.206250 0.084375 0.075000
20 0.084375 0.326562 0.068750 0.084375
0 0.160156 0.321094 0.067187 0.073438
31 0.241406 0.320312 0.073438 0.071875
18 0.338281 0.322656 0.076563 0.076563
24 0.439063 0.320312 0.081250 0.071875
9 0.528125 0.321875 0.068750 0.075000
17 0.604688 0.321094 0.068750 0.073438
36 0.698438 0.322656 0.084375 0.076563
27 0.799219 0.324219 0.082812 0.079687
34 0.893750 0.327344 0.078125 0.085938
28 0.091406 0.445312 0.082812 0.087500
31 0.191406 0.437500 0.073438 0.071875
