28 0.091406 0.093750 0.082812 0.087500
11 0.187500 0.088281 0.068750 0.076563
25 0.270313 0.085938 0.071875 0.071875
31 0.363281 0.085938 0.073438 0.071875
14 0.446094 0.086719 0.070312 0.073438
26 0.541406 0.088281 0.085938 0.076563
18 0.633594 0.088281 0.076563 0.076563
10 0.725000 0.091406 0.075000 0.082812
33 0.809375 0.088281 0.071875 0.076563
30 0.900000 0.087500 0.068750 0.075000
1 0.089844 0.207813 0.079687 0.078125
4 0.174219 0.207031 0.067187 0.076563
28 0.271094 0.214062 0.085938 0.090625
29 0.350000 0.210938 0.053125 0.084375
25 0.435937 0.206250 0.075000 0.075000
17 0.520312 0.207031 0.071875 0.076563
23 0.611719 0.204687 0.073438 0.071875
26 0.710156 0.205469 0.082812 0.073438
26 0.805469 0.207031 0.085938 0.076563
18 0.892969 0.205469 0.073438 0.073438
12 0.090625 0.328125 0.081250 0.075000
24 0.193750 0.328125 0.081250 0.075000
22 0.296875 0.328906 0.084375 0.076563
31 0.385156 0.328125 0.076563 0.075000
7 0.482031 0.328125 0.076563 0.075000
22 0.570312 0.327344 0.081250 0.073438
