8 0.075000 0.086719 0.050000 0.073438
5 0.148438 0.085938 0.081250 0.071875
5 0.243750 0.087500 0.084375 0.075000
11 0.339062 0.088281 0.071875 0.076563
30 0.425000 0.087500 0.068750 0.075000
0 0.513281 0.086719 0.067187 0.073438
18 0.596094 0.088281 0.076563 0.076563
14 0.685156 0.088281 0.073438 0.076563
20 0.773438 0.092188 0.068750 0.084375
9 0.848437 0.085938 0.065625 0.071875
10 0.085938 0.205469 0.071875 0.079687
16 0.172656 0.201563 0.067187 0.071875
9 0.259375 0.201563 0.065625 0.071875
34 0.350000 0.207031 0.075000 0.082812
18 0.432031 0.202344 0.073438 0.073438
29 0.507812 0.209375 0.056250 0.087500
20 0.590625 0.207813 0.068750 0.084375
27 0.686719 0.207031 0.085938 0.082812
29 0.773438 0.207813 0.053125 0.084375
15 0.846094 0.210156 0.067187 0.089063
