27 0.091406 0.089844 0.082812 0.079687
3 0.182031 0.089844 0.070312 0.079687
27 0.266406 0.089844 0.082812 0.079687
8 0.351562 0.086719 0.050000 0.073438
9 0.417187 0.085938 0.065625 0.071875
8 0.496875 0.086719 0.050000 0.073438
24 0.584375 0.087500 0.084375 0.075000
21 0.678906 0.086719 0.076563 0.073438
24 0.778125 0.087500 0.084375 0.075000
30 0.875000 0.087500 0.068750 0.075000
24 0.090625 0.196875 0.081250 0.071875
32 0.172656 0.197656 0.067187 0.073438
7 0.252344 0.198437 0.076563 0.075000
31 0.347656 0.196875 0.073438 0.071875
26 0.446094 0.197656 0.082812 0.073438
6 0.537500 0.196875 0.081250 0.071875
3 0.625781 0.200781 0.070312 0.079687
30 0.709375 0.196875 0.065625 0.071875
3 0.786719 0.200781 0.070312 0.079687
26 0.885156 0.199219 0.082812 0.076563
0 0.085156 0.310156 0.070312 0.076563
10 0.175000 0.311719 0.075000 0.079687
