6 0.090625 0.085938 0.081250 0.071875
34 0.179688 0.092969 0.081250 0.085938
31 0.275781 0.085938 0.073438 0.071875
22 0.371875 0.088281 0.084375 0.076563
19 0.464844 0.093750 0.073438 0.087500
19 0.558594 0.093750 0.073438 0.087500
3 0.649219 0.089844 0.070312 0.079687
37 0.742188 0.088281 0.071875 0.076563
3 0.819531 0.088281 0.067187 0.076563
19 0.910156 0.092188 0.070312 0.084375
7 0.088281 0.206250 0.076563 0.075000
29 0.167187 0.210938 0.050000 0.084375
28 0.255469 0.214062 0.085938 0.090625
16 0.347656 0.204687 0.067187 0.071875
9 0.421875 0.204687 0.065625 0.071875
16 0.502344 0.204687 0.067187 0.071875
12 0.589063 0.204687 0.078125 0.071875
27 0.688281 0.210156 0.082812 0.082812
25 0.782813 0.206250 0.075000 0.075000
4 0.867969 0.207031 0.067187 0.076563
10 0.085938 0.330469 0.071875 0.079687
12 0.179688 0.326562 0.078125 0.071875
33 0.271875 0.328906 0.071875 0.076563
32 0.353906 0.328906 0.070312 0.076563
32 0.432031 0.328906 0.070312 0.076563
2 0.510156 0.328125 0.070312 0.075000
11 0.592187 0.330469 0.071875 0.079687
13 0.675000 0.328906 0.078125 0.076563
30 0.754687 0.326562 0.065625 0.071875
37 0.840625 0.327344 0.068750 0.073438
