33 0.085938 0.088281 0.071875 0.076563
20 0.170313 0.093750 0.071875 0.087500
35 0.263281 0.089844 0.092188 0.079687
23 0.358594 0.085938 0.073438 0.071875
13 0.454688 0.086719 0.075000 0.073438
4 0.536719 0.089844 0.070312 0.079687
6 0.625000 0.087500 0.084375 0.075000
26 0.724219 0.086719 0.082812 0.073438
6 0.826562 0.085938 0.081250 0.071875
8 0.903125 0.086719 0.050000 0.073438
36 0.090625 0.207031 0.081250 0.076563
32 0.188281 0.207031 0.070312 0.076563
30 0.271875 0.206250 0.068750 0.075000
14 0.361719 0.205469 0.070312 0.073438
30 0.451562 0.206250 0.068750 0.075000
16 0.535156 0.204687 0.067187 0.071875
29 0.606250 0.210938 0.050000 0.084375
7 0.689844 0.206250 0.076563 0.075000
7 0.775781 0.206250 0.076563 0.075000
14 0.869531 0.205469 0.070312 0.073438
32 0.085156 0.322656 0.070312 0.076563
