22 0.092188 0.088281 0.084375 0.076563
19 0.188281 0.093750 0.073438 0.087500
29 0.265625 0.092188 0.053125 0.084375
35 0.350781 0.086719 0.089063 0.073438
0 0.439844 0.086719 0.067187 0.073438
0 0.522656 0.086719 0.067187 0.073438
24 0.612500 0.085938 0.081250 0.071875
22 0.709375 0.088281 0.081250 0.076563
22 0.809375 0.088281 0.081250 0.076563
0 0.896094 0.086719 0.067187 0.073438
21 0.088281 0.205469 0.076563 0.073438
31 0.183594 0.204687 0.073438 0.071875
28 0.272656 0.214062 0.085938 0.090625
27 0.367969 0.210156 0.085938 0.082812
21 0.461719 0.207031 0.079687 0.076563
31 0.550781 0.204687 0.073438 0.071875
33 0.642188 0.207031 0.071875 0.076563
5 0.728125 0.206250 0.084375 0.075000
0 0.827344 0.207031 0.070312 0.076563
13 0.089063 0.328906 0.078125 0.076563
2 0.180469 0.326562 0.067187 0.071875
5 0.275000 0.328125 0.084375 0.075000
27 0.374219 0.330469 0.082812 0.079687
23 0.471094 0.328125 0.076563 0.075000
33 0.559375 0.330469 0.075000 0.079687
11 0.648438 0.330469 0.071875 0.079687
