13 0.089063 0.088281 0.078125 0.076563
25 0.179688 0.085938 0.071875 0.071875
12 0.264062 0.087500 0.081250 0.075000
2 0.360156 0.085938 0.067187 0.071875
2 0.450781 0.087500 0.070312 0.075000
1 0.549219 0.090625 0.082812 0.081250
29 0.631250 0.092188 0.050000 0.084375
11 0.703125 0.088281 0.068750 0.076563
6 0.796875 0.087500 0.084375 0.075000
4 0.880469 0.088281 0.067187 0.076563
31 0.088281 0.203125 0.076563 0.075000
32 0.174219 0.203906 0.070312 0.076563
17 0.260937 0.202344 0.068750 0.073438
14 0.347656 0.203906 0.073438 0.076563
0 0.433594 0.202344 0.067187 0.073438
36 0.517188 0.202344 0.081250 0.073438
10 0.609375 0.205469 0.075000 0.079687
4 0.694531 0.203906 0.067187 0.076563
6 0.778125 0.203125 0.084375 0.075000
20 0.875000 0.209375 0.071875 0.087500
18 0.086719 0.321094 0.073438 0.073438
28 0.180469 0.328125 0.082812 0.087500
14 0.272656 0.322656 0.073438 0.076563
22 0.364063 0.322656 0.084375 0.076563
22 0.457813 0.322656 0.084375 0.076563
18 0.555469 0.322656 0.076563 0.076563
9 0.640625 0.320312 0.065625 0.071875
10 0.729688 0.325781 0.075000 0.082812
36 0.823438 0.321094 0.081250 0.073438
5 0.090625 0.440625 0.081250 0.075000
0 0.186719 0.441406 0.070312 0.076563
20 0.268750 0.446875 0.071875 0.087500
18 0.353906 0.439844 0.073438 0.073438
1 0.449219 0.442188 0.079687 0.078125
