3 0.085156 0.089844 0.070312 0.079687
29 0.153125 0.092188 0.050000 0.084375
22 0.239063 0.088281 0.084375 0.076563
2 0.322656 0.085938 0.067187 0.071875
0 0.411719 0.086719 0.070312 0.073438
26 0.508594 0.086719 0.082812 0.073438
36 0.601562 0.088281 0.084375 0.076563
18 0.688281 0.086719 0.073438 0.073438
34 0.779687 0.092969 0.078125 0.085938
13 0.868750 0.086719 0.075000 0.073438
34 0.087500 0.208594 0.075000 0.082812
17 0.170313 0.203906 0.068750 0.073438
32 0.250781 0.205469 0.070312 0.076563
2 0.341406 0.203125 0.067187 0.071875
0 0.419531 0.203906 0.067187 0.073438
7 0.497656 0.203125 0.073438 0.071875
34 0.592187 0.210156 0.081250 0.085938
22 0.684375 0.205469 0.084375 0.076563
16 0.778906 0.204687 0.070312 0.075000
13 0.865625 0.205469 0.078125 0.076563
20 0.084375 0.326562 0.068750 0.084375
13 0.165625 0.321094 0.075000 0.073438
35 0.266406 0.321094 0.089063 0.073438
20 0.357812 0.326562 0.068750 0.084375
26 0.444531 0.321094 0.082812 0.073438
7 0.541406 0.321875 0.076563 0.075000
19 0.635156 0.326562 0.073438 0.084375
35 0.739844 0.324219 0.092188 0.079687
24 0.839063 0.320312 0.081250 0.071875
