1 0.089844 0.089063 0.079687 0.078125
11 0.179688 0.089844 0.071875 0.079687
14 0.263281 0.088281 0.073438 0.076563
12 0.351562 0.085938 0.078125 0.071875
28 0.449219 0.095312 0.085938 0.090625
35 0.558594 0.089844 0.092188 0.079687
35 0.658594 0.088281 0.089063 0.076563
28 0.760156 0.093750 0.082812 0.087500
32 0.853906 0.086719 0.067187 0.073438
12 0.090625 0.209375 0.081250 0.075000
36 0.184375 0.210156 0.084375 0.076563
13 0.282813 0.210156 0.078125 0.076563
30 0.378125 0.209375 0.068750 0.075000
6 0.468750 0.207813 0.081250 0.071875
5 0.571875 0.207813 0.081250 0.071875
2 0.664844 0.209375 0.070312 0.075000
32 0.742969 0.208594 0.067187 0.073438
30 0.829688 0.207813 0.065625 0.071875
26 0.091406 0.316406 0.082812 0.073438
14 0.185156 0.317969 0.073438 0.076563
31 0.274219 0.317188 0.076563 0.075000
25 0.367188 0.315625 0.071875 0.071875
36 0.464062 0.316406 0.081250 0.073438
