13 0.089063 0.088281 0.078125 0.076563
19 0.180469 0.093750 0.073438 0.087500
12 0.276562 0.085938 0.078125 0.071875
31 0.372656 0.087500 0.076563 0.075000
34 0.462500 0.092969 0.078125 0.085938
13 0.559375 0.088281 0.078125 0.076563
30 0.643750 0.085938 0.065625 0.071875
16 0.722656 0.085938 0.070312 0.071875
23 0.810156 0.087500 0.076563 0.075000
1 0.900781 0.090625 0.082812 0.081250
14 0.085156 0.205469 0.070312 0.073438
8 0.157812 0.205469 0.050000 0.073438
33 0.242188 0.208594 0.075000 0.079687
13 0.325000 0.205469 0.075000 0.073438
37 0.410938 0.205469 0.068750 0.073438
29 0.493750 0.210938 0.053125 0.084375
5 0.581250 0.204687 0.081250 0.071875
19 0.667969 0.212500 0.073438 0.087500
2 0.755469 0.204687 0.067187 0.071875
28 0.844531 0.214062 0.085938 0.090625
25 0.085938 0.326562 0.071875 0.071875
1 0.183594 0.331250 0.082812 0.081250
23 0.280469 0.326562 0.073438 0.071875
30 0.360938 0.326562 0.065625 0.071875
14 0.441406 0.327344 0.070312 0.073438
10 0.525000 0.332031 0.075000 0.082812
30 0.610938 0.328125 0.068750 0.075000
30 0.687500 0.326562 0.065625 0.071875
18 0.778906 0.328906 0.076563 0.076563
37 0.873437 0.328906 0.071875 0.076563
13 0.087500 0.441406 0.075000 0.073438
33 0.168750 0.442969 0.071875 0.076563
