26 0.092969 0.088281 0.085938 0.076563
27 0.191406 0.089844 0.082812 0.079687
9 0.285938 0.085938 0.065625 0.071875
20 0.364063 0.092188 0.068750 0.084375
16 0.446094 0.085938 0.067187 0.071875
9 0.534375 0.085938 0.065625 0.071875
37 0.621875 0.088281 0.071875 0.076563
20 0.715625 0.093750 0.075000 0.087500
29 0.795312 0.092188 0.053125 0.084375
6 0.871875 0.085938 0.081250 0.071875
28 0.092969 0.214062 0.085938 0.090625
31 0.196094 0.206250 0.076563 0.075000
25 0.292187 0.206250 0.075000 0.075000
1 0.386719 0.209375 0.082812 0.081250
29 0.475000 0.210938 0.050000 0.084375
35 0.558594 0.205469 0.089063 0.073438
4 0.649219 0.207031 0.067187 0.076563
25 0.728125 0.204687 0.071875 0.071875
24 0.823438 0.206250 0.084375 0.075000
35 0.094531 0.327344 0.089063 0.073438
35 0.196094 0.327344 0.089063 0.073438
29 0.279687 0.332813 0.053125 0.084375
20 0.357812 0.332813 0.068750 0.084375
15 0.446094 0.336719 0.070312 0.092188
5 0.537500 0.328125 0.081250 0.075000
17 0.628125 0.328906 0.071875 0.076563
26 0.725781 0.328906 0.085938 0.076563
20 0.818750 0.332813 0.068750 0.084375
