18 0.088281 0.088281 0.076563 0.076563
5 0.185938 0.087500 0.084375 0.075000
3 0.271094 0.088281 0.067187 0.076563
2 0.353906 0.085938 0.067187 0.071875
24 0.450000 0.089063 0.084375 0.078125
36 0.554688 0.086719 0.081250 0.073438
20 0.650000 0.093750 0.071875 0.087500
31 0.739844 0.085938 0.073438 0.071875
37 0.821875 0.086719 0.068750 0.073438
15 0.910156 0.096094 0.070312 0.092188
23 0.086719 0.209375 0.073438 0.071875
15 0.172656 0.217969 0.070312 0.089063
15 0.264844 0.219531 0.073438 0.092188
4 0.358594 0.211719 0.070312 0.076563
28 0.457031 0.218750 0.085938 0.090625
26 0.550781 0.211719 0.085938 0.076563
1 0.655469 0.214062 0.082812 0.081250
13 0.756250 0.210156 0.075000 0.073438
28 0.849219 0.217188 0.082812 0.087500
28 0.092969 0.342187 0.085938 0.090625
24 0.192188 0.332813 0.081250 0.071875
14 0.277344 0.335156 0.073438 0.076563
20 0.364063 0.340625 0.071875 0.087500
35 0.464844 0.335156 0.092188 0.076563
