12 0.090625 0.087500 0.081250 0.075000
2 0.186719 0.085938 0.067187 0.071875
16 0.275781 0.087500 0.070312 0.075000
29 0.345313 0.092188 0.050000 0.084375
11 0.417187 0.088281 0.071875 0.076563
22 0.514062 0.088281 0.084375 0.076563
3 0.613281 0.089844 0.070312 0.079687
5 0.698438 0.087500 0.084375 0.075000
13 0.785937 0.088281 0.075000 0.076563
34 0.879687 0.092969 0.078125 0.085938
10 0.087500 0.208594 0.075000 0.082812
24 0.175000 0.206250 0.084375 0.078125
7 0.277344 0.204687 0.076563 0.075000
22 0.370312 0.205469 0.084375 0.076563
37 0.462500 0.203906 0.068750 0.073438
11 0.543750 0.205469 0.071875 0.076563
27 0.632031 0.208594 0.085938 0.082812
17 0.718750 0.203906 0.068750 0.073438
34 0.804688 0.210156 0.078125 0.085938
31 0.897656 0.203125 0.073438 0.071875
23 0.088281 0.321875 0.076563 0.075000
20 0.181250 0.326562 0.068750 0.084375
7 0.272656 0.320312 0.073438 0.071875
17 0.365625 0.322656 0.071875 0.076563
10 0.453125 0.324219 0.075000 0.079687
35 0.549219 0.322656 0.092188 0.076563
17 0.640625 0.321094 0.068750 0.073438
26 0.730469 0.322656 0.085938 0.076563
