4 0.085156 0.088281 0.070312 0.076563
21 0.171094 0.086719 0.076563 0.073438
8 0.250000 0.086719 0.053125 0.073438
15 0.332031 0.094531 0.067187 0.089063
17 0.414062 0.086719 0.071875 0.073438
5 0.510938 0.087500 0.084375 0.075000
1 0.600781 0.089063 0.079687 0.078125
20 0.696875 0.093750 0.071875 0.087500
16 0.788281 0.085938 0.067187 0.071875
32 0.875781 0.086719 0.067187 0.073438
19 0.086719 0.212500 0.073438 0.084375
6 0.175000 0.206250 0.081250 0.071875
1 0.269531 0.210938 0.082812 0.081250
8 0.351562 0.207031 0.053125 0.073438
26 0.436719 0.207031 0.082812 0.073438
33 0.525000 0.208594 0.071875 0.076563
20 0.607812 0.212500 0.071875 0.084375
16 0.692969 0.206250 0.067187 0.071875
32 0.777344 0.207031 0.067187 0.073438
19 0.861719 0.214062 0.073438 0.087500
24 0.092188 0.326562 0.084375 0.075000
2 0.185156 0.325000 0.067187 0.071875
31 0.274219 0.325000 0.073438 0.071875
