30 0.084375 0.087500 0.068750 0.075000
5 0.170313 0.087500 0.084375 0.075000
10 0.259375 0.091406 0.075000 0.082812
33 0.346875 0.089844 0.075000 0.079687
24 0.435937 0.089063 0.084375 0.078125
12 0.526563 0.085938 0.078125 0.071875
28 0.619531 0.096875 0.089063 0.093750
11 0.718750 0.089844 0.071875 0.079687
37 0.812500 0.088281 0.071875 0.076563
14 0.907031 0.088281 0.073438 0.076563
18 0.088281 0.213281 0.076563 0.076563
16 0.175781 0.210938 0.070312 0.071875
36 0.268750 0.213281 0.084375 0.076563
11 0.368750 0.214844 0.071875 0.079687
6 0.462500 0.212500 0.084375 0.075000
11 0.557813 0.213281 0.068750 0.076563
34 0.653125 0.217969 0.078125 0.085938
25 0.750000 0.210938 0.071875 0.071875
21 0.838281 0.213281 0.079687 0.076563
29 0.078125 0.335938 0.056250 0.087500
