23 0.086719 0.085938 0.073438 0.071875
37 0.168750 0.088281 0.071875 0.076563
12 0.256250 0.087500 0.081250 0.075000
20 0.354687 0.093750 0.075000 0.087500
22 0.451562 0.088281 0.084375 0.076563
23 0.542969 0.085938 0.073438 0.071875
6 0.634375 0.087500 0.084375 0.075000
9 0.725000 0.087500 0.068750 0.075000
16 0.811719 0.085938 0.067187 0.071875
25 0.896875 0.087500 0.075000 0.075000
1 0.089844 0.207813 0.079687 0.078125
23 0.180469 0.206250 0.076563 0.075000
19 0.264844 0.212500 0.073438 0.087500
28 0.361719 0.214062 0.085938 0.090625
30 0.457813 0.204687 0.065625 0.071875
7 0.544531 0.204687 0.073438 0.071875
1 0.638281 0.209375 0.082812 0.081250
19 0.735156 0.212500 0.073438 0.087500
34 0.820312 0.211719 0.078125 0.085938
33 0.910937 0.208594 0.075000 0.079687
13 0.089063 0.328906 0.078125 0.076563
34 0.187500 0.333594 0.078125 0.085938
14 0.277344 0.327344 0.070312 0.073438
21 0.369531 0.328906 0.079687 0.076563
28 0.469531 0.334375 0.082812 0.087500
4 0.563281 0.328906 0.070312 0.076563
6 0.662500 0.328125 0.084375 0.075000
16 0.746094 0.326562 0.067187 0.071875
20 0.829688 0.332813 0.068750 0.084375
18 0.908594 0.327344 0.073438 0.073438
14 0.085156 0.446094 0.070312 0.073438
12 0.170313 0.445312 0.078125 0.071875
