8 0.075000 0.086719 0.050000 0.073438
14 0.155469 0.088281 0.073438 0.076563
0 0.244531 0.088281 0.070312 0.076563
24 0.342187 0.089063 0.084375 0.078125
35 0.442969 0.086719 0.089063 0.073438
11 0.537500 0.089844 0.071875 0.079687
11 0.617188 0.089844 0.071875 0.079687
19 0.703906 0.093750 0.073438 0.087500
12 0.796875 0.085938 0.078125 0.071875
30 0.884375 0.085938 0.065625 0.071875
37 0.085938 0.207031 0.071875 0.076563
18 0.180469 0.205469 0.073438 0.073438
16 0.264844 0.204687 0.067187 0.071875
29 0.334375 0.210938 0.050000 0.084375
2 0.416406 0.206250 0.070312 0.075000
9 0.503125 0.204687 0.065625 0.071875
7 0.583594 0.206250 0.076563 0.075000
18 0.672656 0.207031 0.076563 0.076563
30 0.757812 0.204687 0.065625 0.071875
0 0.842969 0.205469 0.067187 0.073438
18 0.086719 0.321094 0.073438 0.073438
34 0.175000 0.327344 0.078125 0.085938
11 0.268750 0.322656 0.068750 0.076563
28 0.358594 0.329688 0.085938 0.090625
30 0.451562 0.321875 0.068750 0.075000
17 0.529687 0.321094 0.068750 0.073438
