6 0.090625 0.085938 0.081250 0.071875
30 0.181250 0.087500 0.068750 0.075000
17 0.260937 0.088281 0.071875 0.076563
12 0.348438 0.087500 0.078125 0.075000
22 0.440625 0.088281 0.084375 0.076563
22 0.532813 0.088281 0.084375 0.076563
14 0.625781 0.088281 0.073438 0.076563
28 0.713281 0.093750 0.082812 0.087500
26 0.819531 0.088281 0.085938 0.076563
3 0.908594 0.088281 0.067187 0.076563
26 0.092969 0.208594 0.085938 0.079687
6 0.193750 0.204687 0.081250 0.071875
30 0.284375 0.206250 0.068750 0.075000
21 0.378906 0.205469 0.076563 0.073438
32 0.466406 0.205469 0.067187 0.073438
20 0.556250 0.210938 0.068750 0.084375
31 0.641406 0.204687 0.073438 0.071875
2 0.728906 0.206250 0.070312 0.075000
13 0.820312 0.205469 0.075000 0.073438
3 0.913281 0.207031 0.067187 0.076563
3 0.083594 0.322656 0.067187 0.076563
12 0.173437 0.321875 0.081250 0.075000
9 0.262500 0.320312 0.065625 0.071875
12 0.354687 0.320312 0.078125 0.071875
13 0.450000 0.321094 0.075000 0.073438
11 0.529687 0.322656 0.068750 0.076563
32 0.610156 0.322656 0.070312 0.076563
