37 0.085938 0.088281 0.071875 0.076563
25 0.173437 0.085938 0.071875 0.071875
20 0.256250 0.092188 0.068750 0.084375
10 0.340625 0.089844 0.071875 0.079687
26 0.432031 0.086719 0.082812 0.073438
31 0.530469 0.087500 0.076563 0.075000
32 0.613281 0.088281 0.070312 0.076563
17 0.704688 0.088281 0.071875 0.076563
23 0.786719 0.085938 0.073438 0.071875
32 0.877344 0.088281 0.070312 0.076563
15 0.085156 0.210156 0.070312 0.089063
28 0.171094 0.209375 0.082812 0.087500
24 0.273438 0.201563 0.081250 0.071875
23 0.371094 0.203125 0.076563 0.075000
35 0.463281 0.205469 0.092188 0.079687
7 0.560156 0.203125 0.076563 0.075000
19 0.646094 0.207813 0.070312 0.084375
5 0.732812 0.201563 0.081250 0.071875
24 0.835938 0.203125 0.084375 0.075000
36 0.090625 0.322656 0.081250 0.073438
34 0.190625 0.328906 0.078125 0.085938
10 0.276562 0.327344 0.075000 0.082812
13 0.362500 0.322656 0.075000 0.073438
6 0.450000 0.321875 0.081250 0.071875
29 0.534375 0.328125 0.050000 0.084375
