8 0.076563 0.088281 0.053125 0.076563
25 0.160938 0.087500 0.075000 0.075000
9 0.250000 0.085938 0.065625 0.071875
13 0.339062 0.086719 0.075000 0.073438
0 0.430469 0.086719 0.070312 0.073438
2 0.521094 0.085938 0.067187 0.071875
3 0.600781 0.089844 0.070312 0.079687
9 0.692187 0.087500 0.068750 0.075000
28 0.777344 0.095312 0.085938 0.090625
25 0.871875 0.085938 0.071875 0.071875
34 0.087500 0.213281 0.075000 0.082812
5 0.185938 0.210938 0.084375 0.078125
8 0.264062 0.210156 0.053125 0.076563
28 0.344531 0.217188 0.085938 0.090625
21 0.444531 0.208594 0.076563 0.073438
16 0.539844 0.209375 0.070312 0.075000
9 0.626563 0.207813 0.065625 0.071875
29 0.696875 0.215625 0.053125 0.087500
23 0.783594 0.209375 0.076563 0.075000
13 0.870313 0.210156 0.078125 0.076563
30 0.084375 0.331250 0.068750 0.075000
37 0.167187 0.330469 0.068750 0.073438
