35 0.094531 0.086719 0.089063 0.073438
30 0.192188 0.085938 0.065625 0.071875
11 0.279687 0.089844 0.071875 0.079687
5 0.364063 0.085938 0.081250 0.071875
19 0.460156 0.093750 0.073438 0.087500
4 0.547656 0.088281 0.067187 0.076563
31 0.638281 0.085938 0.073438 0.071875
15 0.732031 0.094531 0.070312 0.089063
3 0.817969 0.088281 0.067187 0.076563
25 0.907813 0.085938 0.071875 0.071875
12 0.089063 0.206250 0.078125 0.071875
14 0.174219 0.208594 0.073438 0.076563
6 0.267188 0.207813 0.084375 0.075000
18 0.363281 0.207031 0.073438 0.073438
9 0.443750 0.207813 0.068750 0.075000
5 0.540625 0.206250 0.081250 0.071875
32 0.633594 0.208594 0.070312 0.076563
28 0.728906 0.214062 0.082812 0.087500
19 0.825781 0.214062 0.073438 0.087500
19 0.910156 0.212500 0.070312 0.084375
20 0.084375 0.331250 0.068750 0.084375
16 0.164844 0.326562 0.070312 0.075000
35 0.266406 0.327344 0.092188 0.076563
2 0.360156 0.325000 0.067187 0.071875
17 0.446875 0.327344 0.071875 0.076563
34 0.531250 0.330469 0.075000 0.082812
11 0.620313 0.328906 0.071875 0.079687
23 0.703906 0.326562 0.076563 0.075000
23 0.788281 0.326562 0.073438 0.075000
36 0.882812 0.325781 0.081250 0.073438
34 0.089063 0.447656 0.078125 0.085938
17 0.176563 0.441406 0.071875 0.073438
3 0.261719 0.442969 0.067187 0.076563
