7 0.088281 0.087500 0.076563 0.075000
22 0.185938 0.088281 0.084375 0.076563
2 0.280469 0.087500 0.070312 0.075000
32 0.364844 0.086719 0.067187 0.073438
33 0.456250 0.088281 0.071875 0.076563
24 0.540625 0.085938 0.081250 0.071875
33 0.632812 0.089844 0.075000 0.079687
4 0.714844 0.088281 0.067187 0.076563
8 0.792188 0.086719 0.050000 0.073438
7 0.874219 0.087500 0.076563 0.075000
5 0.090625 0.196875 0.081250 0.071875
22 0.193750 0.197656 0.081250 0.073438
29 0.275000 0.204687 0.056250 0.087500
33 0.357812 0.199219 0.075000 0.076563
21 0.452344 0.199219 0.079687 0.076563
11 0.546875 0.199219 0.068750 0.076563
23 0.641406 0.198437 0.076563 0.075000
17 0.735938 0.199219 0.071875 0.076563
18 0.822656 0.199219 0.076563 0.076563
10 0.912500 0.202344 0.075000 0.082812
7 0.088281 0.317188 0.076563 0.075000
11 0.171875 0.317969 0.068750 0.076563
20 0.260937 0.323437 0.071875 0.087500
36 0.360938 0.317969 0.084375 0.076563
29 0.442188 0.321875 0.050000 0.084375
32 0.516406 0.317969 0.070312 0.076563
37 0.607812 0.316406 0.068750 0.073438
35 0.705469 0.317969 0.089063 0.076563
17 0.796875 0.316406 0.068750 0.073438
30 0.878125 0.317188 0.068750 0.075000
27 0.092969 0.439844 0.085938 0.082812
34 0.192188 0.441406 0.078125 0.085938
31 0.278906 0.435937 0.076563 0.075000
33 0.373437 0.436719 0.071875 0.076563
