3 0.083594 0.088281 0.067187 0.076563
5 0.175000 0.085938 0.081250 0.071875
9 0.265625 0.085938 0.065625 0.071875
23 0.344531 0.085938 0.073438 0.071875
1 0.438281 0.090625 0.082812 0.081250
12 0.528125 0.085938 0.078125 0.071875
20 0.620313 0.092188 0.068750 0.084375
29 0.700000 0.092188 0.053125 0.084375
3 0.769531 0.088281 0.067187 0.076563
30 0.854688 0.085938 0.065625 0.071875
32 0.083594 0.202344 0.067187 0.073438
4 0.166406 0.205469 0.070312 0.079687
36 0.254688 0.203906 0.084375 0.076563
24 0.357812 0.203125 0.084375 0.075000
25 0.453125 0.201563 0.071875 0.071875
35 0.549219 0.203906 0.092188 0.076563
35 0.653906 0.205469 0.092188 0.079687
34 0.754687 0.207031 0.075000 0.082812
16 0.838281 0.201563 0.067187 0.071875
5 0.092188 0.317188 0.084375 0.075000
18 0.183594 0.316406 0.073438 0.073438
37 0.264062 0.317969 0.071875 0.076563
24 0.362500 0.317188 0.084375 0.075000
6 0.459375 0.318750 0.084375 0.078125
29 0.535937 0.321875 0.050000 0.084375
27 0.611719 0.321094 0.085938 0.082812
30 0.695312 0.315625 0.065625 0.071875
17 0.781250 0.316406 0.068750 0.073438
7 0.861719 0.315625 0.073438 0.071875
