8 0.075000 0.086719 0.050000 0.073438
25 0.153125 0.087500 0.075000 0.075000
21 0.252344 0.088281 0.079687 0.076563
18 0.342969 0.086719 0.073438 0.073438
29 0.428125 0.093750 0.053125 0.087500
30 0.509375 0.087500 0.068750 0.075000
25 0.598437 0.087500 0.075000 0.075000
5 0.696875 0.087500 0.084375 0.075000
21 0.800781 0.088281 0.079687 0.076563
23 0.892969 0.085938 0.073438 0.071875
37 0.084375 0.205469 0.068750 0.073438
20 0.164062 0.212500 0.071875 0.087500
5 0.264062 0.206250 0.084375 0.075000
25 0.362500 0.204687 0.071875 0.071875
2 0.449219 0.204687 0.067187 0.071875
6 0.545312 0.206250 0.084375 0.075000
10 0.642188 0.208594 0.075000 0.079687
13 0.735938 0.207031 0.078125 0.076563
2 0.821094 0.206250 0.070312 0.075000
16 0.903906 0.206250 0.070312 0.075000
6 0.092188 0.325000 0.084375 0.075000
20 0.179688 0.329688 0.071875 0.084375
0 0.266406 0.324219 0.067187 0.073438
34 0.359375 0.330469 0.078125 0.085938
26 0.455469 0.324219 0.082812 0.073438
36 0.559375 0.324219 0.081250 0.073438
25 0.643750 0.323437 0.071875 0.071875
14 0.722656 0.324219 0.070312 0.073438
22 0.818750 0.324219 0.081250 0.073438
25 0.907813 0.325000 0.075000 0.075000
24 0.090625 0.440625 0.081250 0.071875
