0 0.083594 0.086719 0.067187 0.073438
2 0.164844 0.087500 0.070312 0.075000
30 0.240625 0.085938 0.065625 0.071875
20 0.315625 0.092188 0.068750 0.084375
33 0.400000 0.088281 0.071875 0.076563
14 0.489844 0.086719 0.070312 0.073438
25 0.575000 0.087500 0.075000 0.075000
21 0.669531 0.088281 0.076563 0.076563
33 0.754687 0.089844 0.075000 0.079687
24 0.845313 0.085938 0.081250 0.071875
5 0.092188 0.203125 0.084375 0.075000
25 0.192188 0.203125 0.075000 0.075000
10 0.275000 0.205469 0.071875 0.079687
34 0.362500 0.207031 0.075000 0.082812
30 0.448437 0.201563 0.065625 0.071875
6 0.540625 0.201563 0.081250 0.071875
20 0.629687 0.207813 0.068750 0.084375
6 0.717187 0.201563 0.081250 0.071875
0 0.807031 0.203906 0.070312 0.076563
21 0.903906 0.203906 0.079687 0.076563
29 0.075000 0.323437 0.050000 0.084375
11 0.148438 0.319531 0.068750 0.076563
12 0.237500 0.317188 0.078125 0.071875
0 0.327344 0.319531 0.070312 0.076563
35 0.419531 0.317969 0.089063 0.073438
