28 0.092969 0.095312 0.085938 0.090625
33 0.192188 0.089844 0.075000 0.079687
32 0.275781 0.086719 0.067187 0.073438
37 0.357812 0.086719 0.068750 0.073438
8 0.437500 0.086719 0.053125 0.073438
5 0.523438 0.085938 0.081250 0.071875
3 0.613281 0.089844 0.070312 0.079687
37 0.704688 0.088281 0.071875 0.076563
30 0.787500 0.085938 0.065625 0.071875
36 0.876563 0.086719 0.081250 0.073438
31 0.086719 0.207813 0.073438 0.071875
9 0.179688 0.209375 0.068750 0.075000
14 0.269531 0.210156 0.073438 0.076563
7 0.361719 0.209375 0.076563 0.075000
30 0.440625 0.207813 0.065625 0.071875
12 0.523438 0.209375 0.081250 0.075000
18 0.619531 0.210156 0.076563 0.076563
2 0.700781 0.209375 0.070312 0.075000
34 0.793750 0.213281 0.075000 0.082812
23 0.877344 0.209375 0.076563 0.075000
6 0.092188 0.323437 0.084375 0.075000
18 0.180469 0.322656 0.073438 0.073438
32 0.260156 0.324219 0.070312 0.076563
