20 0.084375 0.092188 0.068750 0.084375
9 0.175000 0.087500 0.068750 0.075000
27 0.272656 0.091406 0.085938 0.082812
16 0.363281 0.085938 0.067187 0.071875
13 0.446875 0.088281 0.078125 0.076563
14 0.533594 0.088281 0.073438 0.076563
14 0.627344 0.088281 0.073438 0.076563
27 0.721094 0.091406 0.085938 0.082812
18 0.814844 0.088281 0.076563 0.076563
10 0.907813 0.089844 0.071875 0.079687
36 0.090625 0.202344 0.081250 0.073438
28 0.191406 0.210938 0.085938 0.090625
34 0.293750 0.208594 0.078125 0.085938
1 0.389844 0.206250 0.082812 0.081250
35 0.497656 0.202344 0.089063 0.073438
36 0.596875 0.202344 0.081250 0.073438
0 0.692969 0.202344 0.067187 0.073438
3 0.767969 0.203906 0.067187 0.076563
34 0.860938 0.207031 0.075000 0.082812
22 0.092188 0.325781 0.084375 0.076563
26 0.197656 0.324219 0.082812 0.073438
10 0.282813 0.327344 0.071875 0.079687
29 0.362500 0.329688 0.050000 0.084375
