15 0.085156 0.094531 0.070312 0.089063
20 0.178125 0.093750 0.071875 0.087500
15 0.266406 0.096094 0.070312 0.092188
36 0.357812 0.086719 0.081250 0.073438
31 0.458594 0.087500 0.076563 0.075000
25 0.546875 0.087500 0.075000 0.075000
25 0.632812 0.085938 0.071875 0.071875
14 0.722656 0.086719 0.070312 0.073438
4 0.810156 0.089844 0.070312 0.079687
25 0.890625 0.085938 0.071875 0.071875
23 0.088281 0.210938 0.076563 0.075000
32 0.172656 0.210156 0.067187 0.073438
23 0.252344 0.210938 0.076563 0.075000
11 0.348438 0.213281 0.071875 0.079687
35 0.450781 0.210156 0.089063 0.073438
31 0.550781 0.210938 0.076563 0.075000
25 0.632812 0.209375 0.071875 0.071875
11 0.712500 0.211719 0.068750 0.076563
34 0.803125 0.214844 0.075000 0.082812
36 0.901563 0.211719 0.084375 0.076563
20 0.085938 0.331250 0.071875 0.087500
