22 0.092188 0.088281 0.084375 0.076563
2 0.183594 0.087500 0.070312 0.075000
15 0.269531 0.094531 0.067187 0.089063
35 0.355469 0.088281 0.089063 0.076563
34 0.451562 0.091406 0.078125 0.082812
27 0.546094 0.089844 0.082812 0.079687
21 0.646094 0.088281 0.079687 0.076563
20 0.728125 0.092188 0.068750 0.084375
23 0.808594 0.085938 0.073438 0.071875
37 0.896875 0.086719 0.068750 0.073438
33 0.087500 0.210156 0.075000 0.079687
28 0.177344 0.214062 0.082812 0.087500
10 0.271875 0.210156 0.075000 0.079687
15 0.367969 0.216406 0.073438 0.092188
20 0.460938 0.212500 0.068750 0.084375
14 0.547656 0.207031 0.070312 0.073438
22 0.646875 0.208594 0.084375 0.076563
19 0.739844 0.212500 0.070312 0.084375
34 0.829688 0.213281 0.078125 0.085938
35 0.096094 0.333594 0.092188 0.079687
22 0.190625 0.330469 0.081250 0.073438
35 0.292969 0.332031 0.092188 0.076563
7 0.385156 0.331250 0.076563 0.075000
16 0.478906 0.331250 0.070312 0.075000
