15 0.086719 0.096094 0.073438 0.092188
13 0.178125 0.088281 0.078125 0.076563
31 0.267969 0.085938 0.073438 0.071875
13 0.364063 0.086719 0.075000 0.073438
25 0.446875 0.085938 0.071875 0.071875
1 0.538281 0.089063 0.079687 0.078125
0 0.624219 0.088281 0.070312 0.076563
3 0.707031 0.088281 0.067187 0.076563
12 0.801562 0.085938 0.078125 0.071875
4 0.896094 0.088281 0.067187 0.076563
26 0.091406 0.210156 0.082812 0.073438
0 0.186719 0.211719 0.070312 0.076563
15 0.266406 0.219531 0.070312 0.092188
0 0.349219 0.210156 0.067187 0.073438
25 0.428125 0.209375 0.071875 0.071875
21 0.511719 0.211719 0.079687 0.076563
13 0.596875 0.210156 0.075000 0.073438
25 0.679688 0.209375 0.071875 0.071875
3 0.771094 0.213281 0.070312 0.079687
25 0.851562 0.210938 0.075000 0.075000
36 0.090625 0.333594 0.081250 0.073438
22 0.190625 0.335156 0.081250 0.076563
27 0.285156 0.339844 0.085938 0.085938
0 0.378906 0.333594 0.067187 0.073438
16 0.463281 0.332813 0.067187 0.071875
25 0.542188 0.332813 0.071875 0.071875
23 0.627344 0.334375 0.076563 0.075000
0 0.711719 0.335156 0.070312 0.076563
26 0.803906 0.333594 0.082812 0.073438
