15 0.086719 0.096094 0.073438 0.092188
15 0.177344 0.096094 0.070312 0.092188
19 0.264844 0.093750 0.073438 0.087500
27 0.352344 0.091406 0.085938 0.082812
9 0.451562 0.087500 0.068750 0.075000
29 0.521875 0.092188 0.053125 0.084375
27 0.600781 0.091406 0.085938 0.082812
26 0.703906 0.088281 0.085938 0.076563
9 0.792188 0.087500 0.068750 0.075000
11 0.875000 0.089844 0.071875 0.079687
19 0.086719 0.217188 0.073438 0.087500
29 0.159375 0.215625 0.050000 0.084375
20 0.237500 0.215625 0.068750 0.084375
13 0.326562 0.210156 0.075000 0.073438
5 0.420312 0.209375 0.081250 0.071875
29 0.500000 0.215625 0.053125 0.084375
5 0.582812 0.210938 0.084375 0.075000
13 0.681250 0.210156 0.075000 0.073438
18 0.764844 0.210156 0.073438 0.073438
6 0.864062 0.210938 0.084375 0.075000
11 0.084375 0.330469 0.068750 0.076563
18 0.164844 0.328906 0.073438 0.073438
25 0.253125 0.328125 0.071875 0.071875
4 0.335156 0.330469 0.067187 0.076563
14 0.417969 0.328906 0.070312 0.073438
8 0.492188 0.330469 0.053125 0.076563
