37 0.084375 0.086719 0.068750 0.073438
19 0.174219 0.093750 0.073438 0.087500
13 0.262500 0.088281 0.078125 0.076563
31 0.347656 0.085938 0.073438 0.071875
35 0.438281 0.088281 0.092188 0.076563
20 0.535937 0.093750 0.071875 0.087500
15 0.614844 0.094531 0.067187 0.089063
5 0.706250 0.087500 0.084375 0.075000
11 0.801562 0.088281 0.068750 0.076563
36 0.898438 0.086719 0.081250 0.073438
6 0.090625 0.206250 0.081250 0.071875
10 0.185938 0.211719 0.075000 0.082812
11 0.265625 0.208594 0.068750 0.076563
20 0.357812 0.214062 0.071875 0.087500
13 0.445312 0.207031 0.075000 0.073438
33 0.540625 0.208594 0.071875 0.076563
27 0.633594 0.213281 0.085938 0.085938
34 0.726562 0.211719 0.075000 0.082812
36 0.826562 0.208594 0.081250 0.076563
18 0.086719 0.325781 0.073438 0.073438
26 0.183594 0.327344 0.085938 0.076563
32 0.274219 0.327344 0.070312 0.076563
20 0.351562 0.331250 0.068750 0.084375
24 0.446875 0.325000 0.081250 0.071875
10 0.539062 0.330469 0.075000 0.082812
34 0.621875 0.330469 0.075000 0.082812
15 0.708594 0.333594 0.067187 0.089063
30 0.792188 0.326562 0.068750 0.075000
18 0.871094 0.325781 0.073438 0.073438
21 0.089844 0.447656 0.079687 0.076563
