36 0.092188 0.088281 0.084375 0.076563
19 0.178906 0.092188 0.070312 0.084375
21 0.272656 0.088281 0.079687 0.076563
21 0.366406 0.088281 0.079687 0.076563
6 0.464062 0.085938 0.081250 0.071875
37 0.550000 0.088281 0.071875 0.076563
12 0.643750 0.087500 0.081250 0.075000
21 0.744531 0.088281 0.079687 0.076563
17 0.834375 0.088281 0.071875 0.076563
32 0.085156 0.202344 0.070312 0.073438
17 0.165625 0.202344 0.068750 0.073438
8 0.232813 0.202344 0.050000 0.073438
24 0.310937 0.204687 0.084375 0.078125
11 0.409375 0.203906 0.071875 0.076563
5 0.507812 0.203125 0.084375 0.075000
17 0.596875 0.202344 0.068750 0.073438
7 0.678906 0.203125 0.076563 0.075000
17 0.770312 0.203906 0.071875 0.076563
21 0.864844 0.203906 0.079687 0.076563
29 0.076563 0.317188 0.053125 0.084375
33 0.159375 0.314844 0.075000 0.079687
17 0.242188 0.313281 0.071875 0.076563
9 0.328125 0.312500 0.068750 0.075000
19 0.417969 0.318750 0.073438 0.087500
25 0.504687 0.310937 0.071875 0.071875
6 0.596875 0.310937 0.081250 0.071875
