14 0.085156 0.086719 0.070312 0.073438
21 0.169531 0.088281 0.079687 0.076563
35 0.274219 0.086719 0.089063 0.073438
36 0.367188 0.086719 0.081250 0.073438
21 0.458594 0.086719 0.076563 0.073438
20 0.545312 0.092188 0.068750 0.084375
37 0.626563 0.088281 0.071875 0.076563
19 0.714844 0.092188 0.070312 0.084375
27 0.807031 0.089844 0.082812 0.079687
25 0.895312 0.087500 0.075000 0.075000
28 0.091406 0.209375 0.082812 0.087500
23 0.182031 0.201563 0.073438 0.071875
31 0.266406 0.201563 0.073438 0.071875
19 0.360156 0.209375 0.073438 0.087500
1 0.458594 0.206250 0.082812 0.081250
16 0.557031 0.203125 0.070312 0.075000
12 0.646875 0.201563 0.078125 0.071875
12 0.735938 0.201563 0.078125 0.071875
20 0.826562 0.207813 0.068750 0.084375
26 0.091406 0.321094 0.082812 0.073438
20 0.181250 0.326562 0.071875 0.084375
