37 0.084375 0.086719 0.068750 0.073438
33 0.167187 0.089844 0.075000 0.079687
24 0.254688 0.085938 0.081250 0.071875
15 0.342969 0.096094 0.070312 0.092188
31 0.430469 0.087500 0.076563 0.075000
25 0.512500 0.085938 0.071875 0.071875
5 0.607812 0.087500 0.084375 0.075000
6 0.701562 0.087500 0.084375 0.075000
33 0.787500 0.088281 0.071875 0.076563
2 0.866406 0.085938 0.067187 0.071875
25 0.087500 0.210938 0.075000 0.075000
8 0.173437 0.210156 0.053125 0.073438
1 0.261719 0.214062 0.082812 0.081250
14 0.349219 0.210156 0.070312 0.073438
7 0.442969 0.210938 0.076563 0.075000
13 0.529687 0.211719 0.078125 0.076563
9 0.621875 0.210938 0.068750 0.075000
14 0.699219 0.210156 0.070312 0.073438
3 0.789844 0.211719 0.067187 0.076563
1 0.877344 0.214062 0.082812 0.081250
6 0.092188 0.323437 0.084375 0.075000
15 0.191406 0.332031 0.070312 0.092188
21 0.275781 0.324219 0.079687 0.076563
32 0.372656 0.324219 0.070312 0.076563
31 0.453906 0.323437 0.076563 0.075000
35 0.549219 0.322656 0.089063 0.073438
19 0.647656 0.328125 0.070312 0.084375
4 0.725781 0.324219 0.067187 0.076563
36 0.807813 0.322656 0.081250 0.073438
16 0.891406 0.321875 0.067187 0.071875
13 0.089063 0.447656 0.078125 0.076563
4 0.172656 0.447656 0.067187 0.076563
28 0.267969 0.456250 0.089063 0.093750
