29 0.075000 0.092188 0.050000 0.084375
12 0.154688 0.085938 0.078125 0.071875
13 0.250000 0.088281 0.078125 0.076563
30 0.337500 0.085938 0.065625 0.071875
23 0.419531 0.085938 0.073438 0.071875
17 0.510938 0.088281 0.071875 0.076563
23 0.603906 0.085938 0.073438 0.071875
10 0.696875 0.091406 0.075000 0.082812
37 0.781250 0.086719 0.068750 0.073438
33 0.860938 0.089844 0.075000 0.079687
27 0.094531 0.208594 0.089063 0.085938
14 0.197656 0.203906 0.073438 0.076563
30 0.279687 0.203125 0.068750 0.075000
13 0.371875 0.202344 0.075000 0.073438
15 0.452344 0.210156 0.067187 0.089063
12 0.535937 0.201563 0.078125 0.071875
13 0.620313 0.202344 0.075000 0.073438
22 0.715625 0.203906 0.084375 0.076563
24 0.812500 0.201563 0.081250 0.071875
8 0.889062 0.202344 0.053125 0.073438
0 0.085156 0.324219 0.070312 0.076563
34 0.170313 0.328906 0.078125 0.085938
36 0.271875 0.322656 0.081250 0.073438
12 0.365625 0.321875 0.078125 0.071875
19 0.453906 0.328125 0.073438 0.084375
30 0.534375 0.321875 0.065625 0.071875
37 0.620313 0.324219 0.071875 0.076563
1 0.707031 0.328125 0.082812 0.084375
21 0.800781 0.324219 0.079687 0.076563
7 0.896094 0.323437 0.076563 0.075000
32 0.083594 0.439844 0.067187 0.073438
