14 0.086719 0.088281 0.073438 0.076563
16 0.167969 0.087500 0.070312 0.075000
30 0.243750 0.085938 0.065625 0.071875
16 0.325781 0.087500 0.070312 0.075000
13 0.417187 0.086719 0.075000 0.073438
7 0.499219 0.085938 0.073438 0.071875
16 0.580469 0.085938 0.067187 0.071875
25 0.665625 0.085938 0.071875 0.071875
15 0.753906 0.096094 0.070312 0.092188
34 0.848437 0.092969 0.078125 0.085938
21 0.089844 0.211719 0.079687 0.076563
3 0.178906 0.211719 0.067187 0.076563
14 0.266406 0.210156 0.073438 0.073438
36 0.367188 0.211719 0.084375 0.076563
9 0.460938 0.209375 0.065625 0.071875
5 0.551562 0.210938 0.084375 0.075000
28 0.653906 0.218750 0.085938 0.090625
6 0.748437 0.209375 0.081250 0.071875
31 0.846094 0.210938 0.076563 0.075000
4 0.085156 0.335156 0.070312 0.079687
9 0.168750 0.331250 0.065625 0.071875
26 0.255469 0.332031 0.082812 0.073438
3 0.341406 0.335156 0.070312 0.079687
32 0.424219 0.332031 0.067187 0.073438
34 0.510938 0.336719 0.075000 0.082812
14 0.603906 0.333594 0.073438 0.076563
12 0.700000 0.331250 0.078125 0.071875
11 0.785937 0.333594 0.068750 0.076563
22 0.882812 0.332031 0.081250 0.073438
13 0.089063 0.447656 0.078125 0.076563
20 0.171875 0.451562 0.068750 0.084375
2 0.250781 0.445312 0.067187 0.071875
32 0.332031 0.446094 0.067187 0.073438
25 0.410938 0.445312 0.071875 0.071875
