3 0.083594 0.088281 0.067187 0.076563
19 0.164844 0.092188 0.070312 0.084375
28 0.260156 0.095312 0.085938 0.090625
31 0.361719 0.087500 0.076563 0.075000
29 0.434375 0.092188 0.053125 0.084375
21 0.517969 0.088281 0.079687 0.076563
25 0.615625 0.087500 0.075000 0.075000
11 0.706250 0.089844 0.071875 0.079687
33 0.795312 0.089844 0.075000 0.079687
28 0.896094 0.093750 0.082812 0.087500
13 0.087500 0.208594 0.075000 0.073438
20 0.184375 0.215625 0.075000 0.087500
21 0.278906 0.210156 0.079687 0.076563
8 0.362500 0.210156 0.053125 0.076563
23 0.447656 0.207813 0.073438 0.071875
23 0.538281 0.207813 0.073438 0.071875
15 0.622656 0.216406 0.067187 0.089063
5 0.717187 0.209375 0.081250 0.075000
5 0.809375 0.207813 0.081250 0.071875
13 0.901563 0.208594 0.075000 0.073438
37 0.085938 0.330469 0.071875 0.076563
16 0.171094 0.328125 0.067187 0.071875
3 0.255469 0.332031 0.070312 0.079687
3 0.335156 0.330469 0.067187 0.076563
37 0.425000 0.328906 0.068750 0.073438
27 0.517969 0.335156 0.085938 0.085938
20 0.607812 0.334375 0.068750 0.084375
9 0.693750 0.328125 0.065625 0.071875
