35 0.094531 0.086719 0.089063 0.073438
13 0.198437 0.086719 0.075000 0.073438
20 0.284375 0.092188 0.068750 0.084375
24 0.368750 0.087500 0.084375 0.075000
8 0.459375 0.086719 0.053125 0.073438
11 0.531250 0.089844 0.071875 0.079687
28 0.630469 0.095312 0.085938 0.090625
4 0.714844 0.088281 0.067187 0.076563
25 0.798438 0.085938 0.071875 0.071875
7 0.882031 0.085938 0.073438 0.071875
2 0.085156 0.209375 0.070312 0.075000
33 0.165625 0.210156 0.071875 0.076563
17 0.246875 0.208594 0.068750 0.073438
19 0.328906 0.214062 0.070312 0.084375
4 0.411719 0.210156 0.067187 0.076563
24 0.500000 0.209375 0.084375 0.075000
15 0.585156 0.216406 0.067187 0.089063
16 0.674219 0.207813 0.067187 0.071875
34 0.764062 0.213281 0.075000 0.082812
10 0.854688 0.211719 0.071875 0.079687
14 0.085156 0.328906 0.070312 0.073438
32 0.174219 0.330469 0.070312 0.076563
34 0.268750 0.335156 0.078125 0.085938
24 0.364063 0.328125 0.081250 0.071875
36 0.459375 0.328906 0.081250 0.073438
29 0.545312 0.335938 0.053125 0.087500
16 0.621094 0.328125 0.067187 0.071875
2 0.710156 0.328125 0.067187 0.071875
6 0.792188 0.328125 0.081250 0.071875
21 0.885156 0.328906 0.076563 0.073438
