28 0.092969 0.095312 0.085938 0.090625
20 0.184375 0.093750 0.071875 0.087500
12 0.271875 0.085938 0.078125 0.071875
36 0.368750 0.086719 0.081250 0.073438
25 0.457813 0.085938 0.071875 0.071875
27 0.552344 0.091406 0.085938 0.082812
35 0.655469 0.088281 0.092188 0.076563
9 0.743750 0.087500 0.068750 0.075000
23 0.825781 0.087500 0.076563 0.075000
6 0.090625 0.209375 0.081250 0.075000
5 0.185938 0.209375 0.084375 0.075000
13 0.279687 0.210156 0.078125 0.076563
22 0.368750 0.211719 0.084375 0.079687
33 0.459375 0.210156 0.071875 0.076563
35 0.561719 0.210156 0.092188 0.076563
37 0.660937 0.208594 0.068750 0.073438
3 0.739844 0.211719 0.070312 0.079687
26 0.828906 0.208594 0.082812 0.073438
7 0.086719 0.318750 0.073438 0.071875
29 0.156250 0.325000 0.050000 0.084375
33 0.237500 0.321094 0.071875 0.076563
14 0.319531 0.319531 0.070312 0.073438
14 0.411719 0.319531 0.070312 0.073438
35 0.500781 0.322656 0.092188 0.079687
35 0.613281 0.321094 0.092188 0.076563
2 0.714844 0.320312 0.070312 0.075000
30 0.796875 0.320312 0.068750 0.075000
