5 0.092188 0.087500 0.084375 0.075000
24 0.190625 0.087500 0.084375 0.075000
30 0.278125 0.085938 0.065625 0.071875
4 0.352344 0.088281 0.067187 0.076563
26 0.450781 0.089844 0.085938 0.079687
33 0.543750 0.088281 0.071875 0.076563
14 0.625781 0.086719 0.070312 0.073438
33 0.715625 0.088281 0.071875 0.076563
17 0.798438 0.088281 0.071875 0.076563
23 0.888281 0.087500 0.076563 0.075000
25 0.085938 0.196875 0.071875 0.071875
33 0.176563 0.199219 0.071875 0.076563
37 0.260937 0.199219 0.071875 0.076563
18 0.346094 0.199219 0.076563 0.076563
14 0.442969 0.199219 0.073438 0.076563
6 0.540625 0.198437 0.084375 0.075000
6 0.640625 0.198437 0.084375 0.075000
32 0.733594 0.199219 0.070312 0.076563
1 0.825781 0.201563 0.082812 0.081250
24 0.090625 0.309375 0.081250 0.071875
10 0.181250 0.313281 0.071875 0.079687
5 0.271875 0.310937 0.084375 0.075000
27 0.366406 0.313281 0.082812 0.079687
17 0.460938 0.311719 0.071875 0.076563
24 0.556250 0.310937 0.084375 0.075000
9 0.645312 0.310937 0.068750 0.075000
37 0.732812 0.310156 0.068750 0.073438
37 0.815625 0.310156 0.068750 0.073438
4 0.892969 0.311719 0.067187 0.076563
17 0.085938 0.422656 0.071875 0.076563
8 0.157812 0.421094 0.050000 0.073438
