36 0.092188 0.088281 0.084375 0.076563
19 0.180469 0.093750 0.076563 0.087500
35 0.274219 0.088281 0.092188 0.076563
0 0.361719 0.086719 0.067187 0.073438
0 0.446094 0.086719 0.067187 0.073438
4 0.530469 0.088281 0.067187 0.076563
25 0.607812 0.085938 0.071875 0.071875
33 0.700000 0.088281 0.071875 0.076563
21 0.783594 0.086719 0.076563 0.073438
9 0.862500 0.085938 0.065625 0.071875
21 0.088281 0.205469 0.076563 0.073438
22 0.181250 0.207031 0.084375 0.076563
14 0.278906 0.205469 0.070312 0.073438
34 0.371875 0.210156 0.075000 0.082812
24 0.460938 0.204687 0.081250 0.071875
24 0.550000 0.204687 0.081250 0.071875
27 0.649219 0.210156 0.082812 0.082812
20 0.739062 0.210938 0.068750 0.084375
27 0.824219 0.208594 0.082812 0.079687
5 0.092188 0.321875 0.084375 0.075000
9 0.181250 0.321875 0.068750 0.075000
16 0.264844 0.321875 0.070312 0.075000
24 0.357812 0.320312 0.081250 0.071875
22 0.460938 0.322656 0.084375 0.076563
27 0.557031 0.324219 0.082812 0.079687
37 0.645312 0.321094 0.068750 0.073438
33 0.731250 0.322656 0.071875 0.076563
11 0.821875 0.322656 0.068750 0.076563
22 0.907813 0.324219 0.084375 0.079687
