9 0.082812 0.085938 0.065625 0.071875
1 0.171094 0.089063 0.079687 0.078125
2 0.261719 0.087500 0.070312 0.075000
10 0.350000 0.091406 0.075000 0.082812
12 0.439063 0.085938 0.078125 0.071875
2 0.532031 0.085938 0.067187 0.071875
29 0.601562 0.092188 0.053125 0.084375
18 0.672656 0.086719 0.073438 0.073438
27 0.761719 0.089844 0.082812 0.079687
21 0.850781 0.086719 0.076563 0.073438
14 0.086719 0.203906 0.073438 0.076563
13 0.181250 0.203906 0.078125 0.076563
15 0.269531 0.210156 0.067187 0.089063
2 0.350781 0.203125 0.070312 0.075000
26 0.446094 0.203906 0.085938 0.076563
16 0.536719 0.201563 0.067187 0.071875
31 0.630469 0.203125 0.076563 0.075000
20 0.717187 0.207813 0.068750 0.084375
23 0.797656 0.203125 0.076563 0.075000
20 0.887500 0.207813 0.068750 0.084375
33 0.085938 0.324219 0.071875 0.076563
5 0.175000 0.323437 0.084375 0.075000
27 0.272656 0.327344 0.085938 0.082812
35 0.382031 0.324219 0.089063 0.076563
24 0.484375 0.321875 0.081250 0.071875
0 0.569531 0.322656 0.067187 0.073438
