26 0.091406 0.086719 0.082812 0.073438
22 0.192188 0.088281 0.084375 0.076563
37 0.278125 0.086719 0.068750 0.073438
8 0.353125 0.088281 0.053125 0.076563
18 0.439844 0.088281 0.076563 0.076563
32 0.533594 0.086719 0.067187 0.073438
3 0.617969 0.088281 0.067187 0.076563
20 0.709375 0.093750 0.071875 0.087500
4 0.799219 0.089844 0.070312 0.079687
25 0.884375 0.085938 0.071875 0.071875
14 0.086719 0.207031 0.073438 0.076563
9 0.179688 0.206250 0.068750 0.075000
5 0.270313 0.204687 0.081250 0.071875
18 0.369531 0.205469 0.073438 0.073438
15 0.461719 0.214844 0.070312 0.092188
10 0.543750 0.208594 0.075000 0.079687
3 0.627344 0.208594 0.070312 0.079687
19 0.711719 0.210938 0.070312 0.084375
14 0.802344 0.205469 0.070312 0.073438
30 0.889062 0.206250 0.068750 0.075000
17 0.085938 0.330469 0.071875 0.076563
35 0.186719 0.332031 0.092188 0.079687
13 0.278125 0.330469 0.075000 0.076563
15 0.360156 0.336719 0.067187 0.089063
19 0.441406 0.335938 0.076563 0.087500
16 0.530469 0.329688 0.070312 0.075000
20 0.614062 0.335938 0.075000 0.087500
8 0.695312 0.330469 0.053125 0.076563
37 0.771875 0.328906 0.068750 0.073438
23 0.866406 0.329688 0.076563 0.075000
