30 0.082812 0.085938 0.065625 0.071875
5 0.167187 0.087500 0.084375 0.075000
15 0.255469 0.096094 0.073438 0.092188
0 0.335156 0.086719 0.067187 0.073438
36 0.420312 0.086719 0.081250 0.073438
12 0.520312 0.087500 0.081250 0.075000
15 0.603906 0.096094 0.070312 0.092188
14 0.682031 0.086719 0.070312 0.073438
3 0.760156 0.089844 0.070312 0.079687
3 0.836719 0.088281 0.067187 0.076563
16 0.085156 0.210938 0.070312 0.075000
3 0.167969 0.213281 0.070312 0.079687
29 0.243750 0.217188 0.056250 0.087500
22 0.332813 0.210156 0.081250 0.073438
8 0.415625 0.210156 0.053125 0.073438
15 0.488281 0.219531 0.073438 0.092188
23 0.575781 0.209375 0.073438 0.071875
32 0.661719 0.210156 0.067187 0.073438
3 0.738281 0.211719 0.067187 0.076563
31 0.822656 0.209375 0.073438 0.071875
10 0.906250 0.213281 0.071875 0.079687
29 0.075000 0.339062 0.050000 0.084375
15 0.144531 0.341406 0.067187 0.089063
32 0.232031 0.335156 0.070312 0.076563
21 0.327344 0.333594 0.076563 0.073438
20 0.417187 0.339062 0.068750 0.084375
9 0.501563 0.332813 0.065625 0.071875
5 0.593750 0.332813 0.081250 0.071875
6 0.692187 0.332813 0.081250 0.071875
29 0.768750 0.340625 0.056250 0.087500
29 0.834375 0.339062 0.050000 0.084375
17 0.914062 0.333594 0.068750 0.073438
30 0.084375 0.454688 0.068750 0.075000
