15 0.083594 0.094531 0.067187 0.089063
9 0.162500 0.087500 0.068750 0.075000
27 0.249219 0.091406 0.085938 0.082812
12 0.350000 0.087500 0.081250 0.075000
17 0.439063 0.086719 0.068750 0.073438
3 0.528906 0.089844 0.070312 0.079687
2 0.616406 0.087500 0.070312 0.075000
1 0.703906 0.090625 0.082812 0.081250
20 0.795312 0.092188 0.068750 0.084375
12 0.879687 0.085938 0.078125 0.071875
5 0.092188 0.207813 0.084375 0.075000
8 0.179688 0.207031 0.050000 0.073438
26 0.260156 0.208594 0.085938 0.076563
33 0.348438 0.208594 0.071875 0.076563
17 0.429688 0.207031 0.068750 0.073438
30 0.512500 0.206250 0.065625 0.071875
17 0.589063 0.208594 0.071875 0.076563
13 0.684375 0.207031 0.075000 0.073438
23 0.778906 0.206250 0.073438 0.071875
2 0.872656 0.207813 0.070312 0.075000
10 0.087500 0.319531 0.075000 0.082812
23 0.172656 0.314063 0.073438 0.071875
27 0.264844 0.319531 0.085938 0.082812
34 0.354687 0.319531 0.075000 0.082812
23 0.450781 0.314063 0.073438 0.071875
34 0.543750 0.321094 0.078125 0.085938
28 0.644531 0.323437 0.085938 0.090625
19 0.744531 0.320312 0.070312 0.084375
1 0.839844 0.318750 0.082812 0.081250
4 0.083594 0.438281 0.067187 0.076563
20 0.170313 0.443750 0.071875 0.087500
