19 0.085156 0.092188 0.070312 0.084375
8 0.157812 0.086719 0.050000 0.073438
8 0.220312 0.088281 0.053125 0.076563
12 0.295312 0.085938 0.078125 0.071875
6 0.389062 0.089063 0.084375 0.078125
33 0.478125 0.088281 0.071875 0.076563
3 0.567969 0.088281 0.070312 0.076563
30 0.643750 0.085938 0.065625 0.071875
32 0.725781 0.088281 0.070312 0.076563
11 0.815625 0.089844 0.071875 0.079687
3 0.900781 0.089844 0.070312 0.079687
34 0.087500 0.207031 0.075000 0.082812
9 0.173437 0.201563 0.068750 0.071875
6 0.257812 0.201563 0.081250 0.071875
27 0.350781 0.205469 0.082812 0.079687
10 0.439063 0.207031 0.075000 0.082812
15 0.530469 0.211719 0.070312 0.092188
36 0.628125 0.202344 0.081250 0.073438
16 0.711719 0.203125 0.070312 0.075000
9 0.796875 0.201563 0.065625 0.071875
26 0.892969 0.203906 0.085938 0.076563
32 0.083594 0.325781 0.067187 0.073438
20 0.165625 0.331250 0.068750 0.084375
30 0.240625 0.325000 0.065625 0.071875
29 0.315625 0.331250 0.053125 0.084375
11 0.385937 0.328906 0.071875 0.079687
29 0.467187 0.332813 0.056250 0.087500
14 0.552344 0.327344 0.073438 0.076563
8 0.634375 0.325781 0.050000 0.073438
33 0.707812 0.327344 0.071875 0.076563
