25 0.087500 0.087500 0.075000 0.075000
9 0.165625 0.085938 0.065625 0.071875
1 0.260156 0.089063 0.079687 0.078125
2 0.352344 0.087500 0.070312 0.075000
7 0.435156 0.085938 0.073438 0.071875
11 0.528125 0.089844 0.071875 0.079687
27 0.619531 0.089844 0.082812 0.079687
10 0.709375 0.091406 0.075000 0.082812
18 0.792969 0.086719 0.073438 0.073438
21 0.880469 0.086719 0.076563 0.073438
5 0.090625 0.200000 0.081250 0.071875
30 0.179688 0.200000 0.065625 0.071875
11 0.268750 0.203906 0.071875 0.079687
30 0.351562 0.201563 0.068750 0.075000
4 0.432031 0.202344 0.067187 0.076563
26 0.525781 0.202344 0.082812 0.076563
5 0.629687 0.201563 0.081250 0.075000
15 0.719531 0.208594 0.067187 0.089063
33 0.804688 0.202344 0.071875 0.076563
28 0.897656 0.207813 0.082812 0.087500
0 0.085156 0.321094 0.070312 0.073438
