8 0.076563 0.086719 0.053125 0.073438
13 0.154688 0.086719 0.075000 0.073438
37 0.239063 0.086719 0.068750 0.073438
12 0.328125 0.085938 0.078125 0.071875
16 0.417969 0.087500 0.070312 0.075000
13 0.509375 0.086719 0.075000 0.073438
3 0.597656 0.088281 0.067187 0.076563
37 0.684375 0.086719 0.068750 0.073438
32 0.769531 0.086719 0.067187 0.073438
2 0.847656 0.085938 0.067187 0.071875
7 0.088281 0.195312 0.076563 0.075000
31 0.177344 0.193750 0.073438 0.071875
26 0.263281 0.194531 0.082812 0.073438
36 0.353125 0.196094 0.081250 0.076563
5 0.454688 0.195312 0.084375 0.075000
10 0.553125 0.199219 0.075000 0.082812
30 0.639062 0.195312 0.068750 0.075000
25 0.723437 0.193750 0.071875 0.071875
22 0.818750 0.196094 0.084375 0.076563
20 0.910937 0.201563 0.071875 0.087500
32 0.083594 0.313281 0.067187 0.073438
30 0.160938 0.314063 0.068750 0.075000
8 0.231250 0.314844 0.053125 0.076563
20 0.303125 0.318750 0.068750 0.084375
27 0.399219 0.319531 0.085938 0.085938
0 0.486719 0.313281 0.067187 0.073438
6 0.581250 0.314063 0.084375 0.075000
37 0.665625 0.313281 0.068750 0.073438
22 0.762500 0.314844 0.081250 0.076563
5 0.865625 0.312500 0.081250 0.071875
11 0.084375 0.432031 0.068750 0.076563
22 0.178125 0.430469 0.081250 0.073438
9 0.275000 0.429688 0.068750 0.071875
