33 0.087500 0.089844 0.075000 0.079687
12 0.173437 0.085938 0.078125 0.071875
30 0.260937 0.085938 0.065625 0.071875
32 0.341406 0.086719 0.067187 0.073438
21 0.435156 0.086719 0.076563 0.073438
2 0.521094 0.085938 0.067187 0.071875
4 0.605469 0.089844 0.070312 0.079687
6 0.695312 0.089063 0.084375 0.078125
12 0.793750 0.085938 0.078125 0.071875
22 0.882812 0.086719 0.081250 0.073438
17 0.085938 0.199219 0.071875 0.076563
11 0.165625 0.199219 0.068750 0.076563
31 0.249219 0.198437 0.076563 0.075000
11 0.343750 0.200781 0.071875 0.079687
17 0.423438 0.197656 0.068750 0.073438
3 0.500781 0.199219 0.067187 0.076563
6 0.587500 0.198437 0.084375 0.075000
33 0.689063 0.200781 0.075000 0.079687
34 0.773438 0.203906 0.078125 0.085938
27 0.874219 0.200781 0.082812 0.079687
8 0.075000 0.314844 0.050000 0.073438
34 0.154688 0.319531 0.075000 0.082812
18 0.246094 0.316406 0.076563 0.076563
21 0.336719 0.316406 0.079687 0.076563
23 0.424219 0.314063 0.073438 0.071875
18 0.516406 0.314844 0.073438 0.073438
31 0.599219 0.315625 0.076563 0.075000
37 0.695312 0.316406 0.071875 0.076563
36 0.790625 0.316406 0.084375 0.076563
