27 0.092969 0.091406 0.085938 0.082812
18 0.185156 0.086719 0.073438 0.073438
26 0.280469 0.088281 0.085938 0.076563
21 0.382031 0.086719 0.076563 0.073438
12 0.476562 0.087500 0.081250 0.075000
29 0.553125 0.092188 0.053125 0.084375
35 0.642969 0.086719 0.089063 0.073438
16 0.735156 0.085938 0.067187 0.071875
13 0.817187 0.086719 0.075000 0.073438
11 0.898438 0.088281 0.068750 0.076563
21 0.089844 0.203906 0.079687 0.076563
29 0.164062 0.207813 0.053125 0.084375
17 0.237500 0.202344 0.068750 0.073438
2 0.317969 0.203125 0.070312 0.075000
22 0.407813 0.202344 0.081250 0.073438
4 0.494531 0.203906 0.067187 0.076563
14 0.578906 0.202344 0.070312 0.073438
35 0.671094 0.203906 0.089063 0.076563
33 0.775000 0.205469 0.075000 0.079687
20 0.864062 0.207813 0.068750 0.084375
0 0.085156 0.319531 0.070312 0.076563
21 0.171094 0.317969 0.076563 0.073438
27 0.264844 0.322656 0.085938 0.082812
