0 0.083594 0.086719 0.067187 0.073438
1 0.171094 0.090625 0.082812 0.081250
37 0.260937 0.086719 0.068750 0.073438
5 0.343750 0.085938 0.081250 0.071875
31 0.435156 0.085938 0.073438 0.071875
12 0.520312 0.087500 0.078125 0.075000
15 0.607031 0.096094 0.073438 0.092188
21 0.699219 0.088281 0.079687 0.076563
36 0.798438 0.086719 0.081250 0.073438
22 0.901563 0.088281 0.084375 0.076563
29 0.075000 0.215625 0.050000 0.084375
17 0.154688 0.211719 0.071875 0.076563
24 0.243750 0.209375 0.081250 0.071875
36 0.335938 0.210156 0.081250 0.073438
27 0.432031 0.214844 0.085938 0.082812
23 0.522656 0.210938 0.076563 0.075000
36 0.609375 0.210156 0.081250 0.073438
35 0.703906 0.211719 0.092188 0.076563
15 0.802344 0.219531 0.070312 0.092188
7 0.889844 0.210938 0.076563 0.075000
19 0.085156 0.339062 0.070312 0.084375
35 0.175781 0.336719 0.092188 0.079687
7 0.280469 0.334375 0.076563 0.075000
17 0.371875 0.335156 0.071875 0.076563
4 0.464844 0.336719 0.070312 0.079687
14 0.544531 0.335156 0.073438 0.076563
11 0.626563 0.336719 0.071875 0.079687
24 0.714063 0.334375 0.084375 0.075000
33 0.814063 0.336719 0.075000 0.079687
5 0.907813 0.334375 0.084375 0.075000
33 0.085938 0.450781 0.071875 0.076563
1 0.180469 0.453125 0.082812 0.081250
32 0.277344 0.449219 0.067187 0.073438
25 0.360938 0.448437 0.071875 0.071875
