14 0.086719 0.088281 0.073438 0.076563
15 0.180469 0.096094 0.073438 0.092188
11 0.264062 0.088281 0.068750 0.076563
27 0.350781 0.091406 0.085938 0.082812
34 0.453125 0.091406 0.075000 0.082812
12 0.545312 0.085938 0.078125 0.071875
20 0.642188 0.093750 0.071875 0.087500
4 0.728906 0.089844 0.070312 0.079687
3 0.819531 0.088281 0.067187 0.076563
10 0.906250 0.091406 0.075000 0.082812
6 0.092188 0.212500 0.084375 0.078125
37 0.189062 0.210156 0.068750 0.073438
19 0.278906 0.215625 0.070312 0.084375
12 0.370312 0.209375 0.078125 0.071875
5 0.459375 0.209375 0.081250 0.071875
27 0.563281 0.214844 0.085938 0.082812
7 0.666406 0.210938 0.076563 0.075000
29 0.746875 0.215625 0.050000 0.084375
32 0.819531 0.211719 0.070312 0.076563
34 0.901563 0.214844 0.075000 0.082812
16 0.083594 0.325000 0.067187 0.071875
21 0.172656 0.325781 0.076563 0.073438
29 0.250000 0.331250 0.053125 0.084375
23 0.333594 0.326562 0.076563 0.075000
9 0.425000 0.325000 0.068750 0.071875
10 0.514062 0.330469 0.078125 0.082812
21 0.607031 0.327344 0.079687 0.076563
0 0.689844 0.325781 0.070312 0.073438
33 0.778125 0.328906 0.075000 0.079687
2 0.860156 0.325000 0.070312 0.071875
1 0.089844 0.443750 0.079687 0.078125
