26 0.092969 0.088281 0.085938 0.076563
35 0.200781 0.088281 0.092188 0.076563
12 0.303125 0.087500 0.081250 0.075000
32 0.388281 0.088281 0.070312 0.076563
9 0.470313 0.085938 0.065625 0.071875
13 0.554688 0.086719 0.075000 0.073438
27 0.644531 0.091406 0.085938 0.082812
32 0.733594 0.088281 0.070312 0.076563
22 0.818750 0.086719 0.081250 0.073438
24 0.090625 0.200000 0.081250 0.071875
18 0.182031 0.200781 0.073438 0.073438
22 0.281250 0.200781 0.081250 0.073438
34 0.368750 0.207031 0.078125 0.085938
23 0.464844 0.200000 0.073438 0.071875
8 0.543750 0.200781 0.053125 0.073438
21 0.617969 0.202344 0.079687 0.076563
36 0.706250 0.200781 0.081250 0.073438
9 0.792188 0.201563 0.068750 0.075000
0 0.872656 0.200781 0.067187 0.073438
24 0.092188 0.318750 0.084375 0.075000
30 0.185938 0.317188 0.065625 0.071875
30 0.271875 0.317188 0.068750 0.071875
20 0.354687 0.325000 0.075000 0.087500
10 0.437500 0.321094 0.071875 0.079687
5 0.531250 0.317188 0.081250 0.071875
31 0.622656 0.317188 0.073438 0.071875
36 0.710938 0.321094 0.084375 0.079687
31 0.813281 0.318750 0.076563 0.075000
2 0.900781 0.317188 0.067187 0.071875
14 0.086719 0.438281 0.073438 0.076563
14 0.169531 0.436719 0.070312 0.073438
22 0.253125 0.436719 0.081250 0.073438
0 0.346094 0.436719 0.067187 0.073438
20 0.428125 0.442188 0.068750 0.084375
