20 0.084375 0.092188 0.068750 0.084375
8 0.154688 0.086719 0.050000 0.073438
35 0.236719 0.086719 0.089063 0.073438
22 0.335938 0.086719 0.081250 0.073438
10 0.426563 0.091406 0.075000 0.082812
20 0.507812 0.092188 0.068750 0.084375
6 0.592187 0.087500 0.084375 0.075000
12 0.693750 0.087500 0.081250 0.075000
6 0.790625 0.087500 0.081250 0.075000
19 0.889844 0.093750 0.073438 0.087500
8 0.075000 0.205469 0.050000 0.073438
10 0.150000 0.208594 0.071875 0.079687
13 0.232813 0.205469 0.075000 0.073438
33 0.320312 0.207031 0.071875 0.076563
8 0.396875 0.205469 0.053125 0.073438
20 0.478125 0.210938 0.068750 0.084375
1 0.567969 0.209375 0.082812 0.081250
1 0.658594 0.207813 0.079687 0.078125
37 0.754687 0.205469 0.068750 0.073438
25 0.842187 0.206250 0.075000 0.075000
2 0.083594 0.320312 0.067187 0.071875
2 0.169531 0.321875 0.070312 0.075000
19 0.250781 0.326562 0.070312 0.084375
22 0.350000 0.322656 0.084375 0.076563
36 0.456250 0.322656 0.084375 0.076563
6 0.557813 0.321875 0.084375 0.075000
33 0.654687 0.322656 0.071875 0.076563
34 0.739062 0.325781 0.075000 0.082812
32 0.828906 0.321094 0.067187 0.073438
6 0.090625 0.437500 0.081250 0.075000
