7 0.088281 0.087500 0.076563 0.075000
25 0.175000 0.087500 0.075000 0.075000
15 0.267969 0.096094 0.070312 0.092188
10 0.350000 0.089844 0.071875 0.079687
14 0.433594 0.088281 0.073438 0.076563
25 0.515625 0.087500 0.075000 0.075000
26 0.616406 0.086719 0.082812 0.073438
34 0.717187 0.091406 0.075000 0.082812
5 0.817187 0.087500 0.084375 0.075000
32 0.911719 0.086719 0.067187 0.073438
29 0.076563 0.215625 0.053125 0.084375
4 0.147656 0.211719 0.067187 0.076563
13 0.242188 0.211719 0.078125 0.076563
36 0.342187 0.210156 0.081250 0.073438
29 0.421875 0.217188 0.053125 0.087500
17 0.492188 0.211719 0.071875 0.076563
19 0.588281 0.217188 0.076563 0.087500
9 0.668750 0.210938 0.068750 0.075000
20 0.746875 0.215625 0.068750 0.084375
6 0.837500 0.210938 0.084375 0.075000
4 0.083594 0.330469 0.067187 0.076563
15 0.161719 0.336719 0.067187 0.089063
21 0.252344 0.330469 0.079687 0.076563
33 0.348438 0.330469 0.071875 0.076563
2 0.428906 0.328125 0.067187 0.071875
35 0.525781 0.330469 0.089063 0.076563
30 0.618750 0.329688 0.068750 0.075000
8 0.685937 0.328906 0.050000 0.073438
