3 0.085156 0.089844 0.070312 0.079687
27 0.178906 0.091406 0.085938 0.082812
23 0.275781 0.087500 0.076563 0.075000
33 0.360938 0.089844 0.075000 0.079687
37 0.440625 0.086719 0.068750 0.073438
9 0.528125 0.085938 0.065625 0.071875
19 0.616406 0.092188 0.070312 0.084375
33 0.701562 0.089844 0.075000 0.079687
29 0.773438 0.092188 0.050000 0.084375
3 0.849219 0.089844 0.070312 0.079687
31 0.086719 0.203125 0.073438 0.075000
24 0.187500 0.203125 0.084375 0.075000
21 0.288281 0.202344 0.076563 0.073438
33 0.379688 0.203906 0.071875 0.076563
26 0.477344 0.205469 0.085938 0.079687
0 0.563281 0.202344 0.067187 0.073438
35 0.652344 0.202344 0.089063 0.073438
7 0.746094 0.201563 0.073438 0.071875
5 0.842187 0.203125 0.084375 0.075000
18 0.086719 0.313281 0.073438 0.073438
17 0.170313 0.313281 0.068750 0.073438
34 0.250000 0.317969 0.075000 0.082812
7 0.339844 0.312500 0.073438 0.071875
9 0.428125 0.314063 0.068750 0.075000
