7 0.086719 0.085938 0.073438 0.071875
1 0.178906 0.090625 0.082812 0.081250
19 0.271094 0.092188 0.070312 0.084375
28 0.366406 0.093750 0.082812 0.087500
35 0.472656 0.089844 0.092188 0.079687
31 0.574219 0.085938 0.073438 0.071875
25 0.657813 0.085938 0.071875 0.071875
32 0.749219 0.086719 0.067187 0.073438
18 0.836719 0.086719 0.073438 0.073438
28 0.091406 0.212500 0.082812 0.087500
1 0.191406 0.207813 0.079687 0.078125
24 0.293750 0.204687 0.081250 0.071875
32 0.377344 0.207031 0.070312 0.076563
0 0.467969 0.207031 0.070312 0.076563
4 0.558594 0.208594 0.070312 0.079687
6 0.657813 0.206250 0.084375 0.075000
34 0.756250 0.210156 0.075000 0.082812
5 0.851562 0.204687 0.081250 0.071875
32 0.085156 0.325781 0.070312 0.076563
32 0.175781 0.324219 0.067187 0.073438
1 0.269531 0.328125 0.082812 0.081250
7 0.364844 0.325000 0.076563 0.075000
16 0.446094 0.323437 0.067187 0.071875
19 0.538281 0.329688 0.073438 0.084375
2 0.621094 0.325000 0.070312 0.075000
2 0.700781 0.323437 0.067187 0.071875
36 0.784375 0.324219 0.081250 0.073438
33 0.873437 0.325781 0.071875 0.076563
33 0.085938 0.441406 0.071875 0.076563
24 0.182812 0.439063 0.081250 0.071875
36 0.278125 0.439844 0.081250 0.073438
32 0.364844 0.439844 0.067187 0.073438
