35 0.094531 0.086719 0.089063 0.073438
8 0.184375 0.088281 0.053125 0.076563
8 0.253125 0.088281 0.053125 0.076563
35 0.339844 0.089844 0.092188 0.079687
9 0.442188 0.085938 0.068750 0.071875
25 0.534375 0.085938 0.071875 0.071875
19 0.617969 0.092188 0.070312 0.084375
23 0.708594 0.087500 0.076563 0.075000
0 0.788281 0.086719 0.067187 0.073438
21 0.869531 0.086719 0.076563 0.073438
24 0.092188 0.203125 0.084375 0.075000
32 0.183594 0.202344 0.070312 0.073438
13 0.279687 0.203906 0.078125 0.076563
3 0.363281 0.205469 0.070312 0.079687
30 0.445312 0.203125 0.068750 0.075000
27 0.542969 0.207031 0.085938 0.082812
0 0.635156 0.203906 0.070312 0.076563
6 0.731250 0.203125 0.084375 0.075000
37 0.828125 0.203906 0.071875 0.076563
2 0.083594 0.315625 0.067187 0.071875
14 0.171094 0.316406 0.070312 0.073438
12 0.268750 0.317188 0.081250 0.075000
37 0.362500 0.317969 0.071875 0.076563
33 0.453125 0.319531 0.075000 0.079687
12 0.542188 0.317188 0.081250 0.075000
13 0.631250 0.316406 0.075000 0.073438
7 0.713281 0.315625 0.073438 0.071875
27 0.802344 0.321094 0.085938 0.082812
16 0.900781 0.317188 0.070312 0.075000
14 0.086719 0.432031 0.073438 0.076563
30 0.173437 0.431250 0.068750 0.075000
15 0.250781 0.439844 0.070312 0.092188
