34 0.087500 0.091406 0.075000 0.082812
1 0.174219 0.089063 0.079687 0.078125
15 0.263281 0.096094 0.070312 0.092188
0 0.342969 0.088281 0.070312 0.076563
5 0.435937 0.087500 0.084375 0.075000
17 0.521875 0.088281 0.071875 0.076563
11 0.610938 0.088281 0.071875 0.076563
21 0.705469 0.088281 0.079687 0.076563
26 0.799219 0.086719 0.082812 0.073438
3 0.891406 0.089844 0.070312 0.079687
35 0.094531 0.210156 0.089063 0.073438
35 0.203906 0.210156 0.089063 0.073438
30 0.301563 0.210938 0.068750 0.075000
7 0.392969 0.209375 0.073438 0.071875
34 0.489063 0.216406 0.081250 0.085938
1 0.578906 0.212500 0.079687 0.078125
16 0.661719 0.210938 0.070312 0.075000
25 0.746875 0.210938 0.075000 0.075000
32 0.838281 0.211719 0.070312 0.076563
18 0.088281 0.328906 0.076563 0.076563
5 0.182812 0.328125 0.084375 0.075000
3 0.280469 0.328906 0.067187 0.076563
15 0.363281 0.335156 0.067187 0.089063
22 0.453125 0.328906 0.084375 0.076563
21 0.547656 0.328906 0.079687 0.076563
4 0.642969 0.328906 0.067187 0.076563
36 0.732812 0.328906 0.084375 0.076563
16 0.816406 0.326562 0.067187 0.071875
23 0.910156 0.328125 0.076563 0.075000
