0 0.083594 0.086719 0.067187 0.073438
28 0.166406 0.093750 0.082812 0.087500
20 0.262500 0.092188 0.068750 0.084375
3 0.352344 0.089844 0.070312 0.079687
29 0.425000 0.092188 0.050000 0.084375
14 0.496094 0.086719 0.070312 0.073438
16 0.574219 0.085938 0.067187 0.071875
16 0.657031 0.087500 0.070312 0.075000
21 0.739844 0.086719 0.076563 0.073438
32 0.832031 0.088281 0.070312 0.076563
15 0.083594 0.213281 0.067187 0.089063
26 0.180469 0.205469 0.082812 0.073438
7 0.282031 0.206250 0.076563 0.075000
36 0.371875 0.207031 0.084375 0.076563
35 0.477344 0.208594 0.092188 0.079687
7 0.572656 0.206250 0.076563 0.075000
13 0.664062 0.207031 0.078125 0.076563
15 0.755469 0.214844 0.073438 0.092188
20 0.848437 0.210938 0.068750 0.084375
33 0.085938 0.330469 0.071875 0.076563
11 0.168750 0.330469 0.068750 0.076563
31 0.249219 0.328125 0.073438 0.071875
6 0.342187 0.328125 0.081250 0.071875
29 0.423438 0.334375 0.050000 0.084375
21 0.505469 0.328906 0.076563 0.073438
9 0.600000 0.329688 0.068750 0.075000
30 0.685937 0.328125 0.065625 0.071875
12 0.778125 0.329688 0.081250 0.075000
29 0.857812 0.334375 0.053125 0.084375
36 0.090625 0.444531 0.081250 0.073438
27 0.182031 0.447656 0.082812 0.079687
12 0.278125 0.445312 0.081250 0.075000
31 0.377344 0.443750 0.073438 0.071875
