17 0.084375 0.086719 0.068750 0.073438
30 0.164062 0.085938 0.065625 0.071875
34 0.245312 0.091406 0.075000 0.082812
26 0.344531 0.086719 0.082812 0.073438
26 0.444531 0.086719 0.082812 0.073438
5 0.534375 0.085938 0.081250 0.071875
32 0.628906 0.088281 0.070312 0.076563
19 0.708594 0.093750 0.073438 0.087500
27 0.808594 0.089844 0.082812 0.079687
22 0.092188 0.207031 0.084375 0.076563
5 0.195312 0.204687 0.081250 0.071875
30 0.276562 0.204687 0.065625 0.071875
24 0.364063 0.204687 0.081250 0.071875
29 0.445312 0.210938 0.053125 0.084375
5 0.525000 0.204687 0.081250 0.071875
27 0.622656 0.210156 0.085938 0.082812
30 0.714063 0.206250 0.068750 0.075000
6 0.807813 0.204687 0.081250 0.071875
24 0.907813 0.204687 0.081250 0.071875
26 0.092969 0.322656 0.085938 0.076563
19 0.188281 0.326562 0.070312 0.084375
26 0.285156 0.322656 0.085938 0.076563
25 0.379688 0.320312 0.071875 0.071875
31 0.467969 0.321875 0.076563 0.075000
