28 0.092969 0.093750 0.085938 0.087500
9 0.182812 0.087500 0.068750 0.075000
30 0.270313 0.085938 0.068750 0.071875
34 0.354687 0.092969 0.078125 0.085938
16 0.442969 0.085938 0.067187 0.071875
9 0.517188 0.085938 0.065625 0.071875
7 0.608594 0.085938 0.073438 0.071875
29 0.687500 0.093750 0.053125 0.087500
5 0.778125 0.087500 0.084375 0.075000
11 0.862500 0.088281 0.068750 0.076563
2 0.083594 0.204687 0.067187 0.071875
2 0.160156 0.206250 0.070312 0.075000
32 0.242969 0.205469 0.067187 0.073438
23 0.335156 0.206250 0.076563 0.075000
6 0.426563 0.204687 0.081250 0.071875
35 0.527344 0.207031 0.089063 0.076563
1 0.624219 0.207813 0.079687 0.078125
32 0.710156 0.205469 0.067187 0.073438
5 0.806250 0.204687 0.081250 0.071875
26 0.905469 0.205469 0.082812 0.073438
