7 0.086719 0.085938 0.073438 0.071875
32 0.175781 0.088281 0.070312 0.076563
29 0.250000 0.092188 0.053125 0.084375
30 0.326562 0.087500 0.068750 0.075000
6 0.417187 0.087500 0.084375 0.075000
11 0.510938 0.088281 0.068750 0.076563
22 0.601562 0.086719 0.081250 0.073438
3 0.685156 0.088281 0.067187 0.076563
30 0.765625 0.085938 0.068750 0.071875
0 0.852344 0.086719 0.067187 0.073438
23 0.086719 0.201563 0.073438 0.071875
12 0.179688 0.201563 0.078125 0.071875
0 0.267969 0.202344 0.067187 0.073438
1 0.358594 0.206250 0.082812 0.081250
1 0.455469 0.206250 0.082812 0.081250
3 0.539844 0.205469 0.070312 0.079687
14 0.622656 0.203906 0.073438 0.076563
31 0.711719 0.203125 0.076563 0.075000
14 0.800781 0.203906 0.073438 0.076563
27 0.896094 0.207031 0.085938 0.082812
32 0.083594 0.316406 0.067187 0.073438
31 0.177344 0.317188 0.076563 0.075000
16 0.264844 0.315625 0.067187 0.071875
31 0.342969 0.315625 0.073438 0.071875
18 0.438281 0.317969 0.076563 0.076563
9 0.518750 0.315625 0.068750 0.071875
35 0.614844 0.316406 0.089063 0.073438
