20 0.085938 0.093750 0.071875 0.087500
9 0.162500 0.085938 0.065625 0.071875
18 0.242969 0.086719 0.073438 0.073438
27 0.332031 0.089844 0.082812 0.079687
36 0.432812 0.086719 0.081250 0.073438
28 0.530469 0.095312 0.085938 0.090625
0 0.617969 0.088281 0.070312 0.076563
21 0.707031 0.088281 0.079687 0.076563
3 0.789844 0.089844 0.070312 0.079687
15 0.878906 0.094531 0.070312 0.089063
20 0.084375 0.214062 0.068750 0.084375
25 0.176563 0.209375 0.075000 0.075000
16 0.257031 0.207813 0.067187 0.071875
27 0.352344 0.211719 0.082812 0.079687
22 0.453125 0.210156 0.084375 0.076563
15 0.547656 0.216406 0.067187 0.089063
3 0.632031 0.210156 0.067187 0.076563
2 0.708594 0.209375 0.070312 0.075000
19 0.800781 0.215625 0.073438 0.087500
20 0.879687 0.214062 0.068750 0.084375
6 0.090625 0.328125 0.081250 0.071875
33 0.178125 0.332031 0.075000 0.079687
31 0.272656 0.328125 0.073438 0.071875
0 0.353906 0.328906 0.067187 0.073438
7 0.442969 0.329688 0.076563 0.075000
7 0.536719 0.328125 0.073438 0.071875
6 0.635938 0.328125 0.081250 0.071875
14 0.719531 0.328906 0.070312 0.073438
2 0.800781 0.329688 0.070312 0.075000
