24 0.090625 0.085938 0.081250 0.071875
32 0.174219 0.086719 0.067187 0.073438
34 0.260937 0.092969 0.081250 0.085938
7 0.349219 0.085938 0.073438 0.071875
29 0.426563 0.092188 0.053125 0.084375
30 0.500000 0.087500 0.068750 0.075000
27 0.591406 0.091406 0.085938 0.082812
28 0.699219 0.095312 0.085938 0.090625
29 0.776563 0.092188 0.053125 0.084375
16 0.852344 0.085938 0.067187 0.071875
7 0.086719 0.207813 0.073438 0.071875
10 0.175000 0.213281 0.075000 0.082812
28 0.267969 0.217188 0.085938 0.090625
22 0.371875 0.208594 0.081250 0.073438
35 0.466406 0.210156 0.092188 0.076563
12 0.565625 0.209375 0.081250 0.075000
18 0.664844 0.208594 0.073438 0.073438
26 0.764844 0.208594 0.082812 0.073438
20 0.853125 0.214062 0.068750 0.084375
31 0.088281 0.331250 0.076563 0.075000
5 0.175000 0.329688 0.081250 0.071875
1 0.274219 0.332813 0.079687 0.078125
37 0.356250 0.330469 0.068750 0.073438
31 0.438281 0.331250 0.076563 0.075000
24 0.532813 0.331250 0.084375 0.075000
