35 0.094531 0.086719 0.089063 0.073438
21 0.186719 0.088281 0.079687 0.076563
0 0.274219 0.088281 0.070312 0.076563
27 0.367969 0.089844 0.082812 0.079687
7 0.458594 0.085938 0.073438 0.071875
22 0.557813 0.088281 0.084375 0.076563
22 0.657813 0.086719 0.081250 0.073438
0 0.746094 0.088281 0.070312 0.076563
30 0.825000 0.085938 0.065625 0.071875
18 0.905469 0.086719 0.073438 0.073438
23 0.086719 0.196875 0.073438 0.071875
17 0.181250 0.199219 0.071875 0.076563
4 0.258594 0.199219 0.067187 0.076563
29 0.339062 0.203125 0.053125 0.084375
19 0.414844 0.204687 0.073438 0.087500
31 0.500781 0.196875 0.073438 0.071875
21 0.592969 0.197656 0.076563 0.073438
25 0.684375 0.196875 0.071875 0.071875
10 0.768750 0.200781 0.071875 0.079687
0 0.858594 0.197656 0.067187 0.073438
29 0.076563 0.321875 0.053125 0.084375
20 0.154688 0.323437 0.071875 0.087500
27 0.247656 0.319531 0.082812 0.079687
7 0.336719 0.317188 0.076563 0.075000
2 0.427344 0.317188 0.070312 0.075000
7 0.508594 0.317188 0.076563 0.075000
33 0.596875 0.319531 0.075000 0.079687
28 0.696094 0.325000 0.085938 0.090625
2 0.788281 0.315625 0.067187 0.071875
