18 0.088281 0.088281 0.076563 0.076563
10 0.173437 0.091406 0.075000 0.082812
4 0.263281 0.089844 0.070312 0.079687
7 0.350781 0.085938 0.073438 0.071875
13 0.443750 0.086719 0.075000 0.073438
1 0.535156 0.092188 0.082812 0.084375
19 0.622656 0.092188 0.070312 0.084375
0 0.700781 0.086719 0.070312 0.073438
9 0.785937 0.085938 0.065625 0.071875
37 0.873437 0.086719 0.068750 0.073438
7 0.086719 0.201563 0.073438 0.071875
7 0.180469 0.203125 0.076563 0.075000
4 0.275781 0.205469 0.070312 0.079687
31 0.358594 0.203125 0.076563 0.075000
28 0.449219 0.212500 0.089063 0.093750
35 0.560156 0.205469 0.092188 0.079687
26 0.666406 0.202344 0.082812 0.073438
34 0.757812 0.208594 0.078125 0.085938
19 0.842969 0.209375 0.073438 0.087500
5 0.092188 0.328125 0.084375 0.075000
37 0.184375 0.327344 0.068750 0.073438
3 0.271094 0.330469 0.070312 0.079687
18 0.350781 0.327344 0.073438 0.073438
34 0.437500 0.332031 0.075000 0.082812
14 0.519531 0.328906 0.073438 0.076563
21 0.613281 0.328906 0.079687 0.076563
28 0.711719 0.334375 0.082812 0.087500
0 0.799219 0.327344 0.067187 0.073438
20 0.889062 0.334375 0.071875 0.087500
