23 0.086719 0.085938 0.073438 0.071875
6 0.182812 0.085938 0.081250 0.071875
22 0.285938 0.086719 0.081250 0.073438
36 0.379688 0.088281 0.084375 0.076563
15 0.474219 0.096094 0.070312 0.092188
3 0.555469 0.088281 0.067187 0.076563
28 0.647656 0.095312 0.089063 0.090625
4 0.736719 0.089844 0.070312 0.079687
18 0.821094 0.086719 0.073438 0.073438
8 0.893750 0.086719 0.053125 0.073438
35 0.096094 0.211719 0.092188 0.076563
6 0.206250 0.210938 0.084375 0.075000
7 0.300781 0.210938 0.076563 0.075000
14 0.389844 0.210156 0.070312 0.073438
35 0.482031 0.211719 0.092188 0.076563
29 0.567187 0.215625 0.053125 0.084375
27 0.649219 0.213281 0.082812 0.079687
23 0.739844 0.210938 0.076563 0.075000
37 0.821875 0.210156 0.068750 0.073438
20 0.898438 0.215625 0.068750 0.084375
20 0.084375 0.331250 0.068750 0.084375
33 0.167187 0.327344 0.071875 0.076563
21 0.264844 0.327344 0.079687 0.076563
14 0.363281 0.327344 0.073438 0.076563
1 0.457031 0.328125 0.079687 0.078125
13 0.545312 0.327344 0.078125 0.076563
24 0.642188 0.326562 0.084375 0.075000
15 0.725781 0.333594 0.067187 0.089063
7 0.816406 0.325000 0.073438 0.071875
13 0.900000 0.327344 0.078125 0.076563
32 0.083594 0.446094 0.067187 0.073438
