6 0.092188 0.087500 0.084375 0.075000
8 0.176563 0.088281 0.053125 0.076563
27 0.264844 0.091406 0.085938 0.082812
37 0.351562 0.086719 0.068750 0.073438
4 0.442969 0.089844 0.070312 0.079687
24 0.528125 0.085938 0.081250 0.071875
13 0.626563 0.088281 0.078125 0.076563
31 0.711719 0.085938 0.073438 0.071875
27 0.805469 0.089844 0.082812 0.079687
28 0.897656 0.095312 0.085938 0.090625
18 0.086719 0.208594 0.073438 0.073438
17 0.178125 0.208594 0.068750 0.073438
5 0.273438 0.207813 0.081250 0.071875
13 0.370312 0.210156 0.078125 0.076563
26 0.463281 0.208594 0.082812 0.073438
25 0.560937 0.209375 0.075000 0.075000
18 0.650781 0.210156 0.076563 0.076563
1 0.742969 0.210938 0.079687 0.078125
3 0.836719 0.210156 0.067187 0.076563
14 0.086719 0.319531 0.073438 0.076563
23 0.172656 0.317188 0.073438 0.071875
10 0.262500 0.322656 0.075000 0.082812
15 0.344531 0.327344 0.070312 0.092188
14 0.424219 0.319531 0.073438 0.076563
21 0.511719 0.317969 0.076563 0.073438
13 0.600000 0.319531 0.078125 0.076563
30 0.684375 0.318750 0.068750 0.075000
32 0.764844 0.319531 0.070312 0.076563
37 0.848437 0.319531 0.071875 0.076563
31 0.088281 0.442188 0.076563 0.075000
12 0.178125 0.440625 0.078125 0.071875
