31 0.086719 0.085938 0.073438 0.071875
11 0.173437 0.089844 0.071875 0.079687
4 0.260156 0.089844 0.070312 0.079687
4 0.347656 0.088281 0.067187 0.076563
6 0.443750 0.085938 0.081250 0.071875
30 0.539062 0.085938 0.065625 0.071875
30 0.621875 0.085938 0.065625 0.071875
6 0.704688 0.087500 0.084375 0.075000
36 0.810937 0.088281 0.084375 0.076563
11 0.896875 0.088281 0.068750 0.076563
9 0.084375 0.198437 0.068750 0.075000
19 0.164844 0.203125 0.070312 0.084375
19 0.253906 0.204687 0.073438 0.087500
37 0.342187 0.197656 0.068750 0.073438
17 0.432812 0.197656 0.068750 0.073438
7 0.517969 0.196875 0.073438 0.071875
17 0.607812 0.197656 0.068750 0.073438
19 0.700781 0.204687 0.073438 0.087500
37 0.785937 0.197656 0.068750 0.073438
30 0.875000 0.196875 0.065625 0.071875
8 0.075000 0.316406 0.050000 0.073438
10 0.148438 0.319531 0.071875 0.079687
17 0.235937 0.316406 0.068750 0.073438
20 0.325000 0.323437 0.071875 0.087500
36 0.412500 0.316406 0.081250 0.073438
5 0.512500 0.315625 0.081250 0.071875
36 0.604688 0.317969 0.084375 0.076563
3 0.699219 0.319531 0.070312 0.079687
11 0.789062 0.317969 0.068750 0.076563
29 0.865625 0.321875 0.050000 0.084375
36 0.090625 0.435156 0.081250 0.073438
7 0.188281 0.435937 0.076563 0.075000
18 0.275781 0.435156 0.073438 0.073438
0 0.358594 0.435156 0.067187 0.073438
