36 0.092188 0.088281 0.084375 0.076563
27 0.183594 0.089844 0.082812 0.079687
31 0.278906 0.087500 0.076563 0.075000
18 0.372656 0.088281 0.076563 0.076563
20 0.464062 0.092188 0.071875 0.084375
14 0.552344 0.086719 0.070312 0.073438
16 0.641406 0.087500 0.070312 0.075000
26 0.732031 0.088281 0.085938 0.076563
17 0.826562 0.086719 0.068750 0.073438
34 0.087500 0.207031 0.075000 0.082812
18 0.169531 0.202344 0.073438 0.073438
35 0.271094 0.205469 0.092188 0.079687
37 0.364063 0.202344 0.068750 0.073438
25 0.451562 0.203125 0.075000 0.075000
24 0.553125 0.203125 0.084375 0.075000
2 0.639844 0.203125 0.070312 0.075000
35 0.736719 0.205469 0.092188 0.079687
5 0.832812 0.201563 0.081250 0.071875
19 0.086719 0.321875 0.073438 0.084375
20 0.178125 0.321875 0.068750 0.084375
5 0.265625 0.317188 0.084375 0.075000
12 0.360938 0.315625 0.078125 0.071875
26 0.452344 0.316406 0.082812 0.073438
9 0.550000 0.317188 0.068750 0.075000
