7 0.086719 0.085938 0.073438 0.071875
6 0.181250 0.085938 0.081250 0.071875
17 0.271875 0.086719 0.068750 0.073438
35 0.366406 0.088281 0.092188 0.076563
30 0.467187 0.085938 0.065625 0.071875
12 0.559375 0.085938 0.078125 0.071875
4 0.649219 0.089844 0.070312 0.079687
36 0.735938 0.086719 0.081250 0.073438
4 0.828906 0.088281 0.067187 0.076563
18 0.086719 0.197656 0.073438 0.073438
9 0.176563 0.196875 0.065625 0.071875
31 0.269531 0.198437 0.076563 0.075000
25 0.367188 0.198437 0.075000 0.075000
32 0.453906 0.199219 0.070312 0.076563
12 0.539062 0.198437 0.081250 0.075000
18 0.627344 0.197656 0.073438 0.073438
15 0.710156 0.207031 0.073438 0.092188
36 0.810937 0.199219 0.084375 0.076563
7 0.899219 0.196875 0.073438 0.071875
27 0.092969 0.325781 0.085938 0.082812
0 0.180469 0.321094 0.067187 0.073438
4 0.260156 0.324219 0.070312 0.079687
37 0.345313 0.321094 0.068750 0.073438
36 0.437500 0.324219 0.084375 0.079687
11 0.528125 0.324219 0.071875 0.079687
33 0.615625 0.322656 0.071875 0.076563
