3 0.083594 0.088281 0.067187 0.076563
21 0.174219 0.088281 0.079687 0.076563
26 0.266406 0.088281 0.085938 0.076563
13 0.365625 0.088281 0.078125 0.076563
32 0.455469 0.088281 0.070312 0.076563
15 0.533594 0.094531 0.067187 0.089063
34 0.625000 0.092969 0.078125 0.085938
36 0.714063 0.086719 0.081250 0.073438
28 0.811719 0.095312 0.089063 0.090625
23 0.905469 0.085938 0.073438 0.071875
32 0.083594 0.208594 0.067187 0.073438
32 0.171094 0.208594 0.067187 0.073438
17 0.259375 0.210156 0.071875 0.076563
37 0.348438 0.208594 0.068750 0.073438
20 0.434375 0.215625 0.071875 0.087500
20 0.523438 0.215625 0.071875 0.087500
23 0.603906 0.207813 0.073438 0.071875
0 0.689844 0.210156 0.070312 0.076563
3 0.775781 0.211719 0.070312 0.079687
14 0.861719 0.208594 0.070312 0.073438
23 0.086719 0.326562 0.073438 0.071875
28 0.172656 0.334375 0.082812 0.087500
32 0.263281 0.328906 0.070312 0.076563
21 0.346094 0.327344 0.076563 0.073438
8 0.421875 0.327344 0.050000 0.073438
