18 0.086719 0.086719 0.073438 0.073438
32 0.167969 0.086719 0.067187 0.073438
19 0.247656 0.092188 0.070312 0.084375
6 0.343750 0.085938 0.081250 0.071875
23 0.438281 0.085938 0.073438 0.071875
22 0.531250 0.086719 0.081250 0.073438
2 0.617969 0.087500 0.070312 0.075000
6 0.706250 0.085938 0.081250 0.071875
2 0.789844 0.087500 0.070312 0.075000
19 0.880469 0.092188 0.073438 0.084375
30 0.082812 0.201563 0.065625 0.071875
21 0.167969 0.202344 0.076563 0.073438
3 0.252344 0.203906 0.067187 0.076563
37 0.342187 0.203906 0.071875 0.076563
6 0.434375 0.201563 0.081250 0.071875
26 0.528906 0.202344 0.082812 0.073438
11 0.614062 0.205469 0.071875 0.079687
6 0.700000 0.203125 0.084375 0.075000
31 0.797656 0.201563 0.073438 0.071875
27 0.892969 0.207031 0.085938 0.082812
25 0.087500 0.317188 0.075000 0.075000
31 0.180469 0.315625 0.073438 0.071875
18 0.263281 0.316406 0.073438 0.073438
