24 0.090625 0.085938 0.081250 0.071875
15 0.180469 0.096094 0.073438 0.092188
17 0.259375 0.086719 0.068750 0.073438
12 0.350000 0.085938 0.078125 0.071875
14 0.441406 0.086719 0.070312 0.073438
35 0.539844 0.088281 0.089063 0.076563
5 0.646875 0.087500 0.084375 0.075000
36 0.746875 0.088281 0.084375 0.076563
28 0.838281 0.093750 0.082812 0.087500
12 0.089063 0.209375 0.078125 0.071875
36 0.189062 0.211719 0.084375 0.076563
9 0.281250 0.210938 0.068750 0.075000
30 0.356250 0.209375 0.065625 0.071875
4 0.442969 0.213281 0.070312 0.079687
10 0.525000 0.213281 0.071875 0.079687
2 0.605469 0.209375 0.067187 0.071875
18 0.697656 0.210156 0.073438 0.073438
9 0.779687 0.210938 0.068750 0.075000
18 0.867969 0.211719 0.076563 0.076563
10 0.085938 0.324219 0.071875 0.079687
21 0.180469 0.321094 0.076563 0.073438
8 0.260937 0.321094 0.050000 0.073438
1 0.346094 0.323437 0.079687 0.078125
13 0.442188 0.321094 0.075000 0.073438
