37 0.084375 0.086719 0.068750 0.073438
26 0.180469 0.088281 0.085938 0.076563
36 0.278125 0.086719 0.081250 0.073438
1 0.371094 0.090625 0.082812 0.081250
24 0.471875 0.087500 0.084375 0.075000
26 0.575781 0.088281 0.085938 0.076563
31 0.672656 0.085938 0.073438 0.071875
34 0.760938 0.091406 0.075000 0.082812
11 0.842187 0.088281 0.068750 0.076563
36 0.092188 0.202344 0.084375 0.076563
36 0.182812 0.200781 0.081250 0.073438
11 0.270313 0.203906 0.071875 0.079687
7 0.360156 0.200000 0.073438 0.071875
11 0.448437 0.202344 0.068750 0.076563
4 0.527344 0.202344 0.067187 0.076563
11 0.617188 0.202344 0.068750 0.076563
21 0.708594 0.202344 0.079687 0.076563
17 0.800000 0.202344 0.071875 0.076563
5 0.896875 0.201563 0.084375 0.075000
8 0.076563 0.311719 0.053125 0.073438
19 0.153906 0.318750 0.073438 0.087500
32 0.235156 0.311719 0.067187 0.073438
1 0.325781 0.314063 0.079687 0.078125
4 0.416406 0.313281 0.067187 0.076563
12 0.500000 0.310937 0.078125 0.071875
14 0.585156 0.311719 0.070312 0.073438
29 0.667188 0.317188 0.053125 0.084375
35 0.758594 0.313281 0.092188 0.076563
16 0.855469 0.312500 0.070312 0.075000
26 0.092969 0.432031 0.085938 0.076563
30 0.182812 0.431250 0.068750 0.075000
7 0.274219 0.429688 0.073438 0.071875
27 0.367969 0.433594 0.082812 0.079687
4 0.452344 0.432031 0.067187 0.076563
