36 0.090625 0.088281 0.081250 0.076563
17 0.182812 0.086719 0.068750 0.073438
35 0.283594 0.086719 0.089063 0.073438
5 0.379688 0.089063 0.084375 0.078125
27 0.485156 0.089844 0.082812 0.079687
12 0.576562 0.087500 0.081250 0.075000
21 0.671094 0.088281 0.079687 0.076563
23 0.764844 0.085938 0.073438 0.071875
11 0.856250 0.088281 0.068750 0.076563
11 0.085938 0.199219 0.071875 0.076563
4 0.167969 0.199219 0.067187 0.076563
8 0.248438 0.197656 0.053125 0.073438
16 0.330469 0.196875 0.067187 0.071875
31 0.416406 0.198437 0.076563 0.075000
5 0.503125 0.196875 0.081250 0.071875
8 0.578125 0.197656 0.050000 0.073438
22 0.654687 0.199219 0.084375 0.076563
16 0.749219 0.198437 0.070312 0.075000
32 0.838281 0.197656 0.067187 0.073438
26 0.092969 0.307031 0.085938 0.076563
