34 0.087500 0.091406 0.075000 0.082812
18 0.183594 0.086719 0.073438 0.073438
30 0.265625 0.085938 0.065625 0.071875
29 0.335938 0.092188 0.050000 0.084375
19 0.416406 0.093750 0.073438 0.087500
32 0.507031 0.086719 0.067187 0.073438
22 0.603125 0.086719 0.081250 0.073438
25 0.690625 0.087500 0.075000 0.075000
1 0.783594 0.090625 0.082812 0.081250
22 0.873437 0.086719 0.081250 0.073438
12 0.089063 0.204687 0.078125 0.071875
34 0.173437 0.210156 0.075000 0.082812
19 0.267969 0.212500 0.076563 0.087500
19 0.349219 0.210938 0.070312 0.084375
6 0.443750 0.204687 0.081250 0.071875
10 0.531250 0.208594 0.071875 0.079687
12 0.618750 0.206250 0.081250 0.075000
22 0.709375 0.205469 0.081250 0.073438
7 0.794531 0.204687 0.073438 0.071875
28 0.892969 0.214062 0.085938 0.090625
4 0.085156 0.330469 0.070312 0.079687
9 0.175000 0.326562 0.065625 0.071875
37 0.259375 0.327344 0.068750 0.073438
25 0.350000 0.328125 0.075000 0.075000
19 0.439844 0.334375 0.073438 0.087500
20 0.525000 0.332813 0.068750 0.084375
