34 0.089063 0.092969 0.078125 0.085938
5 0.184375 0.087500 0.081250 0.075000
7 0.275781 0.085938 0.073438 0.071875
24 0.367188 0.085938 0.081250 0.071875
31 0.457031 0.087500 0.076563 0.075000
29 0.534375 0.092188 0.053125 0.084375
24 0.617188 0.085938 0.081250 0.071875
14 0.713281 0.088281 0.073438 0.076563
6 0.803125 0.089063 0.084375 0.078125
10 0.903125 0.091406 0.075000 0.082812
8 0.076563 0.203906 0.053125 0.073438
37 0.156250 0.203906 0.068750 0.073438
7 0.244531 0.204687 0.076563 0.075000
6 0.343750 0.204687 0.084375 0.075000
15 0.439844 0.211719 0.067187 0.089063
2 0.528906 0.203125 0.067187 0.071875
5 0.625000 0.203125 0.081250 0.071875
32 0.711719 0.203906 0.067187 0.073438
23 0.800781 0.204687 0.076563 0.075000
37 0.890625 0.205469 0.071875 0.076563
3 0.085156 0.327344 0.070312 0.079687
15 0.169531 0.332031 0.067187 0.089063
23 0.260156 0.323437 0.073438 0.071875
7 0.342969 0.325000 0.076563 0.075000
8 0.428125 0.325781 0.053125 0.076563
27 0.508594 0.328906 0.085938 0.082812
3 0.607031 0.325781 0.067187 0.076563
29 0.676562 0.329688 0.050000 0.084375
31 0.746094 0.323437 0.073438 0.071875
29 0.829688 0.329688 0.050000 0.084375
16 0.900781 0.325000 0.070312 0.075000
26 0.091406 0.444531 0.082812 0.073438
32 0.180469 0.444531 0.067187 0.073438
2 0.260156 0.443750 0.067187 0.071875
