31 0.086719 0.085938 0.073438 0.071875
14 0.182031 0.088281 0.073438 0.076563
35 0.282031 0.089844 0.092188 0.079687
17 0.379688 0.086719 0.068750 0.073438
33 0.467187 0.089844 0.075000 0.079687
19 0.553906 0.093750 0.073438 0.087500
4 0.633594 0.089844 0.070312 0.079687
37 0.712500 0.086719 0.068750 0.073438
4 0.788281 0.088281 0.067187 0.076563
15 0.864844 0.094531 0.067187 0.089063
24 0.092188 0.207813 0.084375 0.075000
10 0.189062 0.210156 0.071875 0.079687
24 0.273438 0.206250 0.081250 0.071875
37 0.356250 0.207031 0.068750 0.073438
0 0.446094 0.207031 0.067187 0.073438
9 0.531250 0.207813 0.068750 0.075000
28 0.622656 0.215625 0.085938 0.090625
26 0.725781 0.207031 0.082812 0.073438
34 0.817187 0.211719 0.075000 0.082812
21 0.911719 0.207031 0.076563 0.073438
2 0.083594 0.328125 0.067187 0.071875
13 0.162500 0.328906 0.075000 0.073438
0 0.241406 0.328906 0.067187 0.073438
20 0.321875 0.334375 0.068750 0.084375
31 0.414844 0.329688 0.076563 0.075000
4 0.496094 0.332031 0.070312 0.079687
26 0.589844 0.328906 0.082812 0.073438
7 0.689844 0.328125 0.073438 0.071875
35 0.780469 0.330469 0.092188 0.076563
18 0.883594 0.330469 0.076563 0.076563
34 0.089063 0.450781 0.078125 0.085938
0 0.171094 0.446094 0.070312 0.076563
