32 0.085156 0.088281 0.070312 0.076563
2 0.169531 0.085938 0.067187 0.071875
36 0.256250 0.088281 0.084375 0.076563
15 0.350781 0.096094 0.073438 0.092188
15 0.436719 0.094531 0.067187 0.089063
34 0.528125 0.092969 0.078125 0.085938
33 0.614062 0.088281 0.071875 0.076563
21 0.710156 0.086719 0.076563 0.073438
18 0.796094 0.086719 0.073438 0.073438
8 0.881250 0.086719 0.053125 0.073438
21 0.089844 0.211719 0.079687 0.076563
19 0.175781 0.215625 0.070312 0.084375
29 0.257812 0.215625 0.050000 0.084375
23 0.328906 0.210938 0.076563 0.075000
27 0.427344 0.214844 0.085938 0.082812
33 0.521875 0.211719 0.071875 0.076563
0 0.603906 0.211719 0.070312 0.076563
2 0.683594 0.209375 0.067187 0.071875
15 0.761719 0.217969 0.067187 0.089063
36 0.850000 0.211719 0.084375 0.076563
31 0.086719 0.329688 0.073438 0.071875
11 0.170313 0.332031 0.068750 0.076563
10 0.253125 0.333594 0.071875 0.079687
33 0.335938 0.332031 0.071875 0.076563
4 0.427344 0.333594 0.070312 0.079687
15 0.507031 0.339844 0.070312 0.092188
27 0.594531 0.335156 0.085938 0.082812
37 0.679688 0.330469 0.068750 0.073438
13 0.768750 0.330469 0.075000 0.073438
31 0.855469 0.331250 0.076563 0.075000
20 0.085938 0.460938 0.071875 0.087500
15 0.174219 0.461719 0.067187 0.089063
2 0.264844 0.454688 0.070312 0.075000
