15 0.085156 0.096094 0.070312 0.092188
10 0.167187 0.089844 0.071875 0.079687
26 0.255469 0.086719 0.082812 0.073438
4 0.339844 0.089844 0.070312 0.079687
30 0.415625 0.085938 0.065625 0.071875
27 0.510156 0.089844 0.082812 0.079687
29 0.589063 0.092188 0.050000 0.084375
27 0.678906 0.091406 0.085938 0.082812
1 0.777344 0.089063 0.079687 0.078125
13 0.871875 0.088281 0.078125 0.076563
25 0.087500 0.210938 0.075000 0.075000
34 0.179688 0.214844 0.075000 0.082812
26 0.280469 0.210156 0.082812 0.073438
36 0.382812 0.213281 0.084375 0.079687
35 0.478906 0.210156 0.089063 0.073438
28 0.582031 0.217188 0.082812 0.087500
3 0.678906 0.211719 0.070312 0.076563
29 0.753125 0.215625 0.053125 0.084375
14 0.827344 0.211719 0.073438 0.076563
31 0.086719 0.328125 0.073438 0.071875
35 0.178906 0.332031 0.092188 0.079687
6 0.279687 0.329688 0.084375 0.075000
7 0.382031 0.329688 0.076563 0.075000
22 0.479687 0.330469 0.084375 0.076563
7 0.574219 0.328125 0.073438 0.071875
31 0.657031 0.328125 0.073438 0.071875
11 0.743750 0.330469 0.068750 0.076563
6 0.829688 0.329688 0.084375 0.075000
13 0.087500 0.439844 0.075000 0.073438
8 0.159375 0.439844 0.050000 0.073438
5 0.248438 0.440625 0.084375 0.075000
