14 0.086719 0.088281 0.073438 0.076563
20 0.173437 0.093750 0.071875 0.087500
26 0.264844 0.089844 0.085938 0.079687
17 0.356250 0.086719 0.068750 0.073438
11 0.442188 0.088281 0.068750 0.076563
5 0.525000 0.085938 0.081250 0.071875
7 0.621094 0.085938 0.073438 0.071875
13 0.704688 0.086719 0.075000 0.073438
29 0.790625 0.092188 0.053125 0.084375
8 0.851562 0.086719 0.050000 0.073438
19 0.086719 0.212500 0.073438 0.087500
28 0.177344 0.212500 0.082812 0.087500
1 0.267969 0.207813 0.079687 0.078125
15 0.358594 0.214844 0.070312 0.092188
13 0.445312 0.205469 0.075000 0.073438
25 0.537500 0.206250 0.075000 0.075000
4 0.622656 0.208594 0.070312 0.079687
22 0.720313 0.207031 0.084375 0.076563
10 0.817187 0.210156 0.078125 0.082812
35 0.096094 0.330469 0.092188 0.076563
29 0.190625 0.335938 0.056250 0.087500
31 0.263281 0.328125 0.073438 0.071875
13 0.360938 0.330469 0.078125 0.076563
28 0.450781 0.337500 0.085938 0.090625
1 0.549219 0.331250 0.079687 0.078125
19 0.639844 0.334375 0.070312 0.084375
19 0.733594 0.335938 0.073438 0.087500
