14 0.086719 0.088281 0.073438 0.076563
22 0.176563 0.088281 0.084375 0.076563
37 0.273438 0.086719 0.071875 0.073438
17 0.367188 0.088281 0.071875 0.076563
17 0.454688 0.088281 0.071875 0.076563
2 0.538281 0.087500 0.070312 0.075000
7 0.632031 0.087500 0.076563 0.075000
12 0.731250 0.087500 0.081250 0.075000
5 0.828125 0.085938 0.081250 0.071875
9 0.084375 0.193750 0.068750 0.071875
11 0.175000 0.196094 0.068750 0.076563
18 0.264844 0.194531 0.073438 0.073438
14 0.357031 0.196094 0.073438 0.076563
8 0.431250 0.194531 0.050000 0.073438
12 0.509375 0.193750 0.078125 0.071875
0 0.600781 0.194531 0.067187 0.073438
1 0.683594 0.196875 0.079687 0.078125
27 0.785156 0.197656 0.082812 0.079687
20 0.875000 0.200000 0.068750 0.084375
33 0.085938 0.311719 0.071875 0.076563
6 0.181250 0.309375 0.081250 0.071875
17 0.268750 0.310156 0.068750 0.073438
8 0.340625 0.310156 0.053125 0.073438
5 0.425000 0.310937 0.084375 0.075000
34 0.520312 0.316406 0.078125 0.085938
9 0.609375 0.309375 0.065625 0.071875
6 0.704688 0.310937 0.084375 0.075000
20 0.804688 0.317188 0.071875 0.087500
6 0.892188 0.309375 0.081250 0.071875
