7 0.086719 0.085938 0.073438 0.071875
23 0.174219 0.087500 0.076563 0.075000
3 0.267969 0.089844 0.070312 0.079687
4 0.358594 0.089844 0.070312 0.079687
27 0.442969 0.089844 0.082812 0.079687
17 0.532813 0.086719 0.068750 0.073438
7 0.627344 0.087500 0.076563 0.075000
11 0.712500 0.089844 0.071875 0.079687
32 0.792969 0.088281 0.070312 0.076563
13 0.884375 0.086719 0.075000 0.073438
30 0.082812 0.196875 0.065625 0.071875
7 0.169531 0.196875 0.073438 0.071875
25 0.253125 0.198437 0.075000 0.075000
32 0.338281 0.197656 0.070312 0.073438
30 0.425000 0.196875 0.068750 0.071875
37 0.514062 0.197656 0.068750 0.073438
34 0.604688 0.203906 0.078125 0.085938
18 0.699219 0.197656 0.073438 0.073438
26 0.792969 0.197656 0.082812 0.073438
4 0.882031 0.200781 0.070312 0.079687
