9 0.084375 0.085938 0.068750 0.071875
22 0.170313 0.086719 0.081250 0.073438
26 0.267969 0.088281 0.085938 0.076563
28 0.377344 0.095312 0.089063 0.090625
26 0.478906 0.088281 0.085938 0.076563
15 0.569531 0.094531 0.067187 0.089063
34 0.657813 0.091406 0.075000 0.082812
3 0.736719 0.088281 0.067187 0.076563
36 0.832812 0.088281 0.084375 0.076563
27 0.091406 0.211719 0.082812 0.079687
21 0.180469 0.208594 0.076563 0.073438
35 0.285156 0.208594 0.089063 0.073438
35 0.392969 0.208594 0.089063 0.073438
21 0.486719 0.208594 0.076563 0.073438
15 0.580469 0.216406 0.067187 0.089063
19 0.666406 0.214062 0.070312 0.084375
20 0.753125 0.215625 0.071875 0.087500
8 0.826562 0.208594 0.053125 0.073438
27 0.092969 0.333594 0.085938 0.082812
24 0.193750 0.328125 0.081250 0.071875
27 0.289844 0.332031 0.082812 0.079687
34 0.390625 0.335156 0.078125 0.085938
13 0.482812 0.330469 0.078125 0.076563
3 0.567969 0.332031 0.070312 0.079687
11 0.650000 0.330469 0.068750 0.076563
0 0.736719 0.328906 0.067187 0.073438
36 0.825000 0.328906 0.081250 0.073438
