34 0.087500 0.091406 0.075000 0.082812
22 0.185938 0.086719 0.081250 0.073438
29 0.268750 0.092188 0.053125 0.084375
26 0.352344 0.086719 0.082812 0.073438
27 0.446094 0.089844 0.082812 0.079687
18 0.544531 0.086719 0.073438 0.073438
32 0.638281 0.088281 0.070312 0.076563
28 0.728906 0.093750 0.082812 0.087500
16 0.813281 0.085938 0.067187 0.071875
36 0.903125 0.088281 0.084375 0.076563
32 0.085156 0.207031 0.070312 0.076563
28 0.172656 0.212500 0.082812 0.087500
12 0.267188 0.204687 0.078125 0.071875
27 0.363281 0.208594 0.082812 0.079687
37 0.448437 0.205469 0.068750 0.073438
31 0.541406 0.206250 0.076563 0.075000
3 0.630469 0.207031 0.070312 0.076563
11 0.721875 0.208594 0.071875 0.079687
3 0.799219 0.207031 0.067187 0.076563
8 0.879687 0.205469 0.050000 0.073438
31 0.086719 0.323437 0.073438 0.071875
11 0.173437 0.327344 0.071875 0.079687
4 0.264844 0.325781 0.067187 0.076563
