11 0.084375 0.088281 0.068750 0.076563
26 0.171094 0.086719 0.082812 0.073438
9 0.254688 0.085938 0.065625 0.071875
16 0.336719 0.085938 0.067187 0.071875
18 0.425781 0.086719 0.073438 0.073438
27 0.516406 0.091406 0.085938 0.082812
12 0.620313 0.087500 0.078125 0.075000
24 0.710938 0.085938 0.081250 0.071875
30 0.792188 0.085938 0.065625 0.071875
8 0.865625 0.086719 0.050000 0.073438
2 0.085156 0.201563 0.070312 0.075000
27 0.172656 0.203906 0.082812 0.079687
3 0.258594 0.203906 0.070312 0.079687
20 0.345313 0.207813 0.071875 0.087500
8 0.421875 0.202344 0.053125 0.076563
24 0.512500 0.201563 0.084375 0.075000
27 0.605469 0.205469 0.085938 0.082812
8 0.696875 0.202344 0.053125 0.076563
16 0.769531 0.201563 0.070312 0.075000
2 0.860156 0.200000 0.067187 0.071875
16 0.085156 0.320312 0.070312 0.075000
9 0.175000 0.318750 0.065625 0.071875
25 0.251563 0.318750 0.071875 0.071875
21 0.336719 0.319531 0.076563 0.073438
25 0.432812 0.318750 0.071875 0.071875
13 0.526563 0.321094 0.078125 0.076563
5 0.621875 0.318750 0.081250 0.071875
