33 0.085938 0.088281 0.071875 0.076563
25 0.170313 0.085938 0.071875 0.071875
4 0.258594 0.088281 0.067187 0.076563
11 0.339062 0.089844 0.071875 0.079687
10 0.425000 0.091406 0.075000 0.082812
15 0.519531 0.094531 0.070312 0.089063
18 0.602344 0.086719 0.073438 0.073438
6 0.692187 0.085938 0.081250 0.071875
29 0.765625 0.092188 0.050000 0.084375
21 0.850781 0.088281 0.079687 0.076563
17 0.084375 0.207031 0.068750 0.073438
15 0.167969 0.216406 0.070312 0.092188
15 0.249219 0.214844 0.067187 0.089063
28 0.344531 0.214062 0.082812 0.087500
29 0.431250 0.212500 0.050000 0.084375
34 0.501563 0.211719 0.075000 0.082812
4 0.582031 0.208594 0.067187 0.076563
0 0.661719 0.207031 0.067187 0.073438
35 0.763281 0.210156 0.092188 0.079687
27 0.867969 0.211719 0.085938 0.082812
29 0.076563 0.335938 0.053125 0.084375
30 0.153125 0.331250 0.068750 0.075000
32 0.241406 0.332031 0.070312 0.076563
18 0.325781 0.330469 0.073438 0.073438
34 0.410938 0.335156 0.075000 0.082812
23 0.497656 0.329688 0.073438 0.071875
18 0.583594 0.330469 0.073438 0.073438
24 0.673438 0.331250 0.084375 0.075000
35 0.777344 0.332031 0.089063 0.076563
37 0.871875 0.330469 0.068750 0.073438
32 0.085156 0.447656 0.070312 0.076563
