17 0.085938 0.088281 0.071875 0.076563
22 0.173437 0.086719 0.081250 0.073438
28 0.272656 0.093750 0.082812 0.087500
12 0.365625 0.085938 0.078125 0.071875
7 0.449219 0.087500 0.073438 0.075000
6 0.546875 0.085938 0.081250 0.071875
20 0.640625 0.093750 0.071875 0.087500
17 0.729688 0.088281 0.071875 0.076563
0 0.807031 0.086719 0.067187 0.073438
10 0.889062 0.091406 0.075000 0.082812
28 0.091406 0.212500 0.082812 0.087500
14 0.185156 0.207031 0.073438 0.076563
21 0.269531 0.205469 0.076563 0.073438
18 0.355469 0.205469 0.073438 0.073438
29 0.428125 0.210938 0.053125 0.084375
10 0.503125 0.210156 0.075000 0.082812
16 0.582031 0.204687 0.067187 0.071875
26 0.677344 0.205469 0.082812 0.073438
32 0.766406 0.205469 0.067187 0.073438
35 0.860156 0.205469 0.089063 0.073438
