20 0.085938 0.093750 0.071875 0.087500
30 0.173437 0.087500 0.068750 0.075000
36 0.268750 0.088281 0.084375 0.076563
22 0.364063 0.086719 0.081250 0.073438
25 0.460938 0.085938 0.071875 0.071875
25 0.553125 0.087500 0.075000 0.075000
30 0.637500 0.087500 0.068750 0.075000
14 0.721094 0.088281 0.073438 0.076563
23 0.803906 0.085938 0.073438 0.071875
22 0.898438 0.086719 0.081250 0.073438
1 0.091406 0.209375 0.082812 0.081250
12 0.187500 0.206250 0.078125 0.075000
27 0.277344 0.210156 0.085938 0.082812
24 0.371875 0.204687 0.081250 0.071875
15 0.453906 0.213281 0.067187 0.089063
15 0.535156 0.213281 0.067187 0.089063
2 0.624219 0.204687 0.067187 0.071875
7 0.714844 0.206250 0.076563 0.075000
23 0.802344 0.206250 0.076563 0.075000
19 0.889844 0.210938 0.073438 0.084375
28 0.091406 0.332813 0.082812 0.087500
0 0.186719 0.325781 0.067187 0.073438
18 0.274219 0.327344 0.076563 0.076563
10 0.365625 0.328906 0.071875 0.079687
15 0.455469 0.335156 0.070312 0.092188
20 0.542188 0.332813 0.071875 0.087500
34 0.628125 0.332031 0.078125 0.085938
