31 0.088281 0.087500 0.076563 0.075000
7 0.171094 0.085938 0.073438 0.071875
30 0.250000 0.085938 0.065625 0.071875
34 0.329688 0.091406 0.075000 0.082812
1 0.424219 0.090625 0.082812 0.081250
24 0.514062 0.085938 0.081250 0.071875
10 0.612500 0.091406 0.075000 0.082812
32 0.703906 0.088281 0.070312 0.076563
23 0.797656 0.085938 0.073438 0.071875
20 0.892188 0.093750 0.071875 0.087500
10 0.085938 0.208594 0.071875 0.079687
7 0.178906 0.206250 0.076563 0.075000
32 0.261719 0.207031 0.070312 0.076563
12 0.351562 0.204687 0.078125 0.071875
18 0.450781 0.207031 0.076563 0.076563
32 0.533594 0.205469 0.067187 0.073438
21 0.613281 0.205469 0.076563 0.073438
20 0.706250 0.212500 0.071875 0.087500
33 0.793750 0.207031 0.071875 0.076563
16 0.878906 0.204687 0.067187 0.071875
1 0.091406 0.328125 0.082812 0.081250
