3 0.085156 0.089844 0.070312 0.079687
8 0.154688 0.086719 0.050000 0.073438
21 0.239844 0.086719 0.076563 0.073438
28 0.336719 0.095312 0.085938 0.090625
2 0.421094 0.085938 0.067187 0.071875
0 0.511719 0.088281 0.070312 0.076563
17 0.592187 0.086719 0.068750 0.073438
17 0.673438 0.088281 0.071875 0.076563
10 0.760938 0.091406 0.075000 0.082812
5 0.860938 0.089063 0.084375 0.078125
32 0.083594 0.208594 0.067187 0.073438
35 0.177344 0.210156 0.089063 0.076563
34 0.267188 0.213281 0.075000 0.082812
7 0.349219 0.207813 0.073438 0.071875
23 0.435156 0.209375 0.076563 0.075000
7 0.530469 0.207813 0.073438 0.071875
30 0.620313 0.209375 0.068750 0.075000
13 0.706250 0.208594 0.075000 0.073438
21 0.794531 0.208594 0.076563 0.073438
31 0.885156 0.207813 0.073438 0.071875
6 0.090625 0.321875 0.081250 0.071875
34 0.178125 0.328906 0.078125 0.085938
17 0.262500 0.324219 0.071875 0.076563
3 0.349219 0.324219 0.067187 0.076563
13 0.442188 0.322656 0.075000 0.073438
5 0.531250 0.323437 0.084375 0.075000
