25 0.085938 0.085938 0.071875 0.071875
35 0.175781 0.088281 0.092188 0.076563
19 0.275781 0.092188 0.073438 0.084375
14 0.357031 0.086719 0.070312 0.073438
16 0.441406 0.087500 0.070312 0.075000
29 0.515625 0.092188 0.053125 0.084375
24 0.598437 0.087500 0.084375 0.075000
21 0.689844 0.086719 0.076563 0.073438
30 0.779687 0.085938 0.065625 0.071875
14 0.860156 0.088281 0.073438 0.076563
17 0.084375 0.202344 0.068750 0.073438
30 0.171875 0.203125 0.068750 0.075000
10 0.257812 0.205469 0.071875 0.079687
22 0.353125 0.202344 0.081250 0.073438
0 0.449219 0.203906 0.070312 0.076563
24 0.543750 0.201563 0.081250 0.071875
7 0.638281 0.201563 0.073438 0.071875
4 0.716406 0.203906 0.067187 0.076563
28 0.811719 0.212500 0.089063 0.093750
33 0.907813 0.203906 0.071875 0.076563
