23 0.086719 0.085938 0.073438 0.071875
0 0.175781 0.086719 0.070312 0.073438
13 0.262500 0.088281 0.078125 0.076563
10 0.357812 0.089844 0.075000 0.079687
19 0.452344 0.092188 0.070312 0.084375
3 0.541406 0.088281 0.067187 0.076563
34 0.626563 0.091406 0.075000 0.082812
28 0.725781 0.093750 0.082812 0.087500
5 0.823438 0.087500 0.084375 0.075000
7 0.088281 0.206250 0.076563 0.075000
24 0.184375 0.206250 0.081250 0.075000
1 0.275781 0.209375 0.082812 0.081250
20 0.362500 0.212500 0.071875 0.087500
20 0.456250 0.212500 0.075000 0.087500
33 0.550000 0.207031 0.075000 0.076563
36 0.643750 0.205469 0.081250 0.073438
18 0.735156 0.207031 0.076563 0.076563
1 0.825781 0.209375 0.082812 0.081250
24 0.090625 0.323437 0.081250 0.071875
8 0.179688 0.324219 0.053125 0.073438
6 0.256250 0.323437 0.081250 0.071875
18 0.346094 0.325781 0.076563 0.076563
0 0.439844 0.325781 0.070312 0.076563
37 0.526563 0.325781 0.071875 0.076563
12 0.620313 0.325000 0.081250 0.075000
19 0.710156 0.329688 0.070312 0.084375
