30 0.084375 0.087500 0.068750 0.075000
18 0.167969 0.088281 0.076563 0.076563
26 0.266406 0.086719 0.082812 0.073438
15 0.364844 0.096094 0.073438 0.092188
34 0.453125 0.092969 0.078125 0.085938
5 0.556250 0.087500 0.084375 0.075000
25 0.648438 0.087500 0.075000 0.075000
10 0.732812 0.089844 0.071875 0.079687
36 0.831250 0.088281 0.084375 0.076563
37 0.085938 0.211719 0.071875 0.076563
21 0.182031 0.210156 0.076563 0.073438
17 0.271875 0.211719 0.071875 0.076563
16 0.355469 0.209375 0.067187 0.071875
12 0.442188 0.209375 0.078125 0.071875
35 0.536719 0.210156 0.089063 0.073438
24 0.631250 0.209375 0.081250 0.071875
28 0.724219 0.220312 0.089063 0.093750
33 0.826562 0.211719 0.071875 0.076563
18 0.088281 0.336719 0.076563 0.076563
30 0.167187 0.334375 0.065625 0.071875
25 0.248438 0.334375 0.071875 0.071875
5 0.343750 0.335938 0.084375 0.075000
16 0.428906 0.335938 0.070312 0.075000
24 0.528125 0.335938 0.084375 0.075000
0 0.614844 0.336719 0.070312 0.076563
