37 0.084375 0.086719 0.068750 0.073438
28 0.182031 0.093750 0.082812 0.087500
15 0.274219 0.094531 0.067187 0.089063
18 0.361719 0.086719 0.073438 0.073438
15 0.449219 0.094531 0.067187 0.089063
17 0.539062 0.088281 0.071875 0.076563
26 0.636719 0.086719 0.082812 0.073438
22 0.728125 0.086719 0.081250 0.073438
7 0.814844 0.087500 0.076563 0.075000
16 0.905469 0.087500 0.070312 0.075000
26 0.092969 0.208594 0.085938 0.076563
18 0.191406 0.208594 0.076563 0.076563
8 0.276562 0.208594 0.053125 0.076563
33 0.351562 0.210156 0.075000 0.079687
12 0.437500 0.207813 0.078125 0.075000
33 0.525000 0.208594 0.071875 0.076563
21 0.613281 0.208594 0.079687 0.076563
6 0.712500 0.206250 0.081250 0.071875
8 0.798438 0.208594 0.053125 0.076563
0 0.872656 0.207031 0.067187 0.073438
20 0.084375 0.323437 0.068750 0.084375
2 0.166406 0.318750 0.070312 0.075000
27 0.264844 0.322656 0.085938 0.082812
31 0.358594 0.317188 0.073438 0.071875
28 0.453906 0.326562 0.085938 0.090625
37 0.540625 0.317969 0.068750 0.073438
10 0.626563 0.321094 0.071875 0.079687
17 0.715625 0.317969 0.068750 0.073438
24 0.804688 0.317188 0.081250 0.071875
0 0.891406 0.319531 0.070312 0.076563
4 0.085156 0.442969 0.070312 0.079687
19 0.163281 0.445312 0.070312 0.084375
21 0.252344 0.439844 0.076563 0.073438
