25 0.085938 0.085938 0.071875 0.071875
15 0.171094 0.094531 0.070312 0.089063
37 0.259375 0.088281 0.071875 0.076563
13 0.340625 0.086719 0.075000 0.073438
3 0.428906 0.089844 0.070312 0.079687
6 0.514062 0.087500 0.084375 0.075000
13 0.612500 0.086719 0.075000 0.073438
35 0.708594 0.088281 0.092188 0.076563
7 0.810156 0.085938 0.073438 0.071875
12 0.909375 0.087500 0.081250 0.075000
10 0.087500 0.211719 0.075000 0.082812
27 0.182031 0.211719 0.085938 0.082812
34 0.278125 0.213281 0.078125 0.085938
27 0.367969 0.210156 0.082812 0.079687
29 0.451562 0.214062 0.056250 0.087500
20 0.531250 0.214062 0.071875 0.087500
15 0.617969 0.216406 0.070312 0.092188
24 0.710938 0.206250 0.081250 0.071875
4 0.797656 0.208594 0.067187 0.076563
12 0.882812 0.207813 0.081250 0.075000
2 0.085156 0.331250 0.070312 0.075000
