37 0.084375 0.086719 0.068750 0.073438
20 0.167187 0.093750 0.071875 0.087500
5 0.262500 0.087500 0.084375 0.075000
9 0.356250 0.085938 0.065625 0.071875
18 0.446094 0.088281 0.076563 0.076563
35 0.541406 0.088281 0.092188 0.076563
1 0.641406 0.090625 0.082812 0.081250
13 0.737500 0.086719 0.075000 0.073438
7 0.828906 0.085938 0.073438 0.071875
10 0.910937 0.089844 0.075000 0.079687
13 0.089063 0.207031 0.078125 0.076563
5 0.187500 0.206250 0.084375 0.075000
12 0.289062 0.206250 0.081250 0.075000
22 0.389062 0.207031 0.084375 0.076563
4 0.477344 0.207031 0.067187 0.076563
29 0.556250 0.210938 0.050000 0.084375
3 0.632031 0.207031 0.067187 0.076563
34 0.718750 0.210156 0.075000 0.082812
20 0.798438 0.210938 0.068750 0.084375
37 0.881250 0.205469 0.068750 0.073438
23 0.088281 0.321875 0.076563 0.075000
27 0.177344 0.325781 0.085938 0.082812
2 0.267969 0.321875 0.070312 0.075000
15 0.355469 0.330469 0.073438 0.092188
