37 0.085938 0.088281 0.071875 0.076563
2 0.178906 0.087500 0.070312 0.075000
35 0.272656 0.089844 0.092188 0.079687
6 0.379688 0.087500 0.084375 0.075000
0 0.475781 0.088281 0.070312 0.076563
12 0.571875 0.087500 0.081250 0.075000
29 0.650000 0.092188 0.050000 0.084375
27 0.738281 0.092969 0.085938 0.085938
11 0.825000 0.089844 0.071875 0.079687
37 0.085938 0.203906 0.071875 0.073438
5 0.173437 0.203125 0.081250 0.071875
19 0.272656 0.210938 0.076563 0.087500
24 0.362500 0.204687 0.081250 0.075000
5 0.457813 0.204687 0.084375 0.075000
2 0.541406 0.203125 0.067187 0.071875
7 0.628906 0.204687 0.076563 0.075000
28 0.721094 0.212500 0.085938 0.090625
7 0.813281 0.203125 0.073438 0.071875
15 0.896094 0.211719 0.070312 0.089063
21 0.089844 0.327344 0.079687 0.076563
14 0.180469 0.325781 0.070312 0.073438
14 0.272656 0.325781 0.070312 0.073438
9 0.357812 0.325000 0.065625 0.071875
