4 0.085156 0.089844 0.070312 0.079687
18 0.167969 0.086719 0.073438 0.073438
24 0.265625 0.085938 0.081250 0.071875
22 0.362500 0.088281 0.084375 0.076563
4 0.453906 0.088281 0.067187 0.076563
4 0.542969 0.088281 0.067187 0.076563
19 0.622656 0.093750 0.073438 0.087500
16 0.711719 0.087500 0.070312 0.075000
28 0.808594 0.095312 0.085938 0.090625
11 0.900000 0.089844 0.071875 0.079687
27 0.091406 0.211719 0.082812 0.079687
30 0.187500 0.209375 0.068750 0.075000
35 0.280469 0.210156 0.092188 0.076563
22 0.384375 0.208594 0.081250 0.073438
18 0.483594 0.210156 0.076563 0.076563
4 0.569531 0.211719 0.070312 0.079687
32 0.655469 0.208594 0.067187 0.073438
25 0.740625 0.209375 0.075000 0.075000
37 0.834375 0.208594 0.068750 0.073438
10 0.912500 0.211719 0.071875 0.079687
