2 0.083594 0.085938 0.067187 0.071875
19 0.172656 0.093750 0.073438 0.087500
8 0.250000 0.086719 0.050000 0.073438
29 0.307812 0.092188 0.050000 0.084375
9 0.385937 0.087500 0.068750 0.075000
27 0.485156 0.091406 0.085938 0.082812
29 0.565625 0.093750 0.056250 0.087500
25 0.653125 0.087500 0.075000 0.075000
36 0.740625 0.088281 0.084375 0.076563
23 0.833594 0.085938 0.073438 0.071875
17 0.084375 0.205469 0.068750 0.073438
22 0.179688 0.207031 0.084375 0.076563
24 0.282813 0.204687 0.081250 0.071875
35 0.389844 0.205469 0.089063 0.073438
31 0.485156 0.206250 0.076563 0.075000
21 0.585156 0.207031 0.079687 0.076563
28 0.685156 0.212500 0.085938 0.087500
14 0.771094 0.205469 0.070312 0.073438
7 0.861719 0.206250 0.076563 0.075000
36 0.092188 0.325781 0.084375 0.076563
18 0.183594 0.325781 0.076563 0.076563
28 0.278906 0.332813 0.089063 0.090625
13 0.376563 0.324219 0.075000 0.073438
14 0.466406 0.325781 0.073438 0.076563
28 0.558594 0.332813 0.085938 0.090625
23 0.653906 0.323437 0.073438 0.071875
15 0.739844 0.332031 0.067187 0.089063
37 0.826562 0.325781 0.071875 0.076563
