16 0.085156 0.087500 0.070312 0.075000
33 0.167187 0.088281 0.071875 0.076563
10 0.248438 0.089844 0.071875 0.079687
10 0.340625 0.089844 0.071875 0.079687
33 0.431250 0.088281 0.071875 0.076563
16 0.516406 0.087500 0.070312 0.075000
17 0.604688 0.088281 0.071875 0.076563
11 0.684375 0.089844 0.071875 0.079687
9 0.767188 0.085938 0.065625 0.071875
8 0.834375 0.086719 0.050000 0.073438
0 0.902344 0.086719 0.067187 0.073438
20 0.085938 0.204687 0.071875 0.087500
14 0.175781 0.197656 0.070312 0.073438
13 0.268750 0.197656 0.075000 0.073438
27 0.369531 0.202344 0.085938 0.082812
35 0.477344 0.199219 0.092188 0.076563
6 0.576562 0.196875 0.081250 0.071875
35 0.669531 0.199219 0.089063 0.076563
27 0.764844 0.202344 0.085938 0.082812
21 0.861719 0.197656 0.076563 0.073438
15 0.083594 0.324219 0.067187 0.089063
20 0.168750 0.321875 0.068750 0.084375
0 0.246094 0.316406 0.067187 0.073438
1 0.335156 0.318750 0.079687 0.078125
14 0.430469 0.316406 0.070312 0.073438
23 0.522656 0.317188 0.076563 0.075000
15 0.617969 0.325781 0.073438 0.092188
20 0.707812 0.321875 0.068750 0.084375
26 0.799219 0.316406 0.082812 0.073438
11 0.895312 0.317969 0.068750 0.076563
6 0.090625 0.439063 0.081250 0.071875
25 0.182812 0.440625 0.075000 0.075000
35 0.283594 0.439844 0.089063 0.073438
