28 0.091406 0.093750 0.082812 0.087500
34 0.190625 0.091406 0.075000 0.082812
35 0.283594 0.086719 0.089063 0.073438
7 0.377344 0.087500 0.076563 0.075000
37 0.464062 0.088281 0.071875 0.076563
18 0.546094 0.086719 0.073438 0.073438
22 0.645312 0.088281 0.084375 0.076563
25 0.742188 0.085938 0.071875 0.071875
16 0.822656 0.085938 0.067187 0.071875
5 0.092188 0.207813 0.084375 0.078125
3 0.189844 0.207031 0.067187 0.076563
24 0.281250 0.206250 0.084375 0.075000
24 0.375000 0.206250 0.084375 0.075000
31 0.469531 0.204687 0.073438 0.071875
27 0.569531 0.210156 0.085938 0.082812
37 0.668750 0.207031 0.071875 0.076563
29 0.750000 0.210938 0.053125 0.084375
9 0.828125 0.204687 0.065625 0.071875
9 0.084375 0.321875 0.068750 0.075000
6 0.178125 0.320312 0.081250 0.071875
31 0.271094 0.321875 0.076563 0.075000
27 0.372656 0.325781 0.085938 0.082812
