31 0.086719 0.085938 0.073438 0.071875
37 0.168750 0.088281 0.071875 0.076563
7 0.249219 0.085938 0.073438 0.071875
34 0.331250 0.091406 0.075000 0.082812
3 0.416406 0.088281 0.067187 0.076563
18 0.502344 0.086719 0.073438 0.073438
8 0.576562 0.086719 0.050000 0.073438
9 0.648438 0.085938 0.065625 0.071875
32 0.738281 0.086719 0.070312 0.073438
34 0.829688 0.092969 0.078125 0.085938
5 0.090625 0.203125 0.081250 0.071875
14 0.185156 0.203906 0.070312 0.073438
11 0.264062 0.205469 0.068750 0.076563
11 0.350000 0.205469 0.068750 0.076563
28 0.442969 0.210938 0.082812 0.087500
1 0.539844 0.206250 0.079687 0.078125
36 0.639062 0.207031 0.084375 0.079687
26 0.742969 0.205469 0.085938 0.076563
11 0.840625 0.205469 0.068750 0.076563
8 0.910937 0.203906 0.050000 0.073438
16 0.085156 0.323437 0.070312 0.075000
15 0.175781 0.330469 0.067187 0.089063
6 0.257812 0.321875 0.081250 0.071875
33 0.350000 0.324219 0.071875 0.076563
1 0.439844 0.326562 0.082812 0.081250
20 0.537500 0.328125 0.071875 0.084375
11 0.631250 0.325781 0.071875 0.079687
