29 0.075000 0.092188 0.050000 0.084375
23 0.160156 0.087500 0.076563 0.075000
10 0.250000 0.091406 0.075000 0.082812
29 0.320312 0.092188 0.050000 0.084375
15 0.399219 0.096094 0.070312 0.092188
9 0.484375 0.085938 0.065625 0.071875
12 0.565625 0.087500 0.081250 0.075000
21 0.655469 0.088281 0.079687 0.076563
0 0.742969 0.086719 0.067187 0.073438
21 0.830469 0.086719 0.076563 0.073438
1 0.089844 0.214062 0.079687 0.081250
17 0.175000 0.210156 0.068750 0.073438
25 0.262500 0.210938 0.075000 0.075000
14 0.342969 0.210156 0.070312 0.073438
23 0.422656 0.209375 0.073438 0.071875
1 0.519531 0.214062 0.082812 0.081250
35 0.614844 0.211719 0.092188 0.076563
16 0.705469 0.210938 0.070312 0.075000
36 0.798438 0.210156 0.081250 0.073438
26 0.894531 0.211719 0.085938 0.076563
16 0.085156 0.323437 0.070312 0.075000
22 0.175000 0.322656 0.081250 0.073438
