19 0.086719 0.093750 0.073438 0.087500
22 0.178125 0.086719 0.081250 0.073438
19 0.263281 0.093750 0.073438 0.087500
28 0.350781 0.093750 0.082812 0.087500
28 0.447656 0.093750 0.082812 0.087500
26 0.552344 0.088281 0.085938 0.076563
35 0.655469 0.086719 0.089063 0.073438
32 0.749219 0.086719 0.067187 0.073438
31 0.841406 0.085938 0.073438 0.071875
18 0.088281 0.207031 0.076563 0.076563
4 0.172656 0.208594 0.070312 0.079687
6 0.262500 0.206250 0.084375 0.075000
28 0.366406 0.214062 0.085938 0.090625
35 0.469531 0.208594 0.092188 0.079687
37 0.562500 0.207031 0.071875 0.076563
16 0.642969 0.206250 0.070312 0.075000
14 0.733594 0.205469 0.070312 0.073438
8 0.807813 0.207031 0.053125 0.076563
32 0.883594 0.207031 0.070312 0.076563
26 0.092969 0.328906 0.085938 0.076563
20 0.179688 0.332813 0.071875 0.084375
34 0.268750 0.332031 0.075000 0.082812
9 0.350000 0.326562 0.065625 0.071875
26 0.433594 0.327344 0.082812 0.073438
29 0.510938 0.332813 0.050000 0.084375
