28 0.091406 0.093750 0.082812 0.087500
8 0.176563 0.086719 0.050000 0.073438
34 0.254688 0.091406 0.075000 0.082812
20 0.348438 0.092188 0.068750 0.084375
15 0.435156 0.094531 0.067187 0.089063
15 0.517969 0.096094 0.070312 0.092188
10 0.601562 0.089844 0.071875 0.079687
12 0.684375 0.085938 0.078125 0.071875
10 0.770312 0.089844 0.071875 0.079687
14 0.855469 0.086719 0.070312 0.073438
15 0.086719 0.219531 0.073438 0.092188
35 0.191406 0.211719 0.092188 0.076563
32 0.282031 0.211719 0.070312 0.076563
1 0.377344 0.214062 0.082812 0.081250
9 0.468750 0.209375 0.068750 0.071875
27 0.560156 0.214844 0.085938 0.082812
9 0.648438 0.209375 0.065625 0.071875
3 0.728906 0.211719 0.070312 0.076563
25 0.807813 0.209375 0.071875 0.071875
32 0.896094 0.210156 0.067187 0.073438
2 0.085156 0.334375 0.070312 0.075000
3 0.171094 0.335156 0.070312 0.076563
29 0.239063 0.339062 0.050000 0.084375
36 0.317188 0.333594 0.081250 0.073438
37 0.401562 0.333594 0.068750 0.073438
11 0.487500 0.335156 0.071875 0.076563
32 0.574219 0.335156 0.070312 0.076563
23 0.664844 0.334375 0.076563 0.075000
20 0.753125 0.340625 0.075000 0.087500
30 0.846875 0.334375 0.068750 0.075000
8 0.920312 0.333594 0.053125 0.073438
37 0.084375 0.452344 0.068750 0.073438
2 0.172656 0.451562 0.067187 0.071875
