4 0.085156 0.089844 0.070312 0.079687
21 0.172656 0.086719 0.076563 0.073438
35 0.263281 0.086719 0.089063 0.073438
37 0.360938 0.086719 0.068750 0.073438
32 0.449219 0.088281 0.070312 0.076563
14 0.536719 0.086719 0.070312 0.073438
10 0.621875 0.091406 0.075000 0.082812
7 0.711719 0.085938 0.073438 0.071875
37 0.800000 0.088281 0.071875 0.076563
20 0.887500 0.093750 0.075000 0.087500
0 0.083594 0.205469 0.067187 0.073438
13 0.167187 0.207031 0.078125 0.076563
17 0.253125 0.207031 0.071875 0.076563
14 0.332031 0.205469 0.070312 0.073438
8 0.409375 0.205469 0.050000 0.073438
7 0.486719 0.204687 0.073438 0.071875
36 0.573438 0.205469 0.081250 0.073438
35 0.678906 0.207031 0.089063 0.076563
8 0.765625 0.207031 0.053125 0.076563
35 0.852344 0.207031 0.092188 0.076563
37 0.084375 0.313281 0.068750 0.073438
2 0.164844 0.314063 0.070312 0.075000
14 0.244531 0.313281 0.070312 0.073438
19 0.328906 0.318750 0.070312 0.084375
29 0.403125 0.318750 0.050000 0.084375
