13 0.087500 0.086719 0.075000 0.073438
11 0.179688 0.089844 0.071875 0.079687
37 0.259375 0.088281 0.071875 0.076563
36 0.351562 0.086719 0.081250 0.073438
10 0.437500 0.089844 0.071875 0.079687
32 0.528906 0.088281 0.070312 0.076563
10 0.614062 0.091406 0.075000 0.082812
25 0.706250 0.087500 0.075000 0.075000
31 0.796094 0.085938 0.073438 0.071875
14 0.885156 0.086719 0.070312 0.073438
20 0.085938 0.207813 0.071875 0.087500
10 0.178125 0.205469 0.075000 0.082812
2 0.258594 0.200000 0.067187 0.071875
24 0.353125 0.201563 0.084375 0.075000
0 0.452344 0.202344 0.070312 0.076563
10 0.545312 0.203906 0.071875 0.079687
2 0.635156 0.201563 0.070312 0.075000
8 0.709375 0.202344 0.053125 0.076563
9 0.789062 0.200000 0.065625 0.071875
36 0.878125 0.202344 0.084375 0.076563
14 0.085156 0.319531 0.070312 0.073438
14 0.166406 0.319531 0.070312 0.073438
17 0.251563 0.319531 0.068750 0.073438
25 0.329688 0.318750 0.071875 0.071875
33 0.414062 0.321094 0.071875 0.076563
19 0.505469 0.325000 0.070312 0.084375
35 0.603906 0.319531 0.089063 0.073438
24 0.700000 0.320312 0.084375 0.075000
36 0.795312 0.321094 0.084375 0.076563
22 0.893750 0.319531 0.081250 0.073438
19 0.086719 0.442188 0.073438 0.087500
20 0.168750 0.442188 0.071875 0.087500
28 0.255469 0.443750 0.085938 0.090625
11 0.348438 0.438281 0.071875 0.079687
