28 0.092969 0.095312 0.085938 0.090625
21 0.189844 0.086719 0.076563 0.073438
17 0.275000 0.086719 0.068750 0.073438
20 0.359375 0.092188 0.068750 0.084375
13 0.442188 0.086719 0.075000 0.073438
29 0.521875 0.093750 0.053125 0.087500
6 0.604688 0.087500 0.084375 0.075000
24 0.698438 0.087500 0.084375 0.075000
33 0.790625 0.089844 0.075000 0.079687
33 0.885938 0.088281 0.075000 0.076563
7 0.088281 0.209375 0.076563 0.075000
9 0.178125 0.207813 0.065625 0.071875
5 0.273438 0.209375 0.084375 0.075000
4 0.363281 0.210156 0.070312 0.076563
3 0.447656 0.211719 0.070312 0.079687
21 0.528906 0.208594 0.076563 0.073438
0 0.614844 0.210156 0.070312 0.076563
18 0.707031 0.210156 0.076563 0.076563
30 0.789062 0.207813 0.068750 0.071875
24 0.873437 0.209375 0.084375 0.075000
32 0.085156 0.321094 0.070312 0.076563
36 0.182812 0.321094 0.084375 0.076563
10 0.281250 0.322656 0.071875 0.079687
27 0.367969 0.324219 0.085938 0.082812
4 0.453906 0.322656 0.070312 0.079687
4 0.535156 0.321094 0.067187 0.076563
29 0.614062 0.325000 0.050000 0.084375
3 0.683594 0.322656 0.070312 0.079687
22 0.770312 0.319531 0.081250 0.073438
3 0.857031 0.322656 0.070312 0.079687
9 0.084375 0.435937 0.068750 0.075000
16 0.167969 0.435937 0.070312 0.075000
