10 0.085938 0.089844 0.071875 0.079687
1 0.183594 0.090625 0.082812 0.081250
30 0.278125 0.087500 0.068750 0.075000
21 0.360156 0.086719 0.076563 0.073438
15 0.452344 0.096094 0.070312 0.092188
3 0.539844 0.089844 0.070312 0.079687
8 0.617188 0.086719 0.053125 0.073438
17 0.692187 0.086719 0.068750 0.073438
11 0.775000 0.089844 0.071875 0.079687
35 0.872656 0.086719 0.089063 0.073438
10 0.087500 0.214844 0.075000 0.082812
14 0.171094 0.210156 0.070312 0.073438
28 0.260156 0.217188 0.082812 0.087500
33 0.351562 0.211719 0.071875 0.076563
25 0.443750 0.209375 0.071875 0.071875
21 0.532031 0.211719 0.079687 0.076563
36 0.625000 0.211719 0.084375 0.076563
6 0.717187 0.209375 0.081250 0.071875
6 0.814063 0.212500 0.084375 0.078125
35 0.094531 0.328906 0.089063 0.073438
30 0.189062 0.329688 0.068750 0.075000
20 0.279687 0.335938 0.071875 0.087500
4 0.371094 0.332031 0.070312 0.079687
2 0.453906 0.329688 0.070312 0.075000
23 0.544531 0.328125 0.073438 0.071875
17 0.628125 0.328906 0.068750 0.073438
23 0.716406 0.329688 0.076563 0.075000
33 0.807813 0.330469 0.071875 0.076563
14 0.902344 0.330469 0.073438 0.076563
14 0.085156 0.447656 0.070312 0.073438
34 0.178125 0.452344 0.075000 0.082812
17 0.267188 0.447656 0.068750 0.073438
37 0.348438 0.447656 0.068750 0.073438
