20 0.085938 0.093750 0.071875 0.087500
33 0.171875 0.088281 0.071875 0.076563
8 0.251563 0.086719 0.053125 0.073438
26 0.336719 0.086719 0.082812 0.073438
17 0.426563 0.086719 0.068750 0.073438
10 0.520312 0.091406 0.075000 0.082812
23 0.603906 0.087500 0.076563 0.075000
14 0.696094 0.088281 0.073438 0.076563
4 0.789844 0.089844 0.070312 0.079687
35 0.886719 0.088281 0.089063 0.076563
17 0.084375 0.205469 0.068750 0.073438
34 0.175000 0.210156 0.075000 0.082812
13 0.273438 0.207031 0.078125 0.076563
4 0.366406 0.208594 0.070312 0.079687
26 0.461719 0.205469 0.082812 0.073438
11 0.554688 0.208594 0.071875 0.079687
37 0.643750 0.207031 0.071875 0.076563
33 0.734375 0.207031 0.071875 0.076563
34 0.817187 0.210156 0.075000 0.082812
37 0.909375 0.207031 0.071875 0.076563
6 0.090625 0.318750 0.081250 0.071875
34 0.181250 0.324219 0.075000 0.082812
13 0.279687 0.321094 0.078125 0.076563
37 0.365625 0.319531 0.068750 0.073438
4 0.450781 0.321094 0.070312 0.076563
0 0.533594 0.321094 0.070312 0.076563
17 0.620313 0.319531 0.071875 0.073438
