13 0.087500 0.088281 0.075000 0.076563
36 0.179688 0.086719 0.081250 0.073438
10 0.276562 0.091406 0.075000 0.082812
21 0.371094 0.086719 0.076563 0.073438
37 0.453125 0.088281 0.071875 0.076563
5 0.543750 0.087500 0.084375 0.075000
11 0.637500 0.089844 0.071875 0.079687
8 0.720313 0.086719 0.050000 0.073438
19 0.791406 0.093750 0.073438 0.087500
8 0.868750 0.086719 0.050000 0.073438
30 0.082812 0.204687 0.065625 0.071875
16 0.158594 0.204687 0.067187 0.071875
29 0.226562 0.210938 0.050000 0.084375
37 0.303125 0.205469 0.068750 0.073438
20 0.390625 0.212500 0.071875 0.087500
16 0.475781 0.204687 0.067187 0.071875
18 0.567969 0.205469 0.073438 0.073438
25 0.650000 0.204687 0.071875 0.071875
30 0.729688 0.204687 0.068750 0.071875
7 0.817969 0.204687 0.073438 0.071875
