18 0.088281 0.088281 0.076563 0.076563
28 0.178906 0.095312 0.085938 0.090625
11 0.273438 0.088281 0.068750 0.076563
34 0.362500 0.091406 0.075000 0.082812
4 0.455469 0.088281 0.067187 0.076563
28 0.549219 0.096875 0.089063 0.093750
0 0.636719 0.086719 0.067187 0.073438
0 0.727344 0.088281 0.070312 0.076563
27 0.813281 0.091406 0.085938 0.082812
23 0.911719 0.085938 0.073438 0.071875
14 0.085156 0.211719 0.070312 0.073438
31 0.175781 0.210938 0.073438 0.071875
29 0.248438 0.217188 0.050000 0.084375
33 0.321875 0.213281 0.071875 0.076563
12 0.415625 0.210938 0.078125 0.071875
10 0.509375 0.216406 0.075000 0.082812
1 0.607031 0.214062 0.079687 0.078125
32 0.696094 0.213281 0.070312 0.076563
8 0.775000 0.211719 0.050000 0.073438
17 0.854688 0.213281 0.071875 0.076563
2 0.083594 0.326562 0.067187 0.071875
9 0.165625 0.328125 0.068750 0.075000
28 0.260156 0.334375 0.082812 0.087500
17 0.354687 0.328906 0.071875 0.076563
27 0.447656 0.332031 0.085938 0.082812
27 0.555469 0.332031 0.085938 0.082812
29 0.640625 0.334375 0.056250 0.087500
20 0.718750 0.332813 0.068750 0.084375
28 0.811719 0.335938 0.085938 0.090625
