20 0.085938 0.092188 0.071875 0.084375
17 0.167187 0.088281 0.071875 0.076563
0 0.250781 0.086719 0.067187 0.073438
17 0.331250 0.086719 0.068750 0.073438
25 0.415625 0.085938 0.071875 0.071875
12 0.514062 0.087500 0.081250 0.075000
13 0.607812 0.086719 0.075000 0.073438
16 0.699219 0.085938 0.067187 0.071875
36 0.789062 0.088281 0.084375 0.076563
16 0.883594 0.085938 0.067187 0.071875
24 0.090625 0.201563 0.081250 0.071875
24 0.189062 0.201563 0.081250 0.071875
0 0.278906 0.203906 0.070312 0.076563
7 0.360156 0.201563 0.073438 0.071875
36 0.450000 0.205469 0.084375 0.079687
24 0.554688 0.201563 0.081250 0.071875
2 0.650781 0.201563 0.067187 0.071875
28 0.738281 0.209375 0.082812 0.087500
35 0.835156 0.203906 0.092188 0.076563
21 0.089844 0.322656 0.079687 0.076563
14 0.174219 0.321094 0.073438 0.073438
23 0.263281 0.320312 0.073438 0.071875
19 0.358594 0.328125 0.073438 0.087500
28 0.457031 0.329688 0.085938 0.090625
21 0.561719 0.322656 0.079687 0.076563
8 0.635938 0.321094 0.050000 0.073438
10 0.715625 0.324219 0.071875 0.079687
4 0.799219 0.322656 0.067187 0.076563
31 0.891406 0.320312 0.073438 0.071875
23 0.086719 0.442188 0.073438 0.071875
12 0.178125 0.442188 0.078125 0.071875
35 0.271094 0.444531 0.092188 0.076563
31 0.372656 0.443750 0.076563 0.075000
16 0.464844 0.442188 0.067187 0.071875
