20 0.084375 0.092188 0.068750 0.084375
9 0.164062 0.087500 0.068750 0.075000
1 0.257031 0.089063 0.079687 0.078125
27 0.357031 0.089844 0.082812 0.079687
31 0.447656 0.087500 0.076563 0.075000
22 0.540625 0.088281 0.084375 0.076563
2 0.638281 0.085938 0.067187 0.071875
25 0.726562 0.087500 0.075000 0.075000
24 0.826562 0.087500 0.084375 0.075000
9 0.915625 0.085938 0.065625 0.071875
28 0.094531 0.212500 0.089063 0.093750
21 0.186719 0.202344 0.076563 0.073438
36 0.279687 0.202344 0.081250 0.073438
36 0.373437 0.203906 0.084375 0.076563
37 0.467187 0.202344 0.068750 0.073438
17 0.557813 0.203906 0.071875 0.076563
27 0.646094 0.207031 0.085938 0.082812
16 0.741406 0.201563 0.067187 0.071875
18 0.835156 0.203906 0.076563 0.076563
18 0.088281 0.328906 0.076563 0.076563
16 0.171094 0.328125 0.070312 0.075000
1 0.269531 0.331250 0.082812 0.081250
33 0.356250 0.328906 0.071875 0.076563
14 0.444531 0.328906 0.073438 0.076563
