7 0.086719 0.085938 0.073438 0.071875
4 0.164844 0.088281 0.067187 0.076563
8 0.243750 0.086719 0.050000 0.073438
3 0.314844 0.088281 0.070312 0.076563
37 0.403125 0.088281 0.071875 0.076563
11 0.482812 0.088281 0.068750 0.076563
21 0.572656 0.088281 0.079687 0.076563
8 0.657813 0.086719 0.053125 0.073438
12 0.742188 0.087500 0.081250 0.075000
30 0.829688 0.087500 0.068750 0.075000
19 0.914844 0.092188 0.070312 0.084375
18 0.088281 0.203906 0.076563 0.076563
2 0.180469 0.201563 0.067187 0.071875
8 0.260937 0.203906 0.053125 0.076563
5 0.351562 0.203125 0.084375 0.075000
35 0.452344 0.202344 0.089063 0.073438
29 0.537500 0.207813 0.053125 0.084375
10 0.609375 0.207031 0.075000 0.082812
29 0.682813 0.207813 0.050000 0.084375
36 0.767188 0.202344 0.081250 0.073438
0 0.855469 0.202344 0.067187 0.073438
0 0.083594 0.317969 0.067187 0.073438
25 0.176563 0.318750 0.075000 0.075000
22 0.273438 0.317969 0.081250 0.073438
