11 0.085938 0.089844 0.071875 0.079687
15 0.169531 0.096094 0.073438 0.092188
32 0.261719 0.088281 0.070312 0.076563
14 0.341406 0.088281 0.073438 0.076563
31 0.425781 0.087500 0.076563 0.075000
1 0.525781 0.090625 0.082812 0.081250
21 0.619531 0.088281 0.079687 0.076563
30 0.712500 0.085938 0.068750 0.071875
32 0.789844 0.086719 0.067187 0.073438
7 0.877344 0.087500 0.076563 0.075000
3 0.085156 0.213281 0.070312 0.079687
11 0.165625 0.211719 0.068750 0.076563
9 0.253125 0.209375 0.065625 0.071875
22 0.348438 0.211719 0.084375 0.076563
4 0.433594 0.213281 0.070312 0.079687
29 0.514062 0.215625 0.050000 0.084375
28 0.602344 0.218750 0.085938 0.090625
14 0.689844 0.211719 0.073438 0.076563
8 0.775000 0.210156 0.053125 0.073438
0 0.852344 0.211719 0.070312 0.076563
2 0.085156 0.332813 0.070312 0.075000
28 0.185156 0.342187 0.089063 0.093750
32 0.285156 0.332031 0.067187 0.073438
2 0.366406 0.331250 0.067187 0.071875
31 0.452344 0.331250 0.073438 0.071875
30 0.542188 0.331250 0.068750 0.071875
15 0.621094 0.341406 0.073438 0.092188
34 0.709375 0.338281 0.078125 0.085938
7 0.805469 0.332813 0.076563 0.075000
20 0.898438 0.337500 0.068750 0.084375
6 0.090625 0.457813 0.081250 0.075000
37 0.175000 0.457031 0.068750 0.073438
21 0.266406 0.458594 0.079687 0.076563
