36 0.092188 0.088281 0.084375 0.076563
4 0.186719 0.089844 0.070312 0.079687
14 0.275781 0.086719 0.070312 0.073438
31 0.360156 0.087500 0.076563 0.075000
22 0.451562 0.088281 0.084375 0.076563
24 0.542188 0.085938 0.081250 0.071875
10 0.632812 0.091406 0.075000 0.082812
17 0.728125 0.088281 0.071875 0.076563
19 0.814844 0.092188 0.070312 0.084375
10 0.898438 0.091406 0.075000 0.082812
3 0.083594 0.203906 0.067187 0.076563
4 0.172656 0.203906 0.067187 0.076563
6 0.257812 0.203125 0.084375 0.075000
1 0.352344 0.204687 0.079687 0.078125
25 0.440625 0.201563 0.071875 0.071875
21 0.530469 0.202344 0.076563 0.073438
37 0.621875 0.203906 0.071875 0.076563
24 0.714063 0.201563 0.081250 0.071875
2 0.808594 0.201563 0.067187 0.071875
30 0.892188 0.201563 0.065625 0.071875
7 0.088281 0.312500 0.076563 0.075000
13 0.184375 0.311719 0.075000 0.073438
28 0.277344 0.320312 0.085938 0.090625
4 0.372656 0.314844 0.070312 0.079687
11 0.465625 0.314844 0.071875 0.079687
34 0.556250 0.317969 0.081250 0.085938
8 0.640625 0.311719 0.053125 0.073438
34 0.723437 0.316406 0.075000 0.082812
5 0.823438 0.312500 0.081250 0.075000
25 0.087500 0.434375 0.075000 0.075000
0 0.178906 0.433594 0.067187 0.073438
30 0.254688 0.434375 0.068750 0.075000
