24 0.092188 0.087500 0.084375 0.075000
3 0.191406 0.088281 0.070312 0.076563
30 0.268750 0.085938 0.065625 0.071875
27 0.358594 0.091406 0.085938 0.082812
33 0.451562 0.088281 0.075000 0.076563
0 0.536719 0.088281 0.070312 0.076563
32 0.621094 0.086719 0.067187 0.073438
3 0.702344 0.088281 0.067187 0.076563
14 0.792969 0.088281 0.073438 0.076563
14 0.874219 0.086719 0.070312 0.073438
25 0.087500 0.201563 0.075000 0.075000
16 0.169531 0.201563 0.070312 0.075000
9 0.257812 0.200000 0.065625 0.071875
3 0.336719 0.202344 0.067187 0.076563
20 0.426563 0.206250 0.068750 0.084375
4 0.505469 0.203906 0.070312 0.079687
15 0.597656 0.208594 0.070312 0.089063
4 0.685156 0.203906 0.070312 0.079687
13 0.775000 0.200781 0.075000 0.073438
33 0.868750 0.203906 0.075000 0.079687
15 0.085156 0.328906 0.070312 0.089063
24 0.176563 0.320312 0.081250 0.071875
9 0.260937 0.320312 0.065625 0.071875
7 0.338281 0.320312 0.073438 0.071875
25 0.434375 0.321875 0.075000 0.075000
13 0.531250 0.321094 0.075000 0.073438
17 0.610938 0.321094 0.068750 0.073438
33 0.695312 0.322656 0.071875 0.076563
22 0.789062 0.321094 0.081250 0.073438
34 0.878125 0.325781 0.075000 0.082812
15 0.085156 0.450781 0.070312 0.092188
34 0.179688 0.446094 0.075000 0.082812
24 0.281250 0.442188 0.084375 0.075000
