4 0.083594 0.088281 0.067187 0.076563
26 0.169531 0.088281 0.085938 0.076563
32 0.263281 0.086719 0.070312 0.073438
12 0.356250 0.085938 0.078125 0.071875
24 0.448437 0.087500 0.084375 0.075000
12 0.543750 0.087500 0.081250 0.075000
29 0.628125 0.092188 0.053125 0.084375
35 0.711719 0.088281 0.092188 0.076563
37 0.803125 0.088281 0.071875 0.076563
12 0.898438 0.087500 0.081250 0.075000
33 0.087500 0.205469 0.075000 0.079687
17 0.175000 0.203906 0.071875 0.076563
18 0.261719 0.203906 0.076563 0.076563
15 0.347656 0.211719 0.073438 0.092188
28 0.442969 0.209375 0.082812 0.087500
31 0.539844 0.201563 0.073438 0.071875
0 0.628906 0.203906 0.070312 0.076563
29 0.701562 0.207813 0.050000 0.084375
18 0.785156 0.203906 0.076563 0.076563
30 0.875000 0.201563 0.068750 0.071875
2 0.085156 0.326562 0.070312 0.075000
26 0.169531 0.325781 0.082812 0.073438
7 0.257031 0.326562 0.076563 0.075000
24 0.356250 0.326562 0.084375 0.075000
36 0.457813 0.327344 0.084375 0.076563
12 0.546875 0.325000 0.078125 0.071875
6 0.643750 0.326562 0.084375 0.075000
16 0.733594 0.326562 0.070312 0.075000
30 0.814063 0.325000 0.065625 0.071875
27 0.900781 0.330469 0.085938 0.082812
6 0.092188 0.440625 0.084375 0.075000
