15 0.085156 0.096094 0.070312 0.092188
9 0.160938 0.085938 0.065625 0.071875
0 0.250781 0.088281 0.070312 0.076563
29 0.326562 0.092188 0.050000 0.084375
30 0.403125 0.087500 0.068750 0.075000
6 0.493750 0.087500 0.081250 0.075000
28 0.594531 0.093750 0.082812 0.087500
16 0.689844 0.087500 0.070312 0.075000
24 0.784375 0.085938 0.081250 0.071875
32 0.877344 0.086719 0.067187 0.073438
35 0.096094 0.211719 0.092188 0.076563
8 0.181250 0.210156 0.053125 0.073438
0 0.250781 0.210156 0.067187 0.073438
9 0.329688 0.209375 0.065625 0.071875
24 0.423438 0.209375 0.081250 0.071875
5 0.517188 0.210938 0.084375 0.075000
26 0.613281 0.210156 0.082812 0.073438
29 0.692187 0.217188 0.056250 0.087500
6 0.778125 0.209375 0.081250 0.071875
21 0.872656 0.211719 0.079687 0.076563
12 0.090625 0.329688 0.081250 0.075000
8 0.167187 0.328906 0.053125 0.073438
