11 0.084375 0.088281 0.068750 0.076563
2 0.174219 0.085938 0.067187 0.071875
3 0.260156 0.089844 0.070312 0.079687
15 0.342969 0.096094 0.073438 0.092188
26 0.439844 0.088281 0.082812 0.076563
1 0.536719 0.092188 0.082812 0.084375
2 0.628906 0.085938 0.067187 0.071875
20 0.715625 0.092188 0.068750 0.084375
26 0.811719 0.088281 0.085938 0.076563
27 0.907031 0.089844 0.082812 0.079687
7 0.088281 0.210938 0.076563 0.075000
33 0.179688 0.213281 0.075000 0.079687
30 0.271875 0.209375 0.065625 0.071875
15 0.360156 0.217969 0.070312 0.089063
4 0.444531 0.211719 0.067187 0.076563
36 0.529687 0.211719 0.081250 0.076563
6 0.626563 0.210938 0.084375 0.075000
21 0.719531 0.210156 0.076563 0.073438
1 0.819531 0.214062 0.082812 0.081250
3 0.916406 0.211719 0.067187 0.076563
17 0.084375 0.330469 0.068750 0.073438
11 0.162500 0.333594 0.071875 0.079687
18 0.244531 0.332031 0.076563 0.076563
4 0.330469 0.332031 0.067187 0.076563
18 0.421094 0.332031 0.076563 0.076563
