4 0.085156 0.089844 0.070312 0.079687
5 0.179688 0.087500 0.084375 0.075000
31 0.280469 0.087500 0.076563 0.075000
34 0.373437 0.091406 0.075000 0.082812
17 0.459375 0.088281 0.071875 0.076563
12 0.545312 0.087500 0.081250 0.075000
21 0.633594 0.088281 0.079687 0.076563
10 0.725000 0.089844 0.071875 0.079687
35 0.825781 0.086719 0.089063 0.073438
8 0.918750 0.088281 0.053125 0.076563
6 0.090625 0.200000 0.081250 0.071875
6 0.190625 0.200000 0.081250 0.071875
10 0.284375 0.203906 0.071875 0.079687
21 0.372656 0.202344 0.079687 0.076563
29 0.450000 0.206250 0.053125 0.084375
29 0.520312 0.206250 0.053125 0.084375
5 0.596875 0.201563 0.084375 0.075000
16 0.696094 0.201563 0.070312 0.075000
13 0.792188 0.202344 0.078125 0.076563
9 0.876563 0.200000 0.065625 0.071875
33 0.085938 0.317969 0.071875 0.076563
31 0.172656 0.317188 0.076563 0.075000
16 0.267969 0.317188 0.070312 0.075000
21 0.364844 0.317969 0.079687 0.076563
