34 0.087500 0.091406 0.075000 0.082812
1 0.177344 0.089063 0.079687 0.078125
15 0.269531 0.096094 0.073438 0.092188
27 0.366406 0.092969 0.085938 0.085938
9 0.464062 0.085938 0.065625 0.071875
19 0.553906 0.093750 0.076563 0.087500
16 0.649219 0.087500 0.070312 0.075000
1 0.738281 0.089063 0.079687 0.078125
26 0.833594 0.086719 0.082812 0.073438
15 0.083594 0.217969 0.067187 0.089063
15 0.166406 0.217969 0.070312 0.089063
7 0.257031 0.210938 0.076563 0.075000
0 0.350781 0.210156 0.067187 0.073438
25 0.431250 0.210938 0.075000 0.075000
2 0.522656 0.209375 0.067187 0.071875
3 0.605469 0.211719 0.067187 0.076563
14 0.683594 0.210156 0.073438 0.073438
3 0.774219 0.211719 0.070312 0.076563
28 0.869531 0.217188 0.082812 0.087500
9 0.084375 0.331250 0.068750 0.075000
1 0.166406 0.332813 0.079687 0.078125
24 0.264062 0.331250 0.084375 0.075000
