31 0.086719 0.085938 0.073438 0.071875
22 0.173437 0.088281 0.084375 0.076563
13 0.275000 0.088281 0.078125 0.076563
32 0.361719 0.086719 0.067187 0.073438
33 0.450000 0.088281 0.071875 0.076563
14 0.535156 0.086719 0.070312 0.073438
7 0.621094 0.087500 0.076563 0.075000
7 0.707031 0.085938 0.073438 0.071875
27 0.805469 0.091406 0.085938 0.082812
32 0.894531 0.088281 0.070312 0.076563
16 0.083594 0.200000 0.067187 0.071875
25 0.160938 0.200000 0.071875 0.071875
3 0.244531 0.203906 0.070312 0.079687
9 0.328125 0.200000 0.065625 0.071875
8 0.401562 0.202344 0.053125 0.076563
37 0.473438 0.200781 0.068750 0.073438
12 0.568750 0.200000 0.078125 0.071875
28 0.667969 0.207813 0.082812 0.087500
5 0.759375 0.200000 0.081250 0.071875
32 0.849219 0.202344 0.070312 0.076563
17 0.084375 0.319531 0.068750 0.073438
12 0.171875 0.318750 0.078125 0.071875
25 0.259375 0.318750 0.071875 0.071875
27 0.350781 0.324219 0.085938 0.082812
33 0.442188 0.321094 0.071875 0.076563
31 0.535156 0.318750 0.073438 0.071875
