32 0.083594 0.086719 0.067187 0.073438
18 0.161719 0.086719 0.073438 0.073438
3 0.252344 0.088281 0.067187 0.076563
32 0.342969 0.088281 0.070312 0.076563
5 0.429688 0.087500 0.084375 0.075000
37 0.526563 0.088281 0.071875 0.076563
12 0.618750 0.087500 0.081250 0.075000
0 0.703906 0.086719 0.067187 0.073438
0 0.780469 0.086719 0.067187 0.073438
22 0.873437 0.086719 0.081250 0.073438
31 0.086719 0.193750 0.073438 0.071875
37 0.179688 0.196094 0.071875 0.076563
23 0.271094 0.195312 0.076563 0.075000
4 0.363281 0.196094 0.070312 0.076563
30 0.451562 0.193750 0.065625 0.071875
13 0.542188 0.196094 0.078125 0.076563
30 0.621875 0.193750 0.065625 0.071875
1 0.708594 0.196875 0.079687 0.078125
37 0.798438 0.196094 0.071875 0.076563
10 0.884375 0.197656 0.071875 0.079687
6 0.092188 0.306250 0.084375 0.075000
17 0.189062 0.307031 0.071875 0.076563
26 0.278906 0.305469 0.082812 0.073438
