29 0.078125 0.093750 0.056250 0.087500
30 0.146875 0.085938 0.065625 0.071875
32 0.227344 0.088281 0.070312 0.076563
10 0.318750 0.089844 0.071875 0.079687
12 0.415625 0.087500 0.081250 0.075000
26 0.508594 0.086719 0.082812 0.073438
4 0.597656 0.088281 0.067187 0.076563
18 0.685156 0.086719 0.073438 0.073438
10 0.778125 0.091406 0.075000 0.082812
22 0.868750 0.088281 0.084375 0.076563
8 0.076563 0.205469 0.053125 0.073438
16 0.155469 0.204687 0.067187 0.071875
21 0.241406 0.207031 0.079687 0.076563
8 0.317188 0.205469 0.050000 0.073438
32 0.389844 0.205469 0.067187 0.073438
26 0.472656 0.205469 0.082812 0.073438
31 0.566406 0.204687 0.073438 0.071875
9 0.643750 0.204687 0.065625 0.071875
32 0.722656 0.207031 0.070312 0.076563
0 0.808594 0.207031 0.070312 0.076563
14 0.899219 0.205469 0.070312 0.073438
25 0.087500 0.314063 0.075000 0.075000
33 0.173437 0.316406 0.075000 0.079687
26 0.261719 0.316406 0.085938 0.079687
35 0.363281 0.316406 0.092188 0.079687
18 0.464844 0.314844 0.076563 0.076563
1 0.555469 0.315625 0.079687 0.078125
24 0.648438 0.312500 0.081250 0.071875
6 0.745313 0.314063 0.084375 0.075000
23 0.844531 0.312500 0.073438 0.071875
1 0.089844 0.426563 0.079687 0.078125
26 0.189844 0.424219 0.082812 0.073438
