17 0.085938 0.088281 0.071875 0.076563
34 0.181250 0.091406 0.075000 0.082812
15 0.277344 0.096094 0.073438 0.092188
31 0.364844 0.085938 0.073438 0.071875
29 0.443750 0.092188 0.050000 0.084375
1 0.528906 0.090625 0.082812 0.081250
20 0.612500 0.092188 0.068750 0.084375
5 0.695312 0.085938 0.081250 0.071875
35 0.800781 0.088281 0.092188 0.076563
24 0.906250 0.087500 0.084375 0.075000
19 0.086719 0.215625 0.073438 0.084375
0 0.172656 0.210156 0.067187 0.073438
25 0.265625 0.210938 0.075000 0.075000
4 0.358594 0.211719 0.067187 0.076563
5 0.445312 0.210938 0.084375 0.075000
34 0.534375 0.214844 0.078125 0.082812
30 0.620313 0.210938 0.068750 0.075000
28 0.717969 0.217188 0.082812 0.087500
23 0.805469 0.210938 0.076563 0.075000
8 0.890625 0.210156 0.050000 0.073438
31 0.086719 0.328125 0.073438 0.071875
8 0.162500 0.328906 0.050000 0.073438
30 0.242188 0.328125 0.065625 0.071875
26 0.333594 0.328906 0.082812 0.073438
8 0.415625 0.330469 0.053125 0.076563
29 0.482812 0.334375 0.053125 0.084375
16 0.553906 0.329688 0.070312 0.075000
37 0.643750 0.328906 0.068750 0.073438
28 0.732031 0.335938 0.082812 0.087500
