32 0.085156 0.088281 0.070312 0.076563
33 0.178125 0.089844 0.075000 0.079687
10 0.268750 0.089844 0.071875 0.079687
5 0.362500 0.087500 0.084375 0.075000
18 0.461719 0.086719 0.073438 0.073438
14 0.542969 0.086719 0.070312 0.073438
17 0.620313 0.086719 0.068750 0.073438
4 0.702344 0.088281 0.067187 0.076563
37 0.793750 0.088281 0.071875 0.076563
6 0.892188 0.085938 0.081250 0.071875
13 0.087500 0.197656 0.075000 0.073438
20 0.178125 0.203125 0.071875 0.084375
7 0.272656 0.196875 0.073438 0.071875
4 0.358594 0.200781 0.070312 0.079687
12 0.442188 0.198437 0.081250 0.075000
5 0.532813 0.196875 0.081250 0.071875
5 0.632812 0.196875 0.081250 0.071875
27 0.736719 0.202344 0.085938 0.082812
19 0.836719 0.203125 0.070312 0.084375
31 0.088281 0.314063 0.076563 0.075000
17 0.175000 0.314844 0.071875 0.076563
24 0.268750 0.314063 0.084375 0.075000
