1 0.091406 0.090625 0.082812 0.081250
35 0.189844 0.088281 0.092188 0.076563
19 0.288281 0.092188 0.070312 0.084375
32 0.372656 0.086719 0.067187 0.073438
1 0.466406 0.089063 0.079687 0.078125
14 0.563281 0.088281 0.073438 0.076563
8 0.639062 0.088281 0.053125 0.076563
24 0.725000 0.087500 0.084375 0.075000
36 0.826562 0.088281 0.084375 0.076563
29 0.909375 0.093750 0.056250 0.087500
36 0.090625 0.205469 0.081250 0.073438
31 0.185156 0.206250 0.076563 0.075000
22 0.278125 0.205469 0.081250 0.073438
13 0.365625 0.205469 0.075000 0.073438
28 0.452344 0.212500 0.082812 0.087500
11 0.550000 0.208594 0.071875 0.079687
16 0.636719 0.204687 0.070312 0.071875
14 0.728906 0.207031 0.073438 0.076563
12 0.826562 0.206250 0.081250 0.075000
22 0.090625 0.324219 0.081250 0.073438
