25 0.085938 0.085938 0.071875 0.071875
17 0.176563 0.086719 0.068750 0.073438
18 0.271094 0.088281 0.076563 0.076563
24 0.371875 0.087500 0.084375 0.075000
12 0.462500 0.085938 0.078125 0.071875
29 0.535937 0.092188 0.053125 0.084375
11 0.614062 0.088281 0.068750 0.076563
2 0.700781 0.085938 0.067187 0.071875
31 0.785156 0.087500 0.076563 0.075000
5 0.878125 0.085938 0.081250 0.071875
25 0.085938 0.201563 0.071875 0.071875
15 0.167969 0.211719 0.073438 0.092188
29 0.250000 0.207813 0.053125 0.084375
21 0.327344 0.202344 0.076563 0.073438
30 0.409375 0.201563 0.065625 0.071875
13 0.487500 0.202344 0.075000 0.073438
26 0.578906 0.203906 0.085938 0.076563
18 0.667969 0.203906 0.076563 0.076563
0 0.761719 0.202344 0.067187 0.073438
26 0.855469 0.203906 0.082812 0.076563
5 0.092188 0.326562 0.084375 0.075000
31 0.183594 0.326562 0.076563 0.075000
12 0.276562 0.325000 0.078125 0.071875
