19 0.086719 0.093750 0.073438 0.087500
25 0.181250 0.087500 0.075000 0.075000
16 0.271094 0.085938 0.067187 0.071875
8 0.348438 0.086719 0.053125 0.073438
7 0.425781 0.085938 0.073438 0.071875
26 0.514844 0.086719 0.082812 0.073438
3 0.607031 0.088281 0.067187 0.076563
1 0.703906 0.090625 0.082812 0.081250
30 0.795312 0.087500 0.068750 0.075000
27 0.882031 0.089844 0.082812 0.079687
28 0.091406 0.212500 0.082812 0.087500
28 0.192969 0.212500 0.082812 0.087500
9 0.281250 0.204687 0.065625 0.071875
4 0.364844 0.207031 0.067187 0.076563
1 0.449219 0.207813 0.079687 0.078125
37 0.535937 0.205469 0.068750 0.073438
35 0.630469 0.205469 0.089063 0.073438
5 0.731250 0.204687 0.081250 0.071875
32 0.817969 0.205469 0.067187 0.073438
18 0.899219 0.207031 0.076563 0.076563
18 0.086719 0.324219 0.073438 0.073438
