1 0.089844 0.089063 0.079687 0.078125
9 0.171875 0.087500 0.068750 0.075000
36 0.268750 0.086719 0.081250 0.073438
17 0.359375 0.088281 0.071875 0.076563
37 0.448437 0.086719 0.068750 0.073438
14 0.539844 0.086719 0.070312 0.073438
15 0.616406 0.094531 0.067187 0.089063
0 0.697656 0.086719 0.067187 0.073438
36 0.793750 0.088281 0.084375 0.076563
6 0.896875 0.087500 0.084375 0.075000
21 0.088281 0.208594 0.076563 0.076563
21 0.182031 0.207031 0.076563 0.073438
13 0.265625 0.207031 0.075000 0.073438
36 0.354687 0.207031 0.081250 0.073438
4 0.452344 0.208594 0.070312 0.076563
35 0.555469 0.208594 0.092188 0.076563
15 0.650781 0.216406 0.070312 0.092188
23 0.735156 0.206250 0.073438 0.071875
21 0.832031 0.208594 0.079687 0.076563
11 0.914062 0.208594 0.068750 0.076563
12 0.090625 0.331250 0.081250 0.075000
16 0.174219 0.329688 0.067187 0.071875
13 0.259375 0.332031 0.078125 0.076563
13 0.343750 0.330469 0.075000 0.073438
25 0.432812 0.329688 0.071875 0.071875
20 0.520312 0.337500 0.071875 0.087500
5 0.610938 0.331250 0.084375 0.075000
21 0.700781 0.330469 0.076563 0.073438
13 0.789062 0.332031 0.078125 0.076563
19 0.880469 0.337500 0.073438 0.087500
20 0.084375 0.454688 0.068750 0.084375
