2 0.083594 0.085938 0.067187 0.071875
24 0.167187 0.085938 0.081250 0.071875
15 0.264844 0.094531 0.070312 0.089063
1 0.352344 0.090625 0.082812 0.081250
34 0.446875 0.092969 0.078125 0.085938
25 0.529687 0.085938 0.071875 0.071875
2 0.607031 0.085938 0.067187 0.071875
0 0.691406 0.088281 0.070312 0.076563
5 0.779687 0.087500 0.084375 0.075000
21 0.872656 0.086719 0.076563 0.073438
33 0.087500 0.210156 0.075000 0.079687
32 0.175781 0.207031 0.067187 0.073438
8 0.242188 0.207031 0.050000 0.073438
30 0.317188 0.206250 0.065625 0.071875
22 0.404687 0.208594 0.084375 0.076563
37 0.496875 0.208594 0.071875 0.076563
15 0.582031 0.216406 0.073438 0.092188
0 0.664844 0.208594 0.070312 0.076563
28 0.763281 0.217188 0.089063 0.093750
30 0.850000 0.206250 0.068750 0.071875
20 0.085938 0.339062 0.071875 0.087500
19 0.174219 0.337500 0.073438 0.084375
27 0.267969 0.335156 0.082812 0.079687
15 0.353906 0.341406 0.070312 0.092188
32 0.435156 0.332031 0.067187 0.073438
12 0.523438 0.332813 0.081250 0.075000
33 0.612500 0.333594 0.071875 0.076563
