7 0.086719 0.085938 0.073438 0.071875
5 0.181250 0.085938 0.081250 0.071875
35 0.285156 0.088281 0.089063 0.076563
36 0.393750 0.088281 0.084375 0.076563
1 0.486719 0.090625 0.082812 0.081250
1 0.580469 0.089063 0.079687 0.078125
14 0.674219 0.088281 0.073438 0.076563
14 0.764844 0.086719 0.070312 0.073438
37 0.853125 0.086719 0.068750 0.073438
16 0.083594 0.198437 0.067187 0.071875
37 0.167187 0.199219 0.068750 0.073438
19 0.257031 0.204687 0.073438 0.084375
32 0.338281 0.199219 0.067187 0.073438
22 0.431250 0.200781 0.084375 0.076563
34 0.520312 0.203906 0.075000 0.082812
1 0.608594 0.203125 0.082812 0.081250
12 0.698438 0.200000 0.081250 0.075000
22 0.793750 0.200781 0.084375 0.076563
21 0.894531 0.200781 0.079687 0.076563
29 0.076563 0.320312 0.053125 0.084375
22 0.164062 0.316406 0.084375 0.076563
17 0.262500 0.314844 0.068750 0.073438
32 0.346094 0.314844 0.067187 0.073438
2 0.424219 0.314063 0.067187 0.071875
29 0.492188 0.320312 0.050000 0.084375
34 0.578125 0.321094 0.078125 0.085938
20 0.673438 0.320312 0.068750 0.084375
11 0.759375 0.317969 0.071875 0.079687
