5 0.092188 0.087500 0.084375 0.075000
22 0.193750 0.086719 0.081250 0.073438
24 0.295312 0.087500 0.081250 0.075000
3 0.388281 0.089844 0.070312 0.079687
37 0.478125 0.086719 0.071875 0.073438
7 0.566406 0.085938 0.073438 0.071875
33 0.660937 0.089844 0.075000 0.079687
15 0.750781 0.094531 0.067187 0.089063
1 0.839844 0.092188 0.082812 0.084375
34 0.089063 0.213281 0.078125 0.085938
11 0.175000 0.208594 0.068750 0.076563
25 0.260937 0.206250 0.071875 0.071875
15 0.344531 0.216406 0.070312 0.092188
9 0.431250 0.207813 0.068750 0.075000
22 0.517188 0.207031 0.081250 0.073438
34 0.615625 0.211719 0.075000 0.082812
18 0.710156 0.207031 0.073438 0.073438
5 0.796875 0.206250 0.081250 0.071875
0 0.894531 0.208594 0.070312 0.076563
7 0.088281 0.331250 0.076563 0.075000
5 0.182812 0.331250 0.084375 0.075000
15 0.267969 0.338281 0.067187 0.089063
15 0.352344 0.338281 0.067187 0.089063
26 0.449219 0.330469 0.082812 0.073438
31 0.547656 0.329688 0.073438 0.071875
23 0.636719 0.329688 0.073438 0.071875
1 0.722656 0.332813 0.079687 0.078125
15 0.807031 0.339844 0.070312 0.092188
30 0.890625 0.331250 0.068750 0.075000
10 0.085938 0.457031 0.071875 0.079687
14 0.177344 0.455469 0.073438 0.076563
2 0.261719 0.454688 0.070312 0.075000
