4 0.083594 0.088281 0.067187 0.076563
30 0.164062 0.087500 0.068750 0.075000
11 0.248438 0.089844 0.071875 0.079687
31 0.330469 0.085938 0.073438 0.071875
11 0.415625 0.089844 0.071875 0.079687
26 0.508594 0.088281 0.082812 0.076563
9 0.593750 0.087500 0.068750 0.075000
26 0.686719 0.086719 0.082812 0.073438
14 0.780469 0.086719 0.070312 0.073438
2 0.861719 0.085938 0.067187 0.071875
12 0.090625 0.198437 0.081250 0.075000
27 0.188281 0.202344 0.085938 0.082812
22 0.293750 0.199219 0.084375 0.076563
24 0.389062 0.198437 0.084375 0.075000
14 0.477344 0.197656 0.070312 0.073438
25 0.565625 0.196875 0.071875 0.071875
22 0.653125 0.199219 0.084375 0.076563
25 0.745313 0.196875 0.071875 0.071875
27 0.838281 0.200781 0.082812 0.079687
35 0.096094 0.314844 0.092188 0.079687
33 0.195312 0.313281 0.071875 0.076563
20 0.275000 0.317188 0.068750 0.084375
24 0.367188 0.312500 0.084375 0.075000
2 0.466406 0.312500 0.070312 0.075000
26 0.552344 0.311719 0.082812 0.073438
21 0.639844 0.311719 0.076563 0.073438
25 0.729688 0.310937 0.071875 0.071875
37 0.817187 0.311719 0.068750 0.073438
10 0.895312 0.314844 0.071875 0.079687
8 0.075000 0.427344 0.050000 0.073438
21 0.158594 0.427344 0.076563 0.073438
3 0.253906 0.430469 0.070312 0.079687
