30 0.084375 0.087500 0.068750 0.075000
18 0.164844 0.088281 0.076563 0.076563
4 0.247656 0.088281 0.067187 0.076563
13 0.335938 0.088281 0.078125 0.076563
19 0.421094 0.092188 0.070312 0.084375
7 0.502344 0.085938 0.073438 0.071875
7 0.597656 0.085938 0.073438 0.071875
32 0.689844 0.088281 0.070312 0.076563
9 0.775000 0.087500 0.068750 0.075000
12 0.868750 0.085938 0.078125 0.071875
24 0.092188 0.203125 0.084375 0.075000
24 0.196875 0.203125 0.084375 0.075000
21 0.294531 0.203906 0.079687 0.076563
2 0.377344 0.203125 0.070312 0.075000
14 0.463281 0.203906 0.073438 0.076563
1 0.552344 0.204687 0.079687 0.078125
27 0.653906 0.207031 0.085938 0.082812
13 0.746875 0.203906 0.078125 0.076563
11 0.840625 0.203906 0.068750 0.076563
13 0.089063 0.317969 0.078125 0.076563
23 0.185156 0.317188 0.076563 0.075000
9 0.276562 0.315625 0.068750 0.071875
4 0.366406 0.319531 0.070312 0.079687
37 0.445312 0.317969 0.071875 0.076563
28 0.539844 0.325000 0.089063 0.090625
34 0.631250 0.321094 0.078125 0.082812
37 0.715625 0.317969 0.071875 0.076563
2 0.796094 0.315625 0.067187 0.071875
27 0.880469 0.321094 0.085938 0.082812
15 0.083594 0.446094 0.067187 0.089063
