19 0.086719 0.093750 0.073438 0.087500
34 0.170313 0.092969 0.078125 0.085938
22 0.265625 0.089844 0.084375 0.079687
9 0.356250 0.085938 0.065625 0.071875
11 0.434375 0.088281 0.068750 0.076563
23 0.519531 0.085938 0.073438 0.071875
7 0.611719 0.085938 0.073438 0.071875
1 0.702344 0.090625 0.082812 0.081250
25 0.789062 0.085938 0.071875 0.071875
21 0.872656 0.086719 0.076563 0.073438
19 0.086719 0.212500 0.073438 0.087500
29 0.164062 0.210938 0.053125 0.084375
15 0.244531 0.213281 0.067187 0.089063
10 0.321875 0.208594 0.071875 0.079687
37 0.414062 0.205469 0.068750 0.073438
21 0.499219 0.207031 0.079687 0.076563
12 0.589063 0.204687 0.078125 0.071875
17 0.673438 0.205469 0.071875 0.073438
18 0.755469 0.205469 0.073438 0.073438
10 0.839063 0.210156 0.078125 0.082812
24 0.090625 0.325000 0.081250 0.071875
24 0.185938 0.325000 0.081250 0.071875
