1 0.091406 0.090625 0.082812 0.081250
32 0.182031 0.088281 0.070312 0.076563
0 0.260156 0.086719 0.067187 0.073438
2 0.347656 0.087500 0.070312 0.075000
12 0.439063 0.087500 0.081250 0.075000
3 0.530469 0.088281 0.070312 0.076563
16 0.619531 0.087500 0.070312 0.075000
22 0.714063 0.086719 0.081250 0.073438
37 0.812500 0.088281 0.071875 0.076563
10 0.906250 0.089844 0.071875 0.079687
22 0.090625 0.199219 0.081250 0.073438
26 0.188281 0.199219 0.082812 0.073438
6 0.290625 0.198437 0.081250 0.071875
1 0.386719 0.203125 0.082812 0.081250
34 0.487500 0.205469 0.078125 0.085938
35 0.588281 0.199219 0.089063 0.073438
16 0.678906 0.198437 0.067187 0.071875
30 0.765625 0.198437 0.065625 0.071875
34 0.857812 0.203906 0.075000 0.082812
36 0.092188 0.317969 0.084375 0.076563
34 0.181250 0.321094 0.075000 0.082812
2 0.271094 0.315625 0.067187 0.071875
5 0.367188 0.315625 0.081250 0.071875
1 0.469531 0.320312 0.082812 0.081250
27 0.574219 0.321094 0.085938 0.082812
28 0.677344 0.323437 0.082812 0.087500
32 0.775781 0.317969 0.070312 0.076563
9 0.862500 0.317188 0.068750 0.075000
28 0.092969 0.443750 0.085938 0.090625
34 0.185938 0.441406 0.078125 0.085938
13 0.271875 0.436719 0.078125 0.076563
36 0.367188 0.435156 0.081250 0.073438
10 0.460938 0.439844 0.078125 0.082812
