7 0.088281 0.087500 0.076563 0.075000
26 0.186719 0.088281 0.085938 0.076563
25 0.284375 0.087500 0.075000 0.075000
2 0.363281 0.085938 0.067187 0.071875
27 0.449219 0.089844 0.082812 0.079687
14 0.535156 0.088281 0.073438 0.076563
23 0.624219 0.087500 0.076563 0.075000
25 0.714063 0.087500 0.075000 0.075000
28 0.808594 0.093750 0.082812 0.087500
5 0.901563 0.085938 0.081250 0.071875
16 0.083594 0.204687 0.067187 0.071875
26 0.174219 0.207031 0.085938 0.076563
28 0.278906 0.215625 0.089063 0.093750
1 0.375781 0.209375 0.082812 0.081250
13 0.464062 0.207031 0.078125 0.076563
21 0.558594 0.207031 0.079687 0.076563
36 0.650000 0.205469 0.081250 0.073438
32 0.742969 0.205469 0.067187 0.073438
29 0.821875 0.210938 0.050000 0.084375
18 0.897656 0.205469 0.073438 0.073438
18 0.086719 0.330469 0.073438 0.073438
18 0.169531 0.332031 0.076563 0.076563
32 0.261719 0.330469 0.070312 0.073438
