21 0.089844 0.088281 0.079687 0.076563
27 0.194531 0.091406 0.085938 0.082812
28 0.299219 0.093750 0.082812 0.087500
15 0.392969 0.094531 0.067187 0.089063
13 0.481250 0.088281 0.078125 0.076563
15 0.575781 0.094531 0.067187 0.089063
15 0.658594 0.094531 0.070312 0.089063
30 0.742188 0.087500 0.068750 0.075000
32 0.832031 0.086719 0.070312 0.073438
6 0.090625 0.206250 0.081250 0.071875
4 0.177344 0.210156 0.070312 0.079687
10 0.270313 0.210156 0.071875 0.079687
19 0.353906 0.212500 0.070312 0.084375
37 0.434375 0.208594 0.071875 0.076563
15 0.524219 0.216406 0.070312 0.092188
24 0.610938 0.206250 0.081250 0.071875
19 0.697656 0.212500 0.070312 0.084375
15 0.783594 0.216406 0.073438 0.092188
0 0.874219 0.207031 0.067187 0.073438
27 0.091406 0.333594 0.082812 0.079687
19 0.178906 0.335938 0.073438 0.084375
27 0.266406 0.333594 0.082812 0.079687
24 0.368750 0.329688 0.081250 0.071875
26 0.467969 0.332031 0.085938 0.076563
