36 0.092188 0.088281 0.084375 0.076563
17 0.184375 0.088281 0.071875 0.076563
37 0.275000 0.088281 0.071875 0.076563
4 0.355469 0.089844 0.070312 0.079687
24 0.446875 0.087500 0.084375 0.075000
30 0.543750 0.085938 0.065625 0.071875
16 0.617969 0.085938 0.067187 0.071875
14 0.696094 0.088281 0.073438 0.076563
34 0.781250 0.092969 0.078125 0.085938
36 0.870313 0.086719 0.081250 0.073438
12 0.090625 0.204687 0.081250 0.075000
36 0.182812 0.205469 0.084375 0.076563
37 0.278125 0.205469 0.071875 0.076563
28 0.377344 0.210938 0.082812 0.087500
32 0.461719 0.203906 0.067187 0.073438
23 0.547656 0.204687 0.076563 0.075000
2 0.627344 0.203125 0.067187 0.071875
7 0.716406 0.204687 0.076563 0.075000
17 0.810937 0.203906 0.068750 0.073438
31 0.897656 0.203125 0.073438 0.071875
2 0.083594 0.321875 0.067187 0.071875
15 0.167969 0.330469 0.070312 0.089063
10 0.257812 0.327344 0.075000 0.082812
35 0.349219 0.325781 0.092188 0.079687
15 0.439844 0.332031 0.073438 0.092188
12 0.528125 0.321875 0.078125 0.071875
9 0.607812 0.321875 0.065625 0.071875
24 0.704688 0.323437 0.084375 0.075000
13 0.801562 0.322656 0.075000 0.073438
33 0.887500 0.324219 0.071875 0.076563
18 0.088281 0.447656 0.076563 0.076563
5 0.187500 0.446875 0.084375 0.075000
27 0.280469 0.449219 0.082812 0.079687
