14 0.086719 0.088281 0.073438 0.076563
23 0.171094 0.085938 0.073438 0.071875
33 0.260937 0.089844 0.075000 0.079687
23 0.357031 0.085938 0.073438 0.071875
21 0.441406 0.088281 0.079687 0.076563
19 0.527344 0.093750 0.073438 0.087500
15 0.607031 0.094531 0.067187 0.089063
6 0.698438 0.087500 0.084375 0.075000
9 0.784375 0.087500 0.068750 0.075000
23 0.871094 0.087500 0.076563 0.075000
24 0.090625 0.206250 0.081250 0.071875
25 0.187500 0.207813 0.075000 0.075000
18 0.275781 0.208594 0.076563 0.076563
29 0.353125 0.212500 0.053125 0.084375
18 0.435156 0.207031 0.073438 0.073438
13 0.528125 0.207031 0.075000 0.073438
28 0.622656 0.214062 0.082812 0.087500
24 0.715625 0.207813 0.084375 0.075000
19 0.811719 0.212500 0.070312 0.084375
32 0.903906 0.208594 0.070312 0.076563
26 0.091406 0.327344 0.082812 0.076563
0 0.180469 0.327344 0.070312 0.076563
31 0.261719 0.325000 0.073438 0.071875
14 0.341406 0.325781 0.070312 0.073438
36 0.431250 0.327344 0.084375 0.076563
37 0.520312 0.325781 0.068750 0.073438
9 0.601562 0.325000 0.065625 0.071875
27 0.696094 0.328906 0.082812 0.079687
36 0.796875 0.325781 0.081250 0.073438
4 0.882031 0.327344 0.067187 0.076563
2 0.083594 0.435937 0.067187 0.071875
34 0.178125 0.442969 0.078125 0.085938
1 0.271094 0.440625 0.082812 0.081250
