27 0.091406 0.089844 0.082812 0.079687
18 0.183594 0.086719 0.073438 0.073438
6 0.273438 0.087500 0.084375 0.075000
3 0.367969 0.088281 0.067187 0.076563
16 0.452344 0.087500 0.070312 0.075000
23 0.533594 0.087500 0.076563 0.075000
31 0.625781 0.087500 0.076563 0.075000
1 0.711719 0.089063 0.079687 0.078125
29 0.785937 0.092188 0.050000 0.084375
12 0.868750 0.087500 0.081250 0.075000
17 0.085938 0.203906 0.071875 0.076563
10 0.175000 0.207031 0.075000 0.082812
35 0.266406 0.203906 0.089063 0.076563
33 0.364063 0.205469 0.075000 0.079687
15 0.452344 0.210156 0.067187 0.089063
0 0.532031 0.203906 0.070312 0.076563
28 0.628906 0.210938 0.085938 0.090625
5 0.721875 0.201563 0.081250 0.071875
9 0.809375 0.203125 0.068750 0.075000
14 0.892969 0.202344 0.070312 0.073438
11 0.085938 0.327344 0.071875 0.079687
7 0.171094 0.323437 0.073438 0.071875
7 0.255469 0.323437 0.073438 0.071875
36 0.351562 0.325781 0.084375 0.076563
0 0.438281 0.324219 0.067187 0.073438
19 0.528906 0.331250 0.073438 0.087500
16 0.617969 0.325000 0.070312 0.075000
34 0.706250 0.328906 0.075000 0.082812
15 0.796094 0.332031 0.067187 0.089063
7 0.883594 0.325000 0.076563 0.075000
18 0.086719 0.444531 0.073438 0.073438
23 0.174219 0.443750 0.073438 0.071875
23 0.269531 0.443750 0.073438 0.071875
4 0.352344 0.447656 0.070312 0.079687
