24 0.092188 0.087500 0.084375 0.075000
10 0.187500 0.089844 0.075000 0.079687
8 0.267188 0.086719 0.050000 0.073438
37 0.342187 0.086719 0.068750 0.073438
7 0.427344 0.085938 0.073438 0.071875
18 0.519531 0.086719 0.073438 0.073438
10 0.609375 0.089844 0.071875 0.079687
7 0.700781 0.087500 0.076563 0.075000
16 0.794531 0.085938 0.067187 0.071875
33 0.887500 0.089844 0.075000 0.079687
17 0.085938 0.199219 0.071875 0.076563
28 0.183594 0.204687 0.082812 0.087500
28 0.280469 0.204687 0.082812 0.087500
37 0.375000 0.199219 0.071875 0.076563
23 0.466406 0.196875 0.073438 0.071875
34 0.548438 0.202344 0.075000 0.082812
19 0.635156 0.203125 0.070312 0.084375
14 0.724219 0.197656 0.070312 0.073438
24 0.817187 0.198437 0.081250 0.075000
17 0.909375 0.197656 0.071875 0.073438
16 0.085156 0.317188 0.070312 0.075000
37 0.165625 0.317969 0.071875 0.076563
22 0.256250 0.317969 0.081250 0.076563
1 0.350781 0.320312 0.082812 0.081250
37 0.437500 0.316406 0.068750 0.073438
3 0.527344 0.319531 0.070312 0.079687
32 0.605469 0.316406 0.070312 0.073438
16 0.688281 0.317188 0.070312 0.075000
14 0.766406 0.316406 0.070312 0.073438
15 0.860156 0.325781 0.073438 0.092188
