22 0.090625 0.086719 0.081250 0.073438
36 0.193750 0.086719 0.081250 0.073438
13 0.279687 0.086719 0.075000 0.073438
6 0.370312 0.087500 0.081250 0.075000
4 0.455469 0.089844 0.070312 0.079687
2 0.547656 0.087500 0.070312 0.075000
1 0.638281 0.089063 0.079687 0.078125
1 0.730469 0.090625 0.082812 0.081250
35 0.833594 0.086719 0.089063 0.073438
5 0.090625 0.198437 0.081250 0.071875
30 0.179688 0.200000 0.068750 0.075000
33 0.264062 0.202344 0.075000 0.079687
1 0.363281 0.203125 0.082812 0.081250
34 0.451562 0.205469 0.078125 0.085938
10 0.545312 0.202344 0.071875 0.079687
28 0.635156 0.207813 0.089063 0.090625
9 0.723437 0.198437 0.065625 0.071875
9 0.812500 0.200000 0.068750 0.075000
13 0.903125 0.199219 0.075000 0.073438
16 0.085156 0.321875 0.070312 0.075000
27 0.178906 0.324219 0.082812 0.079687
7 0.274219 0.321875 0.076563 0.075000
18 0.367969 0.321094 0.073438 0.073438
23 0.461719 0.321875 0.076563 0.075000
35 0.564844 0.324219 0.092188 0.079687
17 0.662500 0.322656 0.071875 0.076563
33 0.745313 0.322656 0.071875 0.076563
26 0.846094 0.322656 0.085938 0.076563
31 0.086719 0.431250 0.073438 0.071875
1 0.183594 0.434375 0.079687 0.078125
2 0.266406 0.431250 0.067187 0.071875
