1 0.089844 0.089063 0.079687 0.078125
26 0.182031 0.088281 0.085938 0.076563
2 0.267969 0.085938 0.067187 0.071875
3 0.344531 0.088281 0.067187 0.076563
1 0.439844 0.089063 0.079687 0.078125
8 0.517188 0.088281 0.053125 0.076563
1 0.591406 0.089063 0.079687 0.078125
7 0.680469 0.085938 0.073438 0.071875
28 0.771094 0.093750 0.082812 0.087500
31 0.860156 0.087500 0.076563 0.075000
13 0.087500 0.205469 0.075000 0.073438
24 0.176563 0.206250 0.084375 0.075000
35 0.272656 0.205469 0.089063 0.073438
13 0.367188 0.207031 0.078125 0.076563
15 0.458594 0.213281 0.067187 0.089063
31 0.542969 0.204687 0.073438 0.071875
35 0.636719 0.207031 0.092188 0.076563
21 0.741406 0.205469 0.076563 0.073438
27 0.839844 0.208594 0.082812 0.079687
27 0.092969 0.330469 0.085938 0.082812
26 0.188281 0.327344 0.085938 0.076563
37 0.279687 0.327344 0.071875 0.076563
24 0.365625 0.326562 0.084375 0.075000
17 0.453125 0.325781 0.068750 0.073438
5 0.545312 0.326562 0.081250 0.075000
18 0.635156 0.327344 0.076563 0.076563
18 0.732031 0.325781 0.073438 0.073438
31 0.825781 0.326562 0.076563 0.075000
36 0.092188 0.441406 0.084375 0.076563
25 0.189062 0.439063 0.071875 0.071875
