2 0.083594 0.085938 0.067187 0.071875
10 0.168750 0.089844 0.071875 0.079687
13 0.262500 0.086719 0.075000 0.073438
17 0.357812 0.088281 0.071875 0.076563
13 0.446875 0.088281 0.078125 0.076563
10 0.539062 0.089844 0.071875 0.079687
28 0.636719 0.095312 0.085938 0.090625
19 0.728906 0.093750 0.073438 0.087500
1 0.814844 0.090625 0.082812 0.081250
4 0.911719 0.088281 0.067187 0.076563
32 0.083594 0.208594 0.067187 0.073438
6 0.173437 0.207813 0.081250 0.071875
18 0.271094 0.210156 0.076563 0.076563
1 0.371094 0.210938 0.079687 0.078125
22 0.470313 0.208594 0.081250 0.073438
2 0.566406 0.207813 0.067187 0.071875
10 0.651563 0.213281 0.075000 0.082812
14 0.741406 0.210156 0.073438 0.076563
2 0.822656 0.207813 0.067187 0.071875
6 0.090625 0.323437 0.081250 0.075000
