17 0.084375 0.086719 0.068750 0.073438
15 0.167969 0.096094 0.070312 0.092188
14 0.258594 0.086719 0.070312 0.073438
28 0.347656 0.096875 0.089063 0.093750
33 0.439063 0.089844 0.075000 0.079687
10 0.525000 0.091406 0.075000 0.082812
34 0.621875 0.091406 0.075000 0.082812
32 0.716406 0.088281 0.070312 0.076563
7 0.797656 0.085938 0.073438 0.071875
2 0.882031 0.085938 0.067187 0.071875
22 0.090625 0.211719 0.081250 0.073438
34 0.182812 0.216406 0.075000 0.082812
2 0.263281 0.210938 0.067187 0.071875
19 0.349219 0.217188 0.070312 0.084375
36 0.442188 0.211719 0.081250 0.073438
17 0.526563 0.211719 0.068750 0.073438
2 0.603906 0.212500 0.070312 0.075000
24 0.690625 0.210938 0.081250 0.071875
25 0.778125 0.210938 0.071875 0.071875
14 0.872656 0.213281 0.073438 0.076563
33 0.087500 0.330469 0.075000 0.079687
22 0.179688 0.327344 0.081250 0.073438
19 0.275781 0.332813 0.073438 0.084375
16 0.360156 0.326562 0.067187 0.071875
16 0.447656 0.326562 0.067187 0.071875
4 0.525781 0.330469 0.070312 0.079687
4 0.607031 0.328906 0.067187 0.076563
13 0.696875 0.327344 0.075000 0.073438
11 0.779687 0.330469 0.071875 0.079687
4 0.858594 0.328906 0.067187 0.076563
12 0.090625 0.443750 0.081250 0.075000
5 0.181250 0.443750 0.084375 0.075000
3 0.267969 0.446094 0.070312 0.079687
11 0.354687 0.444531 0.068750 0.076563
