1 0.089844 0.089063 0.079687 0.078125
11 0.185938 0.088281 0.068750 0.076563
13 0.271875 0.088281 0.078125 0.076563
26 0.371094 0.088281 0.085938 0.076563
33 0.460938 0.088281 0.071875 0.076563
22 0.548438 0.086719 0.081250 0.073438
16 0.633594 0.087500 0.070312 0.075000
23 0.719531 0.085938 0.073438 0.071875
33 0.806250 0.088281 0.071875 0.076563
26 0.896094 0.089844 0.085938 0.079687
18 0.088281 0.199219 0.076563 0.076563
8 0.171875 0.197656 0.050000 0.073438
33 0.253125 0.200781 0.075000 0.079687
26 0.346094 0.197656 0.082812 0.073438
9 0.437500 0.196875 0.065625 0.071875
16 0.517969 0.196875 0.067187 0.071875
28 0.611719 0.206250 0.085938 0.090625
19 0.707031 0.203125 0.070312 0.084375
0 0.794531 0.199219 0.070312 0.076563
34 0.885938 0.202344 0.075000 0.082812
14 0.085156 0.319531 0.070312 0.073438
4 0.163281 0.321094 0.067187 0.076563
2 0.250781 0.318750 0.067187 0.071875
26 0.336719 0.319531 0.082812 0.073438
5 0.440625 0.320312 0.081250 0.075000
23 0.528906 0.320312 0.076563 0.075000
21 0.627344 0.321094 0.079687 0.076563
