1 0.089844 0.089063 0.079687 0.078125
4 0.182031 0.089844 0.070312 0.079687
21 0.266406 0.086719 0.076563 0.073438
0 0.355469 0.088281 0.070312 0.076563
22 0.450000 0.086719 0.081250 0.073438
21 0.549219 0.086719 0.076563 0.073438
31 0.638281 0.085938 0.073438 0.071875
1 0.730469 0.089063 0.079687 0.078125
18 0.824219 0.088281 0.076563 0.076563
23 0.908594 0.085938 0.073438 0.071875
3 0.083594 0.199219 0.067187 0.076563
15 0.163281 0.205469 0.070312 0.089063
8 0.239063 0.197656 0.050000 0.073438
15 0.313281 0.205469 0.067187 0.089063
8 0.387500 0.197656 0.050000 0.073438
10 0.470313 0.202344 0.075000 0.082812
37 0.557813 0.197656 0.068750 0.073438
25 0.640625 0.198437 0.075000 0.075000
24 0.732812 0.196875 0.081250 0.071875
7 0.828906 0.196875 0.073438 0.071875
22 0.092188 0.319531 0.084375 0.076563
19 0.186719 0.325000 0.073438 0.087500
10 0.273438 0.322656 0.075000 0.082812
5 0.370312 0.318750 0.084375 0.075000
1 0.461719 0.321875 0.082812 0.081250
12 0.551562 0.317188 0.078125 0.071875
1 0.644531 0.320312 0.079687 0.078125
34 0.739062 0.324219 0.078125 0.085938
