1 0.089844 0.089063 0.079687 0.078125
27 0.178906 0.089844 0.082812 0.079687
29 0.262500 0.092188 0.050000 0.084375
26 0.342969 0.088281 0.085938 0.076563
16 0.442969 0.087500 0.070312 0.075000
27 0.535156 0.091406 0.085938 0.082812
35 0.632031 0.086719 0.089063 0.073438
8 0.725000 0.086719 0.053125 0.073438
36 0.807813 0.086719 0.081250 0.073438
29 0.882812 0.092188 0.050000 0.084375
25 0.085938 0.201563 0.071875 0.071875
24 0.175000 0.201563 0.081250 0.071875
23 0.260156 0.201563 0.073438 0.071875
21 0.346094 0.202344 0.076563 0.073438
2 0.439844 0.203125 0.070312 0.075000
31 0.530469 0.203125 0.076563 0.075000
28 0.619531 0.209375 0.082812 0.087500
22 0.718750 0.202344 0.081250 0.073438
2 0.811719 0.203125 0.070312 0.075000
14 0.905469 0.203906 0.073438 0.076563
24 0.090625 0.320312 0.081250 0.071875
27 0.191406 0.325781 0.085938 0.082812
17 0.279687 0.321094 0.068750 0.073438
35 0.369531 0.322656 0.092188 0.076563
7 0.471094 0.321875 0.076563 0.075000
