4 0.083594 0.088281 0.067187 0.076563
6 0.165625 0.085938 0.081250 0.071875
31 0.250781 0.085938 0.073438 0.071875
3 0.333594 0.088281 0.067187 0.076563
2 0.408594 0.085938 0.067187 0.071875
14 0.489844 0.088281 0.073438 0.076563
16 0.567969 0.085938 0.067187 0.071875
18 0.647656 0.088281 0.076563 0.076563
12 0.734375 0.087500 0.081250 0.075000
7 0.824219 0.085938 0.073438 0.071875
27 0.091406 0.197656 0.082812 0.079687
13 0.185938 0.196094 0.078125 0.076563
33 0.278125 0.196094 0.071875 0.076563
13 0.370312 0.196094 0.078125 0.076563
33 0.453125 0.196094 0.071875 0.076563
24 0.550000 0.193750 0.081250 0.071875
9 0.634375 0.193750 0.065625 0.071875
10 0.721875 0.197656 0.071875 0.079687
17 0.814063 0.196094 0.071875 0.076563
2 0.896094 0.193750 0.067187 0.071875
2 0.083594 0.304688 0.067187 0.071875
14 0.160156 0.305469 0.070312 0.073438
29 0.243750 0.312500 0.056250 0.087500
28 0.328906 0.314063 0.085938 0.090625
6 0.426563 0.304688 0.081250 0.071875
25 0.520312 0.306250 0.075000 0.075000
