6 0.092188 0.087500 0.084375 0.075000
0 0.186719 0.086719 0.067187 0.073438
29 0.253125 0.092188 0.050000 0.084375
33 0.325000 0.089844 0.075000 0.079687
8 0.409375 0.086719 0.053125 0.073438
37 0.489063 0.088281 0.071875 0.076563
18 0.580469 0.088281 0.076563 0.076563
2 0.672656 0.087500 0.070312 0.075000
17 0.753125 0.086719 0.068750 0.073438
20 0.842187 0.092188 0.068750 0.084375
35 0.096094 0.203906 0.092188 0.076563
14 0.196094 0.202344 0.070312 0.073438
6 0.290625 0.203125 0.084375 0.075000
34 0.384375 0.208594 0.078125 0.085938
27 0.486719 0.205469 0.082812 0.079687
4 0.571094 0.203906 0.067187 0.076563
6 0.667188 0.203125 0.081250 0.075000
22 0.765625 0.202344 0.081250 0.073438
8 0.840625 0.202344 0.050000 0.073438
24 0.090625 0.318750 0.081250 0.071875
16 0.174219 0.318750 0.067187 0.071875
3 0.263281 0.321094 0.067187 0.076563
27 0.361719 0.324219 0.085938 0.082812
6 0.459375 0.318750 0.081250 0.071875
6 0.562500 0.320312 0.084375 0.075000
36 0.657813 0.321094 0.084375 0.076563
36 0.753125 0.321094 0.084375 0.076563
12 0.845313 0.320312 0.081250 0.075000
28 0.092969 0.442188 0.085938 0.090625
