25 0.087500 0.087500 0.075000 0.075000
26 0.175781 0.088281 0.085938 0.076563
31 0.264844 0.085938 0.073438 0.071875
11 0.348438 0.088281 0.068750 0.076563
33 0.431250 0.089844 0.075000 0.079687
9 0.512500 0.085938 0.065625 0.071875
22 0.606250 0.088281 0.084375 0.076563
12 0.707812 0.087500 0.081250 0.075000
32 0.796094 0.088281 0.070312 0.076563
18 0.877344 0.088281 0.076563 0.076563
18 0.088281 0.199219 0.076563 0.076563
29 0.168750 0.203125 0.050000 0.084375
5 0.248438 0.196875 0.081250 0.071875
37 0.332813 0.197656 0.068750 0.073438
2 0.416406 0.198437 0.070312 0.075000
4 0.494531 0.199219 0.067187 0.076563
37 0.582812 0.197656 0.068750 0.073438
32 0.667969 0.197656 0.067187 0.073438
32 0.746094 0.197656 0.067187 0.073438
33 0.829688 0.199219 0.075000 0.076563
13 0.087500 0.313281 0.075000 0.073438
21 0.171094 0.313281 0.076563 0.073438
13 0.268750 0.313281 0.075000 0.073438
23 0.366406 0.314063 0.076563 0.075000
23 0.457031 0.312500 0.073438 0.071875
11 0.550000 0.316406 0.071875 0.079687
10 0.634375 0.317969 0.078125 0.082812
9 0.717187 0.314063 0.068750 0.075000
30 0.795312 0.314063 0.068750 0.075000
4 0.872656 0.314844 0.067187 0.076563
35 0.096094 0.428906 0.092188 0.076563
