29 0.076563 0.092188 0.053125 0.084375
6 0.162500 0.089063 0.084375 0.078125
1 0.257031 0.090625 0.082812 0.081250
16 0.350781 0.085938 0.067187 0.071875
5 0.435937 0.087500 0.084375 0.075000
12 0.534375 0.087500 0.081250 0.075000
1 0.636719 0.090625 0.082812 0.081250
33 0.735938 0.089844 0.075000 0.079687
21 0.827344 0.088281 0.079687 0.076563
34 0.089063 0.207031 0.078125 0.082812
12 0.187500 0.203125 0.081250 0.075000
12 0.279687 0.203125 0.081250 0.075000
22 0.371875 0.202344 0.081250 0.073438
37 0.462500 0.202344 0.068750 0.073438
7 0.549219 0.203125 0.076563 0.075000
15 0.639844 0.210156 0.067187 0.089063
34 0.726562 0.208594 0.078125 0.085938
21 0.821094 0.202344 0.076563 0.073438
19 0.913281 0.207813 0.070312 0.084375
36 0.092188 0.325781 0.084375 0.079687
18 0.180469 0.324219 0.076563 0.076563
19 0.261719 0.328125 0.070312 0.084375
