8 0.075000 0.086719 0.050000 0.073438
25 0.143750 0.085938 0.071875 0.071875
1 0.238281 0.089063 0.079687 0.078125
26 0.328906 0.088281 0.085938 0.076563
2 0.425781 0.085938 0.067187 0.071875
23 0.514844 0.087500 0.076563 0.075000
12 0.612500 0.085938 0.078125 0.071875
30 0.695312 0.085938 0.065625 0.071875
17 0.782813 0.088281 0.071875 0.076563
15 0.864844 0.094531 0.070312 0.089063
22 0.090625 0.207031 0.081250 0.073438
33 0.185938 0.210156 0.075000 0.079687
34 0.270313 0.211719 0.075000 0.082812
27 0.371094 0.211719 0.085938 0.082812
24 0.465625 0.207813 0.084375 0.075000
3 0.553906 0.208594 0.067187 0.076563
17 0.635938 0.208594 0.071875 0.076563
26 0.733594 0.207031 0.082812 0.073438
14 0.830469 0.207031 0.070312 0.073438
13 0.089063 0.322656 0.078125 0.076563
3 0.185156 0.324219 0.070312 0.079687
28 0.275781 0.328125 0.082812 0.087500
33 0.370312 0.324219 0.075000 0.079687
