30 0.082812 0.085938 0.065625 0.071875
12 0.168750 0.087500 0.081250 0.075000
13 0.262500 0.086719 0.075000 0.073438
8 0.339062 0.086719 0.053125 0.073438
15 0.416406 0.094531 0.067187 0.089063
25 0.503125 0.087500 0.075000 0.075000
1 0.597656 0.089063 0.079687 0.078125
26 0.692969 0.086719 0.082812 0.073438
4 0.786719 0.088281 0.067187 0.076563
29 0.853125 0.092188 0.050000 0.084375
26 0.092969 0.208594 0.085938 0.076563
21 0.183594 0.208594 0.079687 0.076563
1 0.282031 0.210938 0.082812 0.081250
24 0.385937 0.207813 0.084375 0.075000
28 0.492969 0.215625 0.085938 0.090625
20 0.593750 0.214062 0.071875 0.087500
37 0.687500 0.208594 0.071875 0.076563
27 0.778906 0.211719 0.085938 0.082812
24 0.878125 0.206250 0.081250 0.071875
12 0.089063 0.328125 0.078125 0.071875
18 0.178906 0.328906 0.073438 0.073438
37 0.265625 0.328906 0.068750 0.073438
