6 0.090625 0.085938 0.081250 0.071875
4 0.175781 0.089844 0.070312 0.079687
0 0.258594 0.088281 0.070312 0.076563
3 0.338281 0.089844 0.070312 0.079687
36 0.425000 0.086719 0.081250 0.073438
14 0.519531 0.086719 0.070312 0.073438
28 0.608594 0.093750 0.082812 0.087500
32 0.705469 0.088281 0.070312 0.076563
33 0.789062 0.089844 0.075000 0.079687
26 0.889844 0.086719 0.082812 0.073438
26 0.091406 0.207031 0.082812 0.076563
35 0.186719 0.207031 0.092188 0.076563
1 0.292969 0.209375 0.082812 0.081250
16 0.380469 0.204687 0.070312 0.071875
21 0.472656 0.207031 0.079687 0.076563
37 0.559375 0.207031 0.071875 0.076563
25 0.653125 0.206250 0.075000 0.075000
9 0.743750 0.206250 0.068750 0.075000
3 0.833594 0.208594 0.070312 0.079687
35 0.094531 0.317969 0.089063 0.073438
25 0.185938 0.317188 0.071875 0.071875
25 0.271875 0.317188 0.071875 0.071875
24 0.359375 0.318750 0.081250 0.075000
6 0.459375 0.317188 0.081250 0.071875
