4 0.085156 0.089844 0.070312 0.079687
15 0.161719 0.094531 0.067187 0.089063
26 0.252344 0.088281 0.085938 0.076563
7 0.350781 0.087500 0.076563 0.075000
33 0.440625 0.089844 0.075000 0.079687
31 0.533594 0.087500 0.076563 0.075000
5 0.625000 0.087500 0.084375 0.075000
24 0.725000 0.089063 0.084375 0.078125
31 0.817969 0.087500 0.076563 0.075000
10 0.903125 0.089844 0.071875 0.079687
0 0.083594 0.207031 0.067187 0.073438
30 0.170313 0.206250 0.068750 0.071875
33 0.251563 0.208594 0.071875 0.076563
14 0.346094 0.208594 0.073438 0.076563
20 0.425000 0.212500 0.068750 0.084375
31 0.505469 0.207813 0.076563 0.075000
20 0.596875 0.214062 0.071875 0.087500
33 0.690625 0.208594 0.071875 0.076563
32 0.769531 0.207031 0.070312 0.073438
4 0.852344 0.208594 0.067187 0.076563
32 0.083594 0.325781 0.067187 0.073438
16 0.171094 0.326562 0.070312 0.075000
13 0.259375 0.325781 0.075000 0.073438
7 0.342969 0.325000 0.073438 0.071875
