23 0.088281 0.087500 0.076563 0.075000
25 0.171875 0.085938 0.071875 0.071875
26 0.267969 0.086719 0.082812 0.073438
2 0.366406 0.087500 0.070312 0.075000
36 0.456250 0.088281 0.084375 0.076563
26 0.550781 0.086719 0.082812 0.073438
2 0.639844 0.087500 0.070312 0.075000
25 0.734375 0.087500 0.075000 0.075000
1 0.830469 0.089063 0.079687 0.078125
12 0.090625 0.196875 0.081250 0.075000
15 0.178906 0.203906 0.067187 0.089063
8 0.253125 0.196094 0.053125 0.073438
5 0.335938 0.196875 0.084375 0.075000
25 0.432812 0.195312 0.071875 0.071875
6 0.528125 0.196875 0.084375 0.075000
10 0.617188 0.200781 0.075000 0.082812
24 0.710938 0.195312 0.081250 0.071875
10 0.807813 0.199219 0.071875 0.079687
16 0.891406 0.195312 0.067187 0.071875
15 0.085156 0.324219 0.070312 0.089063
3 0.171094 0.319531 0.070312 0.079687
24 0.254688 0.315625 0.081250 0.071875
30 0.350000 0.315625 0.065625 0.071875
6 0.437500 0.317188 0.084375 0.075000
20 0.521875 0.321875 0.068750 0.084375
8 0.603125 0.316406 0.053125 0.073438
12 0.682813 0.315625 0.078125 0.071875
20 0.778125 0.321875 0.068750 0.084375
27 0.863281 0.321094 0.085938 0.082812
7 0.088281 0.437500 0.076563 0.075000
15 0.182031 0.444531 0.070312 0.089063
30 0.267188 0.435937 0.065625 0.071875
19 0.349219 0.442188 0.073438 0.084375
11 0.434375 0.438281 0.068750 0.076563
