11 0.085938 0.089844 0.071875 0.079687
26 0.171094 0.086719 0.082812 0.073438
9 0.260937 0.085938 0.065625 0.071875
17 0.345313 0.088281 0.071875 0.076563
20 0.429688 0.092188 0.068750 0.084375
8 0.509375 0.086719 0.050000 0.073438
11 0.585938 0.088281 0.071875 0.076563
35 0.677344 0.088281 0.089063 0.076563
23 0.772656 0.087500 0.076563 0.075000
32 0.861719 0.086719 0.067187 0.073438
7 0.088281 0.203125 0.076563 0.075000
29 0.160938 0.207813 0.053125 0.084375
16 0.236719 0.203125 0.070312 0.075000
14 0.319531 0.203906 0.073438 0.076563
4 0.400781 0.203906 0.067187 0.076563
27 0.491406 0.205469 0.082812 0.079687
8 0.570312 0.202344 0.053125 0.073438
23 0.657031 0.203125 0.076563 0.075000
31 0.755469 0.203125 0.076563 0.075000
1 0.855469 0.204687 0.079687 0.078125
20 0.085938 0.323437 0.071875 0.084375
26 0.182031 0.317969 0.082812 0.073438
22 0.279687 0.317969 0.081250 0.073438
35 0.382031 0.317969 0.089063 0.073438
34 0.479687 0.324219 0.078125 0.085938
11 0.576562 0.321094 0.071875 0.079687
2 0.666406 0.318750 0.070312 0.075000
31 0.753906 0.318750 0.076563 0.075000
9 0.832812 0.317188 0.065625 0.071875
6 0.092188 0.435937 0.084375 0.075000
35 0.202344 0.436719 0.092188 0.076563
24 0.310937 0.435937 0.084375 0.075000
29 0.393750 0.440625 0.050000 0.084375
