37 0.084375 0.086719 0.068750 0.073438
3 0.172656 0.088281 0.070312 0.076563
34 0.253125 0.091406 0.075000 0.082812
25 0.348438 0.085938 0.071875 0.071875
21 0.446094 0.088281 0.079687 0.076563
25 0.537500 0.085938 0.071875 0.071875
36 0.629687 0.088281 0.084375 0.076563
28 0.728906 0.093750 0.082812 0.087500
23 0.827344 0.085938 0.073438 0.071875
4 0.914844 0.088281 0.067187 0.076563
6 0.090625 0.204687 0.081250 0.071875
4 0.178906 0.208594 0.070312 0.079687
1 0.272656 0.207813 0.079687 0.078125
12 0.364063 0.206250 0.081250 0.075000
6 0.457813 0.204687 0.081250 0.071875
30 0.543750 0.204687 0.065625 0.071875
0 0.630469 0.207031 0.070312 0.076563
32 0.719531 0.207031 0.070312 0.076563
0 0.800781 0.205469 0.067187 0.073438
3 0.883594 0.208594 0.070312 0.079687
10 0.087500 0.321094 0.075000 0.082812
25 0.176563 0.317188 0.075000 0.075000
