36 0.090625 0.088281 0.081250 0.076563
31 0.186719 0.085938 0.073438 0.071875
33 0.270313 0.089844 0.075000 0.079687
23 0.363281 0.085938 0.073438 0.071875
33 0.456250 0.088281 0.071875 0.076563
3 0.538281 0.089844 0.070312 0.079687
8 0.614062 0.088281 0.053125 0.076563
20 0.685937 0.092188 0.068750 0.084375
29 0.759375 0.093750 0.056250 0.087500
22 0.837500 0.088281 0.084375 0.076563
25 0.087500 0.206250 0.075000 0.075000
27 0.182031 0.210156 0.085938 0.082812
16 0.282031 0.206250 0.070312 0.075000
37 0.370312 0.207031 0.071875 0.076563
28 0.458594 0.212500 0.082812 0.087500
13 0.557813 0.205469 0.075000 0.073438
27 0.652344 0.211719 0.085938 0.085938
10 0.746875 0.208594 0.071875 0.079687
13 0.834375 0.205469 0.075000 0.073438
12 0.089063 0.323437 0.078125 0.071875
30 0.178125 0.323437 0.065625 0.071875
11 0.265625 0.325781 0.068750 0.076563
25 0.359375 0.325000 0.075000 0.075000
37 0.443750 0.324219 0.068750 0.073438
16 0.522656 0.325000 0.070312 0.075000
4 0.602344 0.327344 0.070312 0.079687
35 0.702344 0.324219 0.089063 0.073438
17 0.796875 0.325781 0.071875 0.076563
