31 0.086719 0.085938 0.073438 0.071875
33 0.179688 0.088281 0.071875 0.076563
13 0.264062 0.088281 0.078125 0.076563
35 0.366406 0.086719 0.089063 0.073438
5 0.470313 0.087500 0.084375 0.075000
18 0.571094 0.086719 0.073438 0.073438
21 0.664844 0.086719 0.076563 0.073438
1 0.757031 0.089063 0.079687 0.078125
6 0.846875 0.085938 0.081250 0.071875
17 0.085938 0.197656 0.071875 0.076563
22 0.178125 0.197656 0.084375 0.076563
35 0.278906 0.199219 0.092188 0.079687
22 0.387500 0.196094 0.081250 0.073438
5 0.476562 0.195312 0.081250 0.071875
35 0.577344 0.197656 0.092188 0.076563
6 0.671875 0.196875 0.081250 0.075000
16 0.766406 0.195312 0.067187 0.071875
9 0.842187 0.196875 0.068750 0.075000
1 0.091406 0.310937 0.082812 0.081250
31 0.189844 0.306250 0.073438 0.071875
14 0.283594 0.307031 0.070312 0.073438
10 0.375000 0.311719 0.078125 0.082812
5 0.462500 0.306250 0.081250 0.071875
15 0.550781 0.314844 0.067187 0.089063
18 0.642969 0.308594 0.076563 0.076563
36 0.737500 0.307031 0.081250 0.073438
3 0.827344 0.308594 0.067187 0.076563
11 0.912500 0.310156 0.071875 0.079687
2 0.085156 0.428125 0.070312 0.075000
22 0.184375 0.428906 0.084375 0.076563
4 0.269531 0.428906 0.067187 0.076563
21 0.360156 0.428906 0.079687 0.076563
26 0.450781 0.427344 0.082812 0.073438
