29 0.075000 0.092188 0.050000 0.084375
12 0.146875 0.085938 0.078125 0.071875
28 0.242969 0.095312 0.085938 0.090625
0 0.327344 0.086719 0.067187 0.073438
21 0.421094 0.086719 0.076563 0.073438
0 0.508594 0.086719 0.067187 0.073438
16 0.594531 0.085938 0.070312 0.071875
6 0.684375 0.085938 0.081250 0.071875
13 0.770312 0.086719 0.075000 0.073438
14 0.861719 0.086719 0.070312 0.073438
31 0.088281 0.209375 0.076563 0.075000
20 0.178125 0.214062 0.068750 0.084375
5 0.275000 0.209375 0.084375 0.075000
17 0.360938 0.208594 0.068750 0.073438
16 0.441406 0.209375 0.070312 0.075000
7 0.528906 0.207813 0.073438 0.071875
14 0.611719 0.208594 0.070312 0.073438
36 0.701562 0.208594 0.081250 0.073438
17 0.792188 0.208594 0.068750 0.073438
29 0.871875 0.214062 0.053125 0.084375
