1 0.089844 0.089063 0.079687 0.078125
32 0.172656 0.086719 0.067187 0.073438
25 0.251563 0.085938 0.071875 0.071875
28 0.350781 0.093750 0.082812 0.087500
5 0.453125 0.085938 0.081250 0.071875
4 0.546094 0.088281 0.067187 0.076563
1 0.632031 0.089063 0.079687 0.078125
18 0.716406 0.086719 0.073438 0.073438
24 0.806250 0.085938 0.081250 0.071875
5 0.900000 0.085938 0.081250 0.071875
27 0.091406 0.208594 0.082812 0.079687
18 0.186719 0.205469 0.073438 0.073438
25 0.281250 0.204687 0.071875 0.071875
8 0.354687 0.205469 0.050000 0.073438
27 0.433594 0.210156 0.085938 0.082812
7 0.524219 0.204687 0.073438 0.071875
3 0.614844 0.208594 0.070312 0.079687
26 0.700781 0.205469 0.082812 0.073438
16 0.792969 0.204687 0.067187 0.071875
30 0.878125 0.204687 0.065625 0.071875
