30 0.082812 0.085938 0.065625 0.071875
1 0.175781 0.089063 0.079687 0.078125
22 0.276562 0.086719 0.081250 0.073438
34 0.367188 0.092969 0.078125 0.085938
26 0.464844 0.088281 0.085938 0.076563
35 0.572656 0.088281 0.092188 0.076563
8 0.653125 0.086719 0.053125 0.073438
10 0.731250 0.089844 0.071875 0.079687
19 0.814844 0.092188 0.070312 0.084375
24 0.904687 0.087500 0.084375 0.075000
36 0.092188 0.205469 0.084375 0.076563
27 0.188281 0.208594 0.085938 0.082812
30 0.278125 0.203125 0.065625 0.071875
34 0.365625 0.208594 0.075000 0.082812
35 0.464844 0.205469 0.092188 0.076563
29 0.557813 0.209375 0.050000 0.084375
21 0.633594 0.203906 0.076563 0.073438
22 0.731250 0.205469 0.084375 0.076563
11 0.820312 0.205469 0.068750 0.076563
11 0.906250 0.207031 0.071875 0.079687
