12 0.090625 0.087500 0.081250 0.075000
0 0.186719 0.088281 0.070312 0.076563
15 0.264844 0.094531 0.067187 0.089063
21 0.360156 0.088281 0.079687 0.076563
26 0.461719 0.086719 0.082812 0.073438
0 0.552344 0.086719 0.067187 0.073438
18 0.635156 0.088281 0.076563 0.076563
36 0.729688 0.086719 0.081250 0.073438
3 0.824219 0.088281 0.067187 0.076563
29 0.892188 0.092188 0.050000 0.084375
16 0.083594 0.206250 0.067187 0.071875
27 0.169531 0.210156 0.082812 0.079687
35 0.271094 0.207031 0.089063 0.073438
14 0.369531 0.207031 0.070312 0.073438
10 0.460938 0.211719 0.078125 0.082812
35 0.561719 0.208594 0.092188 0.076563
32 0.664844 0.208594 0.070312 0.076563
10 0.746875 0.210156 0.071875 0.079687
13 0.831250 0.207031 0.075000 0.073438
22 0.090625 0.321094 0.081250 0.073438
2 0.186719 0.320312 0.067187 0.071875
