17 0.085938 0.088281 0.071875 0.076563
28 0.172656 0.095312 0.085938 0.090625
7 0.274219 0.087500 0.076563 0.075000
33 0.360938 0.089844 0.075000 0.079687
18 0.449219 0.086719 0.073438 0.073438
19 0.542969 0.092188 0.070312 0.084375
7 0.636719 0.085938 0.073438 0.071875
29 0.720313 0.092188 0.050000 0.084375
4 0.800781 0.088281 0.067187 0.076563
5 0.890625 0.087500 0.081250 0.075000
29 0.075000 0.214062 0.050000 0.084375
13 0.145313 0.208594 0.075000 0.073438
24 0.237500 0.209375 0.084375 0.075000
23 0.325781 0.207813 0.073438 0.071875
32 0.407031 0.210156 0.070312 0.076563
9 0.495312 0.207813 0.065625 0.071875
3 0.574219 0.211719 0.070312 0.079687
18 0.660156 0.208594 0.073438 0.073438
23 0.752344 0.209375 0.076563 0.075000
18 0.839844 0.208594 0.073438 0.073438
33 0.087500 0.327344 0.075000 0.079687
30 0.171875 0.323437 0.065625 0.071875
37 0.248438 0.325781 0.071875 0.076563
4 0.336719 0.325781 0.067187 0.076563
21 0.424219 0.325781 0.076563 0.076563
12 0.521875 0.325000 0.081250 0.075000
21 0.617969 0.325781 0.079687 0.076563
7 0.708594 0.323437 0.073438 0.071875
31 0.792969 0.323437 0.073438 0.071875
