37 0.084375 0.086719 0.068750 0.073438
7 0.172656 0.087500 0.076563 0.075000
27 0.266406 0.089844 0.082812 0.079687
17 0.362500 0.088281 0.071875 0.076563
1 0.446094 0.089063 0.079687 0.078125
1 0.546094 0.090625 0.079687 0.081250
14 0.633594 0.086719 0.070312 0.073438
17 0.712500 0.088281 0.071875 0.076563
10 0.796875 0.089844 0.071875 0.079687
32 0.888281 0.086719 0.067187 0.073438
5 0.090625 0.198437 0.081250 0.071875
13 0.185938 0.199219 0.075000 0.073438
34 0.281250 0.203906 0.075000 0.082812
25 0.371875 0.200000 0.075000 0.075000
1 0.461719 0.203125 0.082812 0.081250
16 0.550781 0.198437 0.067187 0.071875
15 0.627344 0.207031 0.067187 0.089063
34 0.714063 0.203906 0.075000 0.082812
20 0.809375 0.206250 0.071875 0.087500
4 0.899219 0.200781 0.067187 0.076563
37 0.085938 0.321094 0.071875 0.076563
13 0.173437 0.321094 0.078125 0.076563
5 0.268750 0.320312 0.084375 0.075000
2 0.361719 0.320312 0.070312 0.075000
29 0.442188 0.325000 0.053125 0.084375
15 0.522656 0.327344 0.067187 0.089063
