31 0.088281 0.087500 0.076563 0.075000
17 0.170313 0.088281 0.071875 0.076563
33 0.256250 0.089844 0.075000 0.079687
24 0.345313 0.085938 0.081250 0.071875
5 0.448437 0.087500 0.084375 0.075000
3 0.544531 0.088281 0.067187 0.076563
8 0.612500 0.086719 0.050000 0.073438
36 0.696875 0.088281 0.084375 0.076563
18 0.785156 0.086719 0.073438 0.073438
34 0.876563 0.092969 0.078125 0.085938
14 0.086719 0.205469 0.073438 0.076563
17 0.168750 0.205469 0.071875 0.076563
8 0.246875 0.203906 0.050000 0.073438
17 0.317188 0.205469 0.071875 0.076563
37 0.407813 0.203906 0.068750 0.073438
14 0.496094 0.203906 0.070312 0.073438
0 0.583594 0.203906 0.067187 0.073438
37 0.668750 0.205469 0.071875 0.076563
28 0.758594 0.210938 0.082812 0.087500
9 0.840625 0.203125 0.065625 0.071875
12 0.089063 0.321875 0.078125 0.071875
11 0.173437 0.324219 0.068750 0.076563
