18 0.088281 0.088281 0.076563 0.076563
31 0.183594 0.087500 0.076563 0.075000
11 0.278125 0.089844 0.071875 0.079687
29 0.354687 0.092188 0.050000 0.084375
7 0.438281 0.087500 0.076563 0.075000
31 0.533594 0.085938 0.073438 0.071875
2 0.613281 0.085938 0.067187 0.071875
11 0.690625 0.089844 0.071875 0.079687
26 0.786719 0.086719 0.082812 0.073438
11 0.875000 0.089844 0.071875 0.079687
34 0.087500 0.207031 0.075000 0.082812
1 0.182031 0.206250 0.082812 0.081250
28 0.278906 0.210938 0.085938 0.090625
24 0.378125 0.201563 0.081250 0.071875
4 0.469531 0.205469 0.070312 0.079687
1 0.560156 0.206250 0.082812 0.081250
5 0.660937 0.203125 0.084375 0.075000
15 0.758594 0.210156 0.070312 0.089063
24 0.848437 0.203125 0.084375 0.075000
32 0.083594 0.324219 0.067187 0.073438
15 0.167969 0.333594 0.070312 0.092188
19 0.260156 0.331250 0.073438 0.087500
37 0.351562 0.324219 0.068750 0.073438
36 0.442188 0.324219 0.081250 0.073438
3 0.535156 0.325781 0.067187 0.076563
13 0.620313 0.324219 0.075000 0.073438
16 0.700781 0.325000 0.070312 0.075000
37 0.782813 0.324219 0.071875 0.073438
23 0.864844 0.323437 0.073438 0.071875
14 0.086719 0.449219 0.073438 0.076563
7 0.180469 0.446875 0.073438 0.071875
0 0.266406 0.447656 0.067187 0.073438
24 0.353125 0.446875 0.081250 0.071875
37 0.450000 0.449219 0.071875 0.076563
