19 0.086719 0.093750 0.073438 0.087500
32 0.169531 0.086719 0.067187 0.073438
36 0.264062 0.086719 0.081250 0.073438
3 0.347656 0.088281 0.067187 0.076563
34 0.440625 0.092969 0.078125 0.085938
6 0.542188 0.087500 0.081250 0.075000
37 0.628125 0.086719 0.068750 0.073438
14 0.705469 0.086719 0.070312 0.073438
30 0.789062 0.085938 0.065625 0.071875
20 0.878125 0.092188 0.068750 0.084375
14 0.085156 0.205469 0.070312 0.073438
4 0.166406 0.208594 0.070312 0.079687
19 0.260156 0.212500 0.073438 0.087500
30 0.339062 0.204687 0.065625 0.071875
0 0.417969 0.207031 0.070312 0.076563
20 0.500000 0.210938 0.068750 0.084375
26 0.586719 0.207031 0.085938 0.076563
34 0.689063 0.210156 0.075000 0.082812
19 0.777344 0.210938 0.070312 0.084375
35 0.880469 0.207031 0.092188 0.076563
23 0.088281 0.325000 0.076563 0.075000
1 0.178906 0.326562 0.079687 0.078125
30 0.267188 0.323437 0.065625 0.071875
15 0.347656 0.332031 0.067187 0.089063
37 0.426563 0.325781 0.071875 0.076563
24 0.517188 0.325000 0.081250 0.075000
10 0.614062 0.327344 0.071875 0.079687
