1 0.089844 0.089063 0.079687 0.078125
30 0.181250 0.087500 0.068750 0.075000
35 0.275781 0.089844 0.092188 0.079687
24 0.381250 0.087500 0.081250 0.075000
8 0.465625 0.088281 0.053125 0.076563
37 0.545312 0.086719 0.068750 0.073438
34 0.629687 0.091406 0.075000 0.082812
18 0.724219 0.088281 0.076563 0.076563
9 0.804688 0.087500 0.068750 0.075000
23 0.886719 0.087500 0.076563 0.075000
7 0.086719 0.200000 0.073438 0.071875
20 0.178125 0.206250 0.068750 0.084375
7 0.267969 0.201563 0.076563 0.075000
17 0.360938 0.202344 0.071875 0.076563
19 0.442969 0.207813 0.073438 0.087500
19 0.538281 0.206250 0.073438 0.084375
33 0.621875 0.202344 0.071875 0.076563
17 0.701562 0.202344 0.071875 0.076563
1 0.791406 0.203125 0.079687 0.078125
22 0.890625 0.200781 0.081250 0.073438
30 0.082812 0.318750 0.065625 0.071875
37 0.173437 0.321094 0.071875 0.076563
32 0.250781 0.319531 0.067187 0.073438
0 0.333594 0.319531 0.067187 0.073438
21 0.421094 0.319531 0.076563 0.073438
13 0.510938 0.321094 0.078125 0.076563
28 0.605469 0.328125 0.085938 0.090625
