22 0.090625 0.086719 0.081250 0.073438
31 0.186719 0.087500 0.076563 0.075000
24 0.284375 0.085938 0.081250 0.071875
29 0.364063 0.092188 0.050000 0.084375
7 0.444531 0.085938 0.073438 0.071875
26 0.536719 0.086719 0.082812 0.073438
25 0.632812 0.087500 0.075000 0.075000
33 0.725000 0.089844 0.075000 0.079687
15 0.813281 0.094531 0.070312 0.089063
2 0.903906 0.087500 0.070312 0.075000
12 0.090625 0.207813 0.081250 0.075000
8 0.176563 0.207031 0.050000 0.073438
20 0.245312 0.212500 0.071875 0.084375
36 0.339062 0.208594 0.084375 0.076563
33 0.428125 0.208594 0.071875 0.076563
25 0.509375 0.207813 0.075000 0.075000
19 0.599219 0.212500 0.070312 0.084375
8 0.679688 0.208594 0.053125 0.076563
9 0.757812 0.207813 0.068750 0.075000
0 0.849219 0.208594 0.070312 0.076563
24 0.092188 0.323437 0.084375 0.075000
22 0.192188 0.322656 0.081250 0.073438
4 0.278906 0.325781 0.070312 0.079687
