4 0.085156 0.089844 0.070312 0.079687
25 0.176563 0.087500 0.075000 0.075000
32 0.257031 0.088281 0.070312 0.076563
17 0.339062 0.088281 0.071875 0.076563
28 0.436719 0.093750 0.082812 0.087500
20 0.532813 0.092188 0.068750 0.084375
32 0.624219 0.088281 0.070312 0.076563
31 0.714844 0.085938 0.073438 0.071875
4 0.807031 0.089844 0.070312 0.079687
5 0.896875 0.085938 0.081250 0.071875
0 0.083594 0.205469 0.067187 0.073438
4 0.164844 0.208594 0.070312 0.079687
31 0.249219 0.206250 0.076563 0.075000
29 0.325000 0.210938 0.050000 0.084375
28 0.408594 0.214062 0.085938 0.090625
33 0.503125 0.207031 0.071875 0.076563
23 0.592969 0.206250 0.076563 0.075000
12 0.681250 0.204687 0.078125 0.071875
14 0.771094 0.207031 0.073438 0.076563
19 0.855469 0.210938 0.070312 0.084375
30 0.082812 0.326562 0.065625 0.071875
34 0.170313 0.332031 0.075000 0.082812
17 0.260937 0.327344 0.068750 0.073438
20 0.343750 0.334375 0.071875 0.087500
3 0.427344 0.328906 0.067187 0.076563
27 0.521094 0.330469 0.082812 0.079687
16 0.617969 0.328125 0.070312 0.075000
15 0.700781 0.335156 0.070312 0.089063
31 0.782031 0.326562 0.073438 0.071875
8 0.865625 0.327344 0.050000 0.073438
2 0.085156 0.448437 0.070312 0.075000
36 0.170313 0.449219 0.084375 0.076563
29 0.248438 0.454688 0.053125 0.087500
