24 0.092188 0.087500 0.084375 0.075000
20 0.192188 0.093750 0.071875 0.087500
37 0.284375 0.086719 0.068750 0.073438
26 0.382031 0.088281 0.085938 0.076563
37 0.473438 0.086719 0.068750 0.073438
20 0.559375 0.093750 0.071875 0.087500
23 0.650781 0.087500 0.076563 0.075000
28 0.741406 0.096875 0.089063 0.093750
29 0.828125 0.092188 0.050000 0.084375
3 0.897656 0.088281 0.067187 0.076563
5 0.090625 0.210938 0.081250 0.071875
17 0.181250 0.213281 0.071875 0.076563
14 0.261719 0.213281 0.073438 0.076563
15 0.350781 0.219531 0.067187 0.089063
28 0.435156 0.220312 0.085938 0.090625
28 0.538281 0.220312 0.085938 0.090625
10 0.629687 0.214844 0.071875 0.079687
8 0.712500 0.211719 0.053125 0.073438
25 0.789062 0.212500 0.075000 0.075000
37 0.879687 0.211719 0.068750 0.073438
31 0.088281 0.334375 0.076563 0.075000
5 0.176563 0.332813 0.081250 0.071875
31 0.271094 0.332813 0.073438 0.071875
37 0.365625 0.335156 0.071875 0.076563
24 0.451562 0.332813 0.081250 0.071875
33 0.543750 0.335156 0.071875 0.076563
2 0.625781 0.334375 0.070312 0.075000
8 0.695312 0.333594 0.053125 0.073438
36 0.781250 0.335156 0.084375 0.076563
