14 0.085156 0.086719 0.070312 0.073438
30 0.171875 0.087500 0.068750 0.075000
31 0.264844 0.087500 0.076563 0.075000
19 0.349219 0.093750 0.073438 0.087500
1 0.435156 0.090625 0.082812 0.081250
23 0.528906 0.085938 0.073438 0.071875
15 0.621094 0.094531 0.070312 0.089063
32 0.707031 0.086719 0.067187 0.073438
35 0.794531 0.088281 0.089063 0.076563
1 0.886719 0.089063 0.079687 0.078125
3 0.085156 0.210156 0.070312 0.079687
31 0.174219 0.206250 0.073438 0.071875
4 0.258594 0.208594 0.067187 0.076563
25 0.350000 0.207813 0.075000 0.075000
14 0.436719 0.208594 0.073438 0.076563
24 0.531250 0.207813 0.084375 0.075000
33 0.626563 0.210156 0.075000 0.079687
33 0.720313 0.210156 0.075000 0.079687
18 0.808594 0.208594 0.076563 0.076563
28 0.905469 0.215625 0.085938 0.090625
5 0.090625 0.328125 0.081250 0.071875
35 0.197656 0.328906 0.089063 0.073438
15 0.292969 0.338281 0.070312 0.092188
4 0.369531 0.330469 0.067187 0.076563
32 0.446094 0.328906 0.067187 0.073438
28 0.539844 0.335938 0.082812 0.087500
12 0.628125 0.328125 0.078125 0.071875
21 0.722656 0.330469 0.079687 0.076563
