14 0.086719 0.088281 0.073438 0.076563
18 0.174219 0.086719 0.073438 0.073438
32 0.267969 0.088281 0.070312 0.076563
24 0.359375 0.085938 0.081250 0.071875
0 0.453906 0.086719 0.070312 0.073438
2 0.532031 0.085938 0.070312 0.071875
15 0.614844 0.094531 0.070312 0.089063
1 0.707031 0.090625 0.082812 0.081250
29 0.781250 0.092188 0.050000 0.084375
7 0.863281 0.087500 0.076563 0.075000
5 0.090625 0.206250 0.081250 0.071875
21 0.178906 0.208594 0.079687 0.076563
0 0.266406 0.207031 0.070312 0.073438
17 0.345313 0.207031 0.071875 0.073438
32 0.435156 0.207031 0.067187 0.073438
2 0.521094 0.206250 0.067187 0.071875
15 0.603906 0.214844 0.070312 0.089063
35 0.707031 0.208594 0.092188 0.076563
21 0.810156 0.207031 0.076563 0.073438
2 0.897656 0.206250 0.067187 0.071875
32 0.085156 0.328906 0.070312 0.076563
5 0.181250 0.328125 0.084375 0.075000
3 0.274219 0.328906 0.067187 0.076563
36 0.359375 0.327344 0.081250 0.073438
34 0.445312 0.332031 0.075000 0.082812
34 0.534375 0.332031 0.075000 0.082812
0 0.625781 0.327344 0.067187 0.073438
35 0.722656 0.328906 0.092188 0.076563
36 0.820312 0.328906 0.084375 0.076563
14 0.085156 0.441406 0.070312 0.073438
28 0.171094 0.448437 0.082812 0.087500
23 0.261719 0.442188 0.076563 0.075000
5 0.354687 0.442188 0.081250 0.075000
36 0.445312 0.441406 0.081250 0.073438
