9 0.084375 0.087500 0.068750 0.075000
19 0.163281 0.092188 0.073438 0.084375
29 0.245312 0.093750 0.053125 0.087500
34 0.323437 0.092969 0.078125 0.085938
1 0.424219 0.089063 0.079687 0.078125
29 0.496875 0.092188 0.050000 0.084375
9 0.575000 0.087500 0.068750 0.075000
5 0.667188 0.087500 0.084375 0.075000
26 0.769531 0.089844 0.085938 0.079687
17 0.857812 0.088281 0.071875 0.076563
20 0.084375 0.210938 0.068750 0.084375
25 0.176563 0.204687 0.071875 0.071875
9 0.265625 0.204687 0.065625 0.071875
6 0.360938 0.206250 0.084375 0.075000
35 0.464844 0.207031 0.092188 0.076563
20 0.559375 0.210938 0.068750 0.084375
13 0.648438 0.207031 0.078125 0.076563
35 0.755469 0.207031 0.092188 0.076563
5 0.854688 0.204687 0.081250 0.071875
21 0.089844 0.322656 0.079687 0.076563
18 0.186719 0.322656 0.076563 0.076563
27 0.277344 0.327344 0.085938 0.085938
4 0.375781 0.322656 0.067187 0.076563
20 0.454688 0.328125 0.071875 0.087500
23 0.544531 0.320312 0.073438 0.071875
10 0.635938 0.324219 0.071875 0.079687
14 0.716406 0.321094 0.070312 0.073438
17 0.798438 0.321094 0.068750 0.073438
32 0.874219 0.321094 0.067187 0.073438
2 0.083594 0.439063 0.067187 0.071875
33 0.164062 0.442969 0.075000 0.079687
12 0.254688 0.440625 0.081250 0.075000
23 0.353906 0.440625 0.076563 0.075000
