37 0.084375 0.086719 0.068750 0.073438
8 0.153125 0.086719 0.050000 0.073438
22 0.234375 0.088281 0.084375 0.076563
12 0.329688 0.085938 0.078125 0.071875
29 0.404687 0.093750 0.056250 0.087500
25 0.482812 0.087500 0.075000 0.075000
1 0.572656 0.090625 0.082812 0.081250
10 0.671875 0.089844 0.071875 0.079687
13 0.767188 0.088281 0.078125 0.076563
26 0.867969 0.086719 0.082812 0.073438
33 0.085938 0.207031 0.071875 0.076563
26 0.180469 0.207031 0.085938 0.076563
19 0.267969 0.210938 0.070312 0.084375
29 0.339062 0.210938 0.050000 0.084375
11 0.417187 0.207031 0.068750 0.076563
22 0.504687 0.205469 0.081250 0.073438
24 0.603125 0.206250 0.084375 0.075000
6 0.703125 0.207813 0.084375 0.078125
25 0.804688 0.206250 0.075000 0.075000
4 0.886719 0.207031 0.067187 0.076563
9 0.084375 0.321875 0.068750 0.075000
10 0.173437 0.325781 0.075000 0.082812
19 0.261719 0.328125 0.073438 0.087500
34 0.348438 0.327344 0.078125 0.085938
30 0.437500 0.321875 0.068750 0.075000
17 0.528125 0.321094 0.068750 0.073438
