26 0.092969 0.088281 0.085938 0.076563
26 0.189844 0.088281 0.085938 0.076563
15 0.286719 0.094531 0.067187 0.089063
6 0.375000 0.087500 0.084375 0.075000
2 0.472656 0.085938 0.067187 0.071875
29 0.540625 0.092188 0.053125 0.084375
5 0.631250 0.087500 0.084375 0.075000
26 0.733594 0.088281 0.085938 0.076563
30 0.820312 0.085938 0.065625 0.071875
6 0.906250 0.087500 0.084375 0.075000
22 0.090625 0.207031 0.081250 0.073438
35 0.183594 0.207031 0.089063 0.073438
21 0.282031 0.207031 0.076563 0.073438
15 0.372656 0.214844 0.070312 0.089063
13 0.457813 0.207031 0.075000 0.073438
37 0.551562 0.207031 0.068750 0.073438
5 0.648438 0.207813 0.084375 0.075000
25 0.739062 0.207813 0.075000 0.075000
21 0.835156 0.208594 0.079687 0.076563
8 0.915625 0.207031 0.050000 0.073438
