6 0.092188 0.087500 0.084375 0.075000
0 0.189844 0.088281 0.070312 0.076563
22 0.282813 0.086719 0.081250 0.073438
25 0.371875 0.087500 0.075000 0.075000
32 0.452344 0.086719 0.067187 0.073438
25 0.540625 0.087500 0.075000 0.075000
14 0.625781 0.086719 0.070312 0.073438
18 0.708594 0.086719 0.073438 0.073438
8 0.782813 0.086719 0.050000 0.073438
31 0.861719 0.085938 0.073438 0.071875
9 0.082812 0.193750 0.065625 0.071875
24 0.173437 0.193750 0.081250 0.071875
0 0.267969 0.194531 0.067187 0.073438
29 0.343750 0.200000 0.053125 0.084375
28 0.428906 0.201563 0.082812 0.087500
10 0.523438 0.199219 0.075000 0.082812
13 0.606250 0.194531 0.075000 0.073438
34 0.703125 0.199219 0.075000 0.082812
22 0.796875 0.194531 0.081250 0.073438
36 0.887500 0.194531 0.081250 0.073438
30 0.084375 0.314063 0.068750 0.075000
10 0.171875 0.316406 0.071875 0.079687
12 0.265625 0.314063 0.081250 0.075000
14 0.350781 0.314844 0.073438 0.076563
7 0.444531 0.314063 0.076563 0.075000
24 0.532813 0.312500 0.081250 0.071875
