21 0.089844 0.088281 0.079687 0.076563
12 0.185938 0.089063 0.081250 0.078125
34 0.284375 0.091406 0.075000 0.082812
16 0.375781 0.085938 0.067187 0.071875
36 0.462500 0.086719 0.081250 0.073438
24 0.564063 0.085938 0.081250 0.071875
25 0.662500 0.087500 0.075000 0.075000
26 0.753906 0.086719 0.082812 0.073438
4 0.838281 0.088281 0.067187 0.076563
19 0.085156 0.206250 0.070312 0.084375
5 0.171875 0.201563 0.084375 0.075000
16 0.255469 0.200000 0.067187 0.071875
19 0.346094 0.206250 0.070312 0.084375
31 0.427344 0.200000 0.073438 0.071875
28 0.527344 0.209375 0.085938 0.090625
12 0.628125 0.200000 0.078125 0.071875
22 0.728125 0.202344 0.084375 0.076563
30 0.817187 0.200000 0.065625 0.071875
25 0.896875 0.200000 0.071875 0.071875
15 0.083594 0.330469 0.067187 0.089063
