29 0.075000 0.092188 0.050000 0.084375
21 0.147656 0.086719 0.076563 0.073438
14 0.244531 0.088281 0.073438 0.076563
13 0.331250 0.086719 0.075000 0.073438
1 0.428906 0.090625 0.082812 0.081250
6 0.525000 0.087500 0.084375 0.075000
7 0.614844 0.087500 0.076563 0.075000
12 0.701562 0.085938 0.078125 0.071875
1 0.803906 0.090625 0.082812 0.081250
22 0.895312 0.086719 0.081250 0.073438
21 0.088281 0.202344 0.076563 0.073438
7 0.178906 0.201563 0.073438 0.071875
4 0.258594 0.205469 0.070312 0.079687
28 0.346094 0.209375 0.082812 0.087500
17 0.437500 0.202344 0.068750 0.073438
24 0.532813 0.201563 0.081250 0.071875
27 0.633594 0.207031 0.085938 0.082812
5 0.731250 0.203125 0.084375 0.075000
3 0.816406 0.203906 0.067187 0.076563
21 0.899219 0.203906 0.079687 0.076563
2 0.083594 0.320312 0.067187 0.071875
23 0.174219 0.321875 0.076563 0.075000
11 0.264062 0.322656 0.068750 0.076563
27 0.357031 0.324219 0.082812 0.079687
4 0.447656 0.324219 0.070312 0.079687
