23 0.088281 0.087500 0.076563 0.075000
10 0.178125 0.089844 0.071875 0.079687
5 0.268750 0.087500 0.084375 0.075000
10 0.360938 0.091406 0.075000 0.082812
18 0.455469 0.086719 0.073438 0.073438
3 0.542969 0.089844 0.070312 0.079687
33 0.626563 0.089844 0.075000 0.079687
25 0.717187 0.085938 0.071875 0.071875
21 0.800781 0.088281 0.079687 0.076563
5 0.890625 0.089063 0.084375 0.078125
14 0.085156 0.200781 0.070312 0.073438
34 0.167187 0.205469 0.075000 0.082812
5 0.254688 0.201563 0.081250 0.075000
8 0.337500 0.200781 0.050000 0.073438
4 0.411719 0.202344 0.067187 0.076563
21 0.492969 0.200781 0.076563 0.073438
28 0.585156 0.207813 0.082812 0.087500
19 0.680469 0.206250 0.070312 0.084375
7 0.761719 0.200000 0.073438 0.071875
30 0.843750 0.200000 0.065625 0.071875
