27 0.091406 0.089844 0.082812 0.079687
19 0.189844 0.092188 0.070312 0.084375
0 0.275781 0.086719 0.067187 0.073438
31 0.360156 0.087500 0.076563 0.075000
15 0.446094 0.094531 0.070312 0.089063
21 0.528906 0.086719 0.076563 0.073438
37 0.621875 0.086719 0.068750 0.073438
0 0.705469 0.086719 0.067187 0.073438
18 0.799219 0.088281 0.076563 0.076563
29 0.881250 0.092188 0.053125 0.084375
2 0.083594 0.206250 0.067187 0.071875
14 0.171094 0.207031 0.070312 0.073438
6 0.262500 0.206250 0.081250 0.071875
17 0.345313 0.207031 0.068750 0.073438
21 0.428906 0.207031 0.076563 0.073438
24 0.525000 0.207813 0.084375 0.075000
7 0.622656 0.206250 0.073438 0.071875
20 0.706250 0.214062 0.071875 0.087500
12 0.792188 0.206250 0.078125 0.071875
33 0.876563 0.208594 0.071875 0.076563
14 0.086719 0.327344 0.073438 0.076563
4 0.177344 0.327344 0.067187 0.076563
32 0.264844 0.325781 0.067187 0.073438
14 0.341406 0.325781 0.070312 0.073438
26 0.436719 0.327344 0.085938 0.076563
34 0.534375 0.332031 0.078125 0.085938
8 0.621875 0.325781 0.053125 0.073438
32 0.691406 0.325781 0.067187 0.073438
35 0.782031 0.325781 0.089063 0.073438
16 0.882031 0.325000 0.067187 0.071875
31 0.086719 0.442188 0.073438 0.071875
