19 0.086719 0.093750 0.073438 0.087500
22 0.173437 0.086719 0.081250 0.073438
16 0.260156 0.085938 0.067187 0.071875
20 0.346875 0.092188 0.068750 0.084375
3 0.427344 0.089844 0.070312 0.079687
19 0.517969 0.093750 0.073438 0.087500
6 0.612500 0.087500 0.084375 0.075000
8 0.689063 0.086719 0.050000 0.073438
11 0.770312 0.089844 0.071875 0.079687
34 0.865625 0.091406 0.075000 0.082812
34 0.089063 0.211719 0.078125 0.085938
25 0.185938 0.206250 0.075000 0.075000
9 0.271875 0.206250 0.068750 0.075000
23 0.366406 0.206250 0.076563 0.075000
33 0.459375 0.207031 0.071875 0.076563
4 0.546094 0.207031 0.067187 0.076563
9 0.625000 0.204687 0.068750 0.071875
32 0.708594 0.207031 0.070312 0.076563
14 0.794531 0.207031 0.073438 0.076563
25 0.878125 0.206250 0.075000 0.075000
6 0.090625 0.321875 0.081250 0.071875
0 0.185156 0.324219 0.070312 0.076563
4 0.275781 0.324219 0.067187 0.076563
34 0.357812 0.328906 0.081250 0.085938
31 0.455469 0.321875 0.073438 0.071875
