9 0.084375 0.087500 0.068750 0.075000
1 0.177344 0.089063 0.079687 0.078125
15 0.271094 0.096094 0.070312 0.092188
24 0.356250 0.085938 0.081250 0.071875
37 0.443750 0.086719 0.068750 0.073438
17 0.525000 0.086719 0.068750 0.073438
36 0.609375 0.088281 0.084375 0.076563
25 0.707812 0.085938 0.071875 0.071875
24 0.804688 0.087500 0.084375 0.075000
25 0.898438 0.085938 0.071875 0.071875
23 0.088281 0.210938 0.076563 0.075000
22 0.185938 0.211719 0.084375 0.076563
9 0.270313 0.210938 0.068750 0.075000
9 0.359375 0.210938 0.068750 0.075000
20 0.450000 0.215625 0.068750 0.084375
2 0.533594 0.209375 0.067187 0.071875
37 0.621875 0.210156 0.068750 0.073438
34 0.715625 0.214844 0.075000 0.082812
8 0.789062 0.211719 0.053125 0.076563
11 0.865625 0.211719 0.068750 0.076563
20 0.084375 0.331250 0.068750 0.084375
3 0.171094 0.327344 0.067187 0.076563
17 0.246875 0.325781 0.068750 0.073438
29 0.318750 0.332813 0.053125 0.087500
37 0.393750 0.327344 0.071875 0.076563
7 0.482031 0.326562 0.076563 0.075000
22 0.575000 0.327344 0.084375 0.076563
25 0.660937 0.325000 0.071875 0.071875
1 0.746094 0.328125 0.079687 0.078125
13 0.834375 0.325781 0.075000 0.073438
26 0.092969 0.446094 0.085938 0.076563
26 0.188281 0.446094 0.085938 0.076563
22 0.281250 0.444531 0.081250 0.073438
13 0.378125 0.444531 0.075000 0.073438
