14 0.085156 0.086719 0.070312 0.073438
13 0.167187 0.086719 0.075000 0.073438
31 0.250781 0.085938 0.073438 0.071875
29 0.323437 0.092188 0.053125 0.084375
18 0.407031 0.086719 0.073438 0.073438
25 0.492188 0.085938 0.071875 0.071875
6 0.590625 0.087500 0.084375 0.075000
8 0.676562 0.088281 0.053125 0.076563
23 0.757031 0.085938 0.073438 0.071875
7 0.852344 0.087500 0.076563 0.075000
24 0.092188 0.203125 0.084375 0.075000
29 0.175000 0.209375 0.053125 0.087500
29 0.246875 0.207813 0.053125 0.084375
26 0.332031 0.202344 0.082812 0.073438
30 0.423438 0.203125 0.068750 0.075000
35 0.516406 0.203906 0.092188 0.076563
31 0.610156 0.203125 0.076563 0.075000
20 0.700000 0.207813 0.068750 0.084375
7 0.785156 0.203125 0.076563 0.075000
14 0.878906 0.203906 0.073438 0.076563
26 0.092969 0.322656 0.085938 0.076563
8 0.168750 0.321094 0.050000 0.073438
4 0.239844 0.322656 0.067187 0.076563
30 0.317188 0.320312 0.065625 0.071875
37 0.406250 0.321094 0.068750 0.073438
12 0.495312 0.320312 0.078125 0.071875
