23 0.086719 0.085938 0.073438 0.071875
5 0.185938 0.085938 0.081250 0.071875
26 0.286719 0.088281 0.085938 0.076563
19 0.372656 0.092188 0.070312 0.084375
15 0.466406 0.096094 0.073438 0.092188
34 0.556250 0.091406 0.075000 0.082812
14 0.642969 0.088281 0.073438 0.076563
19 0.727344 0.093750 0.073438 0.087500
20 0.814063 0.092188 0.068750 0.084375
22 0.907813 0.086719 0.081250 0.073438
36 0.092188 0.213281 0.084375 0.079687
34 0.182812 0.214844 0.078125 0.082812
30 0.264062 0.209375 0.065625 0.071875
6 0.351562 0.209375 0.081250 0.071875
14 0.436719 0.211719 0.073438 0.076563
14 0.527344 0.211719 0.073438 0.076563
35 0.628906 0.211719 0.092188 0.076563
21 0.730469 0.211719 0.079687 0.076563
20 0.815625 0.217188 0.075000 0.087500
17 0.901563 0.211719 0.071875 0.076563
20 0.085938 0.334375 0.071875 0.084375
7 0.175781 0.329688 0.076563 0.075000
21 0.261719 0.328906 0.076563 0.073438
21 0.357031 0.330469 0.079687 0.076563
21 0.444531 0.328906 0.076563 0.073438
