1 0.091406 0.090625 0.082812 0.081250
30 0.185938 0.085938 0.068750 0.071875
31 0.280469 0.087500 0.076563 0.075000
22 0.378125 0.086719 0.081250 0.073438
30 0.460938 0.087500 0.068750 0.075000
14 0.550781 0.086719 0.070312 0.073438
28 0.636719 0.093750 0.082812 0.087500
17 0.726562 0.088281 0.071875 0.076563
8 0.809375 0.086719 0.050000 0.073438
20 0.885938 0.092188 0.071875 0.084375
32 0.085156 0.207031 0.070312 0.076563
36 0.171875 0.205469 0.081250 0.073438
10 0.264062 0.210156 0.075000 0.082812
6 0.354687 0.204687 0.081250 0.071875
15 0.444531 0.214844 0.070312 0.092188
24 0.532813 0.206250 0.084375 0.075000
28 0.627344 0.212500 0.085938 0.087500
2 0.727344 0.206250 0.070312 0.075000
2 0.803906 0.204687 0.067187 0.071875
35 0.892969 0.205469 0.089063 0.073438
10 0.085938 0.332031 0.071875 0.079687
23 0.174219 0.328125 0.073438 0.071875
14 0.255469 0.330469 0.073438 0.076563
22 0.342187 0.328906 0.081250 0.073438
19 0.428906 0.334375 0.070312 0.084375
33 0.509375 0.330469 0.071875 0.076563
27 0.596094 0.332031 0.082812 0.079687
23 0.689844 0.328125 0.073438 0.071875
6 0.776563 0.328125 0.081250 0.071875
