9 0.082812 0.085938 0.065625 0.071875
2 0.158594 0.085938 0.067187 0.071875
35 0.244531 0.086719 0.089063 0.073438
7 0.344531 0.087500 0.076563 0.075000
22 0.437500 0.088281 0.084375 0.076563
35 0.535156 0.086719 0.089063 0.073438
37 0.626563 0.088281 0.071875 0.076563
6 0.725000 0.087500 0.084375 0.075000
35 0.819531 0.086719 0.089063 0.073438
3 0.908594 0.088281 0.067187 0.076563
12 0.089063 0.193750 0.078125 0.071875
31 0.185156 0.195312 0.073438 0.075000
19 0.275781 0.200000 0.070312 0.084375
23 0.357031 0.195312 0.076563 0.075000
6 0.445312 0.195312 0.084375 0.075000
25 0.534375 0.195312 0.075000 0.075000
1 0.632031 0.198437 0.082812 0.081250
28 0.724219 0.203125 0.085938 0.090625
5 0.829688 0.195312 0.084375 0.075000
10 0.087500 0.321094 0.075000 0.082812
19 0.178906 0.321875 0.070312 0.084375
15 0.264844 0.324219 0.070312 0.089063
4 0.344531 0.319531 0.070312 0.079687
25 0.431250 0.315625 0.071875 0.071875
26 0.530469 0.316406 0.082812 0.073438
28 0.627344 0.325000 0.085938 0.090625
21 0.719531 0.316406 0.076563 0.073438
12 0.810937 0.317188 0.081250 0.075000
