21 0.089844 0.088281 0.079687 0.076563
4 0.171094 0.088281 0.067187 0.076563
18 0.258594 0.086719 0.073438 0.073438
28 0.355469 0.095312 0.089063 0.090625
35 0.457031 0.086719 0.089063 0.073438
23 0.552344 0.085938 0.073438 0.071875
36 0.640625 0.086719 0.081250 0.073438
29 0.726562 0.092188 0.053125 0.084375
32 0.800781 0.088281 0.070312 0.076563
32 0.878906 0.086719 0.067187 0.073438
9 0.082812 0.207813 0.065625 0.071875
31 0.169531 0.209375 0.076563 0.075000
33 0.253125 0.211719 0.075000 0.079687
16 0.338281 0.207813 0.067187 0.071875
15 0.427344 0.216406 0.067187 0.089063
6 0.515625 0.207813 0.081250 0.071875
28 0.613281 0.217188 0.089063 0.090625
9 0.714063 0.209375 0.068750 0.075000
26 0.805469 0.208594 0.082812 0.073438
8 0.890625 0.208594 0.050000 0.073438
2 0.085156 0.331250 0.070312 0.075000
32 0.172656 0.330469 0.067187 0.073438
34 0.251563 0.335156 0.075000 0.082812
34 0.348438 0.335156 0.075000 0.082812
11 0.437500 0.332031 0.068750 0.076563
18 0.528906 0.330469 0.073438 0.073438
32 0.622656 0.332031 0.070312 0.076563
12 0.712500 0.331250 0.081250 0.075000
32 0.810156 0.332031 0.070312 0.076563
29 0.879687 0.335938 0.053125 0.084375
1 0.091406 0.450000 0.082812 0.081250
22 0.196875 0.447656 0.084375 0.076563
7 0.297656 0.446875 0.076563 0.075000
