6 0.092188 0.087500 0.084375 0.075000
18 0.182031 0.086719 0.073438 0.073438
33 0.262500 0.088281 0.071875 0.076563
9 0.339062 0.085938 0.065625 0.071875
23 0.417969 0.085938 0.073438 0.071875
25 0.506250 0.085938 0.071875 0.071875
17 0.593750 0.088281 0.071875 0.076563
33 0.679688 0.088281 0.071875 0.076563
0 0.761719 0.088281 0.070312 0.076563
4 0.841406 0.088281 0.067187 0.076563
2 0.085156 0.195312 0.070312 0.075000
29 0.159375 0.200000 0.053125 0.084375
10 0.243750 0.197656 0.071875 0.079687
14 0.328906 0.196094 0.073438 0.076563
4 0.419531 0.197656 0.070312 0.079687
30 0.501563 0.193750 0.065625 0.071875
8 0.579688 0.194531 0.050000 0.073438
7 0.663281 0.193750 0.073438 0.071875
18 0.746094 0.196094 0.076563 0.076563
16 0.827344 0.193750 0.067187 0.071875
17 0.909375 0.194531 0.068750 0.073438
26 0.091406 0.310156 0.082812 0.073438
21 0.182031 0.311719 0.079687 0.076563
