15 0.085156 0.094531 0.070312 0.089063
1 0.169531 0.090625 0.082812 0.081250
5 0.262500 0.085938 0.081250 0.071875
8 0.339062 0.086719 0.053125 0.073438
18 0.413281 0.088281 0.076563 0.076563
9 0.496875 0.087500 0.068750 0.075000
16 0.586719 0.087500 0.070312 0.075000
3 0.669531 0.089844 0.070312 0.079687
30 0.756250 0.085938 0.065625 0.071875
13 0.842187 0.086719 0.075000 0.073438
24 0.092188 0.207813 0.084375 0.075000
33 0.181250 0.210156 0.075000 0.079687
15 0.264844 0.216406 0.070312 0.092188
34 0.348438 0.213281 0.078125 0.085938
11 0.440625 0.208594 0.068750 0.076563
0 0.516406 0.207031 0.067187 0.073438
12 0.600000 0.207813 0.081250 0.075000
11 0.689063 0.208594 0.068750 0.076563
28 0.786719 0.215625 0.085938 0.090625
8 0.876563 0.207031 0.053125 0.073438
24 0.092188 0.331250 0.084375 0.075000
0 0.182031 0.330469 0.067187 0.073438
12 0.268750 0.329688 0.078125 0.071875
15 0.363281 0.339844 0.070312 0.092188
15 0.442969 0.338281 0.067187 0.089063
0 0.528906 0.330469 0.067187 0.073438
26 0.614844 0.330469 0.082812 0.073438
26 0.714844 0.332031 0.085938 0.076563
11 0.810937 0.332031 0.068750 0.076563
23 0.889844 0.329688 0.073438 0.071875
21 0.089844 0.455469 0.079687 0.076563
2 0.182031 0.454688 0.070312 0.075000
4 0.272656 0.455469 0.067187 0.076563
