35 0.094531 0.086719 0.089063 0.073438
0 0.194531 0.086719 0.067187 0.073438
33 0.279687 0.088281 0.071875 0.076563
10 0.362500 0.089844 0.071875 0.079687
23 0.444531 0.085938 0.073438 0.071875
30 0.531250 0.087500 0.068750 0.075000
15 0.621094 0.094531 0.070312 0.089063
26 0.716406 0.088281 0.082812 0.076563
16 0.799219 0.085938 0.067187 0.071875
3 0.886719 0.088281 0.067187 0.076563
24 0.092188 0.209375 0.084375 0.078125
10 0.189062 0.211719 0.075000 0.082812
37 0.281250 0.208594 0.071875 0.076563
29 0.364063 0.212500 0.050000 0.084375
27 0.439844 0.210156 0.082812 0.079687
1 0.536719 0.209375 0.079687 0.078125
3 0.632031 0.208594 0.070312 0.076563
36 0.728125 0.207031 0.081250 0.073438
26 0.828906 0.208594 0.085938 0.076563
23 0.086719 0.321875 0.073438 0.071875
34 0.173437 0.327344 0.075000 0.082812
11 0.254688 0.324219 0.068750 0.076563
1 0.338281 0.326562 0.082812 0.081250
1 0.442969 0.328125 0.082812 0.084375
29 0.518750 0.328125 0.050000 0.084375
35 0.597656 0.322656 0.089063 0.073438
1 0.699219 0.325000 0.079687 0.078125
37 0.792188 0.324219 0.071875 0.076563
30 0.870313 0.321875 0.065625 0.071875
20 0.085938 0.445312 0.071875 0.087500
1 0.171094 0.440625 0.079687 0.078125
19 0.264844 0.443750 0.070312 0.084375
16 0.350781 0.439063 0.070312 0.075000
