1 0.091406 0.090625 0.082812 0.081250
4 0.174219 0.088281 0.067187 0.076563
35 0.267969 0.086719 0.089063 0.073438
23 0.361719 0.085938 0.073438 0.071875
5 0.459375 0.087500 0.084375 0.075000
15 0.544531 0.096094 0.070312 0.092188
34 0.639062 0.091406 0.075000 0.082812
27 0.736719 0.091406 0.085938 0.082812
5 0.834375 0.085938 0.081250 0.071875
22 0.092188 0.211719 0.084375 0.076563
1 0.191406 0.212500 0.079687 0.078125
28 0.289844 0.218750 0.085938 0.090625
27 0.386719 0.216406 0.089063 0.085938
24 0.487500 0.209375 0.081250 0.071875
37 0.576562 0.210156 0.068750 0.073438
25 0.660937 0.210938 0.075000 0.075000
29 0.734375 0.217188 0.053125 0.087500
17 0.807813 0.210156 0.068750 0.073438
15 0.896094 0.219531 0.070312 0.092188
15 0.085156 0.342969 0.070312 0.092188
3 0.164844 0.335156 0.067187 0.076563
28 0.252344 0.340625 0.082812 0.087500
5 0.351562 0.332813 0.081250 0.071875
35 0.455469 0.335156 0.089063 0.076563
1 0.563281 0.337500 0.082812 0.081250
8 0.651563 0.333594 0.050000 0.073438
17 0.718750 0.333594 0.068750 0.073438
12 0.812500 0.334375 0.081250 0.075000
11 0.903125 0.336719 0.071875 0.079687
23 0.086719 0.456250 0.073438 0.071875
