7 0.086719 0.085938 0.073438 0.071875
19 0.171094 0.093750 0.076563 0.087500
16 0.258594 0.085938 0.067187 0.071875
37 0.345313 0.088281 0.071875 0.076563
11 0.437500 0.089844 0.071875 0.079687
8 0.514062 0.088281 0.053125 0.076563
36 0.598437 0.086719 0.081250 0.073438
17 0.684375 0.086719 0.068750 0.073438
19 0.771094 0.092188 0.070312 0.084375
23 0.864844 0.087500 0.076563 0.075000
27 0.092969 0.210156 0.085938 0.082812
12 0.190625 0.204687 0.078125 0.071875
27 0.282031 0.210156 0.085938 0.082812
9 0.371875 0.204687 0.065625 0.071875
31 0.460156 0.204687 0.073438 0.071875
3 0.539844 0.207031 0.067187 0.076563
22 0.626563 0.207031 0.081250 0.076563
1 0.730469 0.209375 0.082812 0.081250
29 0.810937 0.210938 0.050000 0.084375
3 0.885156 0.208594 0.070312 0.079687
30 0.082812 0.320312 0.065625 0.071875
18 0.172656 0.322656 0.076563 0.076563
26 0.271094 0.321094 0.082812 0.073438
20 0.357812 0.326562 0.068750 0.084375
8 0.434375 0.321094 0.050000 0.073438
