32 0.085156 0.086719 0.070312 0.073438
10 0.165625 0.089844 0.071875 0.079687
34 0.248438 0.092969 0.078125 0.085938
35 0.339844 0.086719 0.089063 0.073438
25 0.442188 0.087500 0.075000 0.075000
36 0.542188 0.086719 0.081250 0.073438
27 0.644531 0.091406 0.085938 0.082812
13 0.745313 0.088281 0.078125 0.076563
21 0.835156 0.088281 0.079687 0.076563
37 0.084375 0.203906 0.068750 0.073438
29 0.156250 0.210938 0.056250 0.087500
27 0.242969 0.208594 0.085938 0.082812
5 0.348438 0.204687 0.084375 0.075000
15 0.446094 0.213281 0.070312 0.092188
12 0.537500 0.203125 0.078125 0.071875
3 0.621094 0.207031 0.070312 0.079687
32 0.699219 0.203906 0.067187 0.073438
36 0.784375 0.203906 0.081250 0.073438
18 0.874219 0.205469 0.076563 0.076563
0 0.083594 0.327344 0.067187 0.073438
24 0.179688 0.326562 0.081250 0.071875
31 0.264844 0.326562 0.073438 0.071875
11 0.354687 0.330469 0.071875 0.079687
12 0.451562 0.326562 0.078125 0.071875
15 0.538281 0.335156 0.067187 0.089063
34 0.628125 0.332031 0.075000 0.082812
3 0.708594 0.330469 0.070312 0.079687
36 0.798438 0.328906 0.084375 0.076563
18 0.889844 0.328906 0.076563 0.076563
