11 0.085938 0.089844 0.071875 0.079687
25 0.170313 0.087500 0.075000 0.075000
2 0.260156 0.087500 0.070312 0.075000
4 0.347656 0.089844 0.070312 0.079687
1 0.444531 0.090625 0.082812 0.081250
0 0.530469 0.088281 0.070312 0.076563
16 0.614844 0.087500 0.070312 0.075000
34 0.700000 0.092969 0.078125 0.085938
28 0.799219 0.093750 0.082812 0.087500
16 0.889844 0.087500 0.070312 0.075000
24 0.090625 0.204687 0.081250 0.071875
37 0.182812 0.207031 0.071875 0.076563
14 0.275781 0.207031 0.073438 0.076563
15 0.363281 0.214844 0.070312 0.092188
34 0.450000 0.211719 0.078125 0.085938
6 0.548438 0.204687 0.081250 0.071875
28 0.653906 0.215625 0.089063 0.093750
8 0.742188 0.205469 0.050000 0.073438
34 0.826562 0.210156 0.075000 0.082812
34 0.087500 0.335156 0.075000 0.082812
23 0.174219 0.329688 0.073438 0.071875
34 0.271875 0.336719 0.078125 0.085938
6 0.368750 0.332813 0.084375 0.078125
15 0.464844 0.339844 0.070312 0.092188
24 0.550000 0.331250 0.084375 0.075000
36 0.648438 0.332031 0.084375 0.076563
18 0.739844 0.332031 0.076563 0.076563
30 0.818750 0.329688 0.065625 0.071875
33 0.896875 0.332031 0.071875 0.076563
4 0.083594 0.455469 0.067187 0.076563
21 0.171094 0.455469 0.079687 0.076563
0 0.260156 0.453906 0.067187 0.073438
7 0.341406 0.454688 0.076563 0.075000
21 0.428906 0.453906 0.076563 0.073438
