24 0.092188 0.087500 0.084375 0.075000
0 0.185156 0.088281 0.070312 0.076563
14 0.264844 0.086719 0.070312 0.073438
30 0.340625 0.085938 0.065625 0.071875
9 0.426563 0.087500 0.068750 0.075000
29 0.507812 0.092188 0.053125 0.084375
24 0.590625 0.085938 0.081250 0.071875
27 0.686719 0.091406 0.085938 0.082812
1 0.782031 0.089063 0.079687 0.078125
23 0.878906 0.085938 0.073438 0.071875
18 0.088281 0.203906 0.076563 0.076563
1 0.185156 0.204687 0.079687 0.078125
14 0.272656 0.202344 0.070312 0.073438
10 0.364063 0.205469 0.071875 0.079687
9 0.456250 0.203125 0.068750 0.075000
34 0.551562 0.208594 0.078125 0.085938
29 0.625000 0.207813 0.050000 0.084375
24 0.701562 0.203125 0.084375 0.075000
14 0.800781 0.203906 0.073438 0.076563
4 0.888281 0.205469 0.070312 0.079687
13 0.089063 0.321094 0.078125 0.076563
21 0.180469 0.319531 0.076563 0.073438
20 0.265625 0.325000 0.071875 0.084375
