4 0.085156 0.089844 0.070312 0.079687
4 0.164844 0.089844 0.070312 0.079687
12 0.253125 0.087500 0.081250 0.075000
17 0.342187 0.086719 0.068750 0.073438
12 0.426563 0.087500 0.081250 0.075000
31 0.514844 0.087500 0.076563 0.075000
2 0.600781 0.087500 0.070312 0.075000
36 0.684375 0.086719 0.081250 0.073438
13 0.771875 0.088281 0.078125 0.076563
37 0.865625 0.086719 0.068750 0.073438
0 0.085156 0.199219 0.070312 0.076563
22 0.181250 0.199219 0.084375 0.076563
15 0.267969 0.205469 0.067187 0.089063
13 0.348438 0.197656 0.075000 0.073438
9 0.437500 0.196875 0.065625 0.071875
21 0.517969 0.197656 0.076563 0.073438
9 0.601562 0.198437 0.068750 0.075000
20 0.692187 0.204687 0.071875 0.087500
2 0.778906 0.196875 0.067187 0.071875
23 0.864844 0.198437 0.076563 0.075000
19 0.086719 0.325000 0.073438 0.087500
32 0.172656 0.317969 0.067187 0.073438
20 0.264062 0.325000 0.071875 0.087500
3 0.346094 0.319531 0.067187 0.076563
36 0.431250 0.317969 0.081250 0.073438
22 0.532813 0.317969 0.081250 0.073438
