22 0.090625 0.086719 0.081250 0.073438
1 0.192969 0.089063 0.079687 0.078125
22 0.295312 0.086719 0.081250 0.073438
20 0.392188 0.092188 0.068750 0.084375
27 0.489844 0.091406 0.085938 0.082812
8 0.567187 0.086719 0.053125 0.073438
3 0.642969 0.089844 0.070312 0.079687
2 0.724219 0.085938 0.067187 0.071875
27 0.808594 0.089844 0.082812 0.079687
7 0.899219 0.087500 0.076563 0.075000
19 0.086719 0.209375 0.073438 0.087500
9 0.175000 0.201563 0.065625 0.071875
23 0.260156 0.201563 0.073438 0.071875
34 0.345313 0.207031 0.075000 0.082812
26 0.446094 0.203906 0.085938 0.076563
30 0.543750 0.201563 0.065625 0.071875
23 0.627344 0.201563 0.073438 0.071875
36 0.712500 0.202344 0.081250 0.073438
13 0.807813 0.202344 0.075000 0.073438
10 0.892188 0.207031 0.075000 0.082812
29 0.075000 0.326562 0.050000 0.084375
22 0.156250 0.321094 0.081250 0.073438
