19 0.085156 0.092188 0.070312 0.084375
14 0.169531 0.086719 0.070312 0.073438
18 0.250781 0.086719 0.073438 0.073438
36 0.335938 0.086719 0.081250 0.073438
6 0.428125 0.087500 0.084375 0.075000
17 0.521875 0.086719 0.068750 0.073438
18 0.608594 0.086719 0.073438 0.073438
20 0.696875 0.092188 0.068750 0.084375
6 0.785937 0.087500 0.084375 0.075000
15 0.885156 0.096094 0.070312 0.092188
22 0.092188 0.211719 0.084375 0.076563
26 0.197656 0.210156 0.082812 0.073438
11 0.296875 0.213281 0.071875 0.079687
5 0.385937 0.209375 0.081250 0.071875
3 0.472656 0.213281 0.070312 0.079687
1 0.557031 0.214062 0.082812 0.081250
37 0.653125 0.211719 0.071875 0.076563
19 0.736719 0.217188 0.073438 0.087500
15 0.814844 0.217969 0.067187 0.089063
34 0.904687 0.214844 0.078125 0.082812
24 0.090625 0.331250 0.081250 0.075000
17 0.181250 0.332031 0.071875 0.076563
19 0.272656 0.337500 0.076563 0.087500
7 0.358594 0.331250 0.076563 0.075000
16 0.441406 0.329688 0.067187 0.071875
7 0.530469 0.331250 0.076563 0.075000
9 0.615625 0.329688 0.065625 0.071875
26 0.703906 0.330469 0.082812 0.073438
20 0.789062 0.335938 0.068750 0.084375
26 0.885156 0.332031 0.085938 0.076563
33 0.085938 0.450781 0.071875 0.076563
20 0.176563 0.456250 0.075000 0.087500
15 0.263281 0.458594 0.070312 0.092188
