34 0.089063 0.092969 0.078125 0.085938
18 0.177344 0.086719 0.073438 0.073438
5 0.275000 0.085938 0.081250 0.071875
33 0.364063 0.089844 0.075000 0.079687
14 0.458594 0.088281 0.073438 0.076563
26 0.557031 0.086719 0.082812 0.073438
5 0.659375 0.087500 0.084375 0.075000
28 0.760156 0.095312 0.085938 0.090625
24 0.860938 0.087500 0.084375 0.075000
17 0.085938 0.210156 0.071875 0.076563
7 0.178906 0.209375 0.076563 0.075000
32 0.261719 0.208594 0.067187 0.073438
30 0.342187 0.207813 0.065625 0.071875
20 0.429688 0.214062 0.068750 0.084375
4 0.508594 0.211719 0.070312 0.079687
10 0.603125 0.213281 0.075000 0.082812
8 0.682813 0.208594 0.053125 0.073438
30 0.764062 0.207813 0.065625 0.071875
1 0.858594 0.212500 0.082812 0.081250
35 0.094531 0.324219 0.089063 0.073438
34 0.193750 0.328906 0.075000 0.082812
28 0.282031 0.332813 0.085938 0.090625
4 0.377344 0.327344 0.070312 0.079687
