8 0.076563 0.086719 0.053125 0.073438
11 0.154688 0.089844 0.071875 0.079687
36 0.246875 0.088281 0.084375 0.076563
34 0.345313 0.092969 0.078125 0.085938
37 0.432812 0.086719 0.068750 0.073438
18 0.513281 0.088281 0.076563 0.076563
11 0.595313 0.089844 0.071875 0.079687
26 0.688281 0.086719 0.082812 0.073438
6 0.778125 0.085938 0.081250 0.071875
2 0.861719 0.085938 0.067187 0.071875
12 0.090625 0.204687 0.081250 0.075000
4 0.175781 0.205469 0.067187 0.076563
26 0.266406 0.207031 0.085938 0.079687
15 0.352344 0.213281 0.070312 0.092188
19 0.441406 0.209375 0.070312 0.084375
12 0.525000 0.204687 0.081250 0.075000
15 0.608594 0.213281 0.070312 0.092188
36 0.695312 0.205469 0.084375 0.076563
5 0.800000 0.203125 0.081250 0.071875
17 0.892188 0.203906 0.068750 0.073438
26 0.091406 0.327344 0.082812 0.073438
34 0.181250 0.332031 0.075000 0.082812
10 0.267188 0.330469 0.071875 0.079687
26 0.363281 0.327344 0.082812 0.073438
