28 0.091406 0.093750 0.082812 0.087500
16 0.174219 0.085938 0.067187 0.071875
8 0.246875 0.086719 0.050000 0.073438
25 0.328125 0.087500 0.075000 0.075000
34 0.417187 0.091406 0.075000 0.082812
2 0.503906 0.085938 0.070312 0.071875
29 0.575000 0.092188 0.053125 0.084375
10 0.653125 0.089844 0.075000 0.079687
3 0.741406 0.088281 0.067187 0.076563
17 0.825000 0.086719 0.068750 0.073438
35 0.094531 0.205469 0.089063 0.073438
34 0.190625 0.211719 0.078125 0.085938
33 0.275000 0.207031 0.071875 0.076563
23 0.367969 0.204687 0.073438 0.071875
8 0.445312 0.205469 0.053125 0.073438
10 0.525000 0.210156 0.078125 0.082812
11 0.620313 0.207031 0.071875 0.076563
22 0.709375 0.207031 0.084375 0.076563
0 0.799219 0.207031 0.070312 0.076563
29 0.870313 0.210938 0.053125 0.084375
15 0.083594 0.330469 0.067187 0.089063
16 0.166406 0.321875 0.067187 0.071875
33 0.257812 0.324219 0.071875 0.076563
1 0.342969 0.325000 0.079687 0.078125
22 0.432812 0.324219 0.084375 0.076563
3 0.522656 0.325781 0.070312 0.079687
36 0.621875 0.325781 0.084375 0.079687
33 0.712500 0.324219 0.071875 0.076563
28 0.805469 0.331250 0.085938 0.090625
12 0.906250 0.323437 0.081250 0.075000
11 0.084375 0.446094 0.068750 0.076563
2 0.164844 0.443750 0.070312 0.071875
17 0.248438 0.446094 0.071875 0.076563
11 0.331250 0.446094 0.068750 0.076563
