28 0.091406 0.093750 0.082812 0.087500
36 0.182812 0.088281 0.084375 0.076563
20 0.278125 0.092188 0.068750 0.084375
19 0.357031 0.093750 0.073438 0.087500
19 0.436719 0.092188 0.070312 0.084375
14 0.521094 0.088281 0.073438 0.076563
37 0.614062 0.088281 0.071875 0.076563
8 0.695312 0.086719 0.053125 0.073438
7 0.771094 0.087500 0.076563 0.075000
32 0.857031 0.088281 0.070312 0.076563
9 0.084375 0.206250 0.068750 0.075000
10 0.165625 0.210156 0.075000 0.082812
2 0.250781 0.204687 0.067187 0.071875
2 0.336719 0.204687 0.067187 0.071875
36 0.423438 0.205469 0.081250 0.073438
16 0.510156 0.206250 0.070312 0.075000
14 0.599219 0.207031 0.073438 0.076563
30 0.685937 0.204687 0.065625 0.071875
35 0.782031 0.205469 0.089063 0.073438
7 0.878906 0.204687 0.073438 0.071875
33 0.087500 0.322656 0.075000 0.079687
34 0.171875 0.324219 0.075000 0.082812
26 0.263281 0.321094 0.085938 0.076563
9 0.348438 0.320312 0.068750 0.075000
32 0.436719 0.319531 0.067187 0.073438
11 0.520312 0.321094 0.068750 0.076563
