22 0.090625 0.086719 0.081250 0.073438
17 0.185938 0.088281 0.071875 0.076563
35 0.275781 0.086719 0.089063 0.073438
2 0.364844 0.085938 0.067187 0.071875
27 0.447656 0.089844 0.082812 0.079687
26 0.544531 0.088281 0.085938 0.076563
18 0.633594 0.088281 0.076563 0.076563
27 0.728906 0.089844 0.082812 0.079687
18 0.827344 0.088281 0.076563 0.076563
13 0.089063 0.199219 0.078125 0.076563
33 0.173437 0.200781 0.075000 0.079687
15 0.260156 0.205469 0.067187 0.089063
28 0.342969 0.204687 0.082812 0.087500
10 0.440625 0.202344 0.075000 0.082812
16 0.532031 0.198437 0.070312 0.075000
6 0.617188 0.198437 0.084375 0.075000
21 0.714844 0.199219 0.079687 0.076563
17 0.796875 0.197656 0.068750 0.073438
18 0.878906 0.199219 0.076563 0.076563
13 0.089063 0.319531 0.078125 0.076563
15 0.182031 0.325781 0.067187 0.089063
5 0.264062 0.318750 0.081250 0.075000
27 0.366406 0.321094 0.082812 0.079687
35 0.474219 0.317969 0.089063 0.073438
