9 0.082812 0.085938 0.065625 0.071875
20 0.160938 0.092188 0.068750 0.084375
33 0.243750 0.088281 0.071875 0.076563
27 0.335156 0.089844 0.082812 0.079687
9 0.417187 0.085938 0.065625 0.071875
34 0.507812 0.092969 0.078125 0.085938
24 0.596875 0.089063 0.084375 0.078125
24 0.700000 0.089063 0.084375 0.078125
17 0.792188 0.088281 0.071875 0.076563
37 0.881250 0.088281 0.071875 0.076563
31 0.088281 0.204687 0.076563 0.075000
23 0.174219 0.203125 0.073438 0.071875
31 0.257031 0.204687 0.076563 0.075000
20 0.339062 0.210938 0.071875 0.087500
26 0.438281 0.205469 0.085938 0.076563
28 0.538281 0.212500 0.085938 0.090625
31 0.628906 0.203125 0.073438 0.071875
37 0.712500 0.203906 0.068750 0.073438
31 0.796094 0.204687 0.076563 0.075000
34 0.881250 0.210156 0.078125 0.085938
12 0.089063 0.325000 0.078125 0.071875
15 0.171094 0.333594 0.070312 0.089063
14 0.250781 0.327344 0.073438 0.076563
24 0.346875 0.325000 0.081250 0.071875
31 0.435156 0.326562 0.073438 0.075000
20 0.521875 0.331250 0.071875 0.084375
16 0.610156 0.326562 0.070312 0.075000
31 0.691406 0.325000 0.073438 0.071875
24 0.784375 0.326562 0.084375 0.075000
6 0.885938 0.326562 0.084375 0.075000
13 0.087500 0.446094 0.075000 0.073438
