35 0.096094 0.088281 0.092188 0.076563
21 0.191406 0.088281 0.079687 0.076563
14 0.286719 0.088281 0.073438 0.076563
27 0.382031 0.089844 0.082812 0.079687
24 0.481250 0.085938 0.081250 0.071875
20 0.568750 0.093750 0.071875 0.087500
7 0.664844 0.087500 0.076563 0.075000
23 0.761719 0.085938 0.073438 0.071875
12 0.848437 0.087500 0.081250 0.075000
26 0.091406 0.205469 0.082812 0.073438
12 0.192188 0.204687 0.078125 0.071875
25 0.287500 0.206250 0.075000 0.075000
25 0.381250 0.206250 0.075000 0.075000
11 0.473438 0.208594 0.071875 0.079687
29 0.545312 0.210938 0.050000 0.084375
8 0.614062 0.205469 0.050000 0.073438
7 0.697656 0.206250 0.076563 0.075000
4 0.789844 0.208594 0.070312 0.079687
12 0.879687 0.206250 0.081250 0.075000
31 0.088281 0.321875 0.076563 0.075000
11 0.170313 0.324219 0.071875 0.079687
33 0.257812 0.324219 0.075000 0.079687
24 0.353125 0.320312 0.081250 0.071875
0 0.438281 0.322656 0.070312 0.076563
