8 0.075000 0.086719 0.050000 0.073438
35 0.152344 0.086719 0.089063 0.073438
10 0.245312 0.089844 0.071875 0.079687
15 0.335156 0.096094 0.070312 0.092188
29 0.415625 0.092188 0.050000 0.084375
37 0.485938 0.088281 0.071875 0.076563
26 0.586719 0.088281 0.085938 0.076563
0 0.678906 0.088281 0.070312 0.076563
24 0.770312 0.085938 0.081250 0.071875
10 0.856250 0.091406 0.075000 0.082812
28 0.092969 0.217188 0.085938 0.087500
21 0.186719 0.211719 0.079687 0.076563
26 0.283594 0.211719 0.085938 0.076563
33 0.379688 0.211719 0.071875 0.076563
20 0.462500 0.215625 0.068750 0.084375
27 0.552344 0.213281 0.082812 0.079687
31 0.638281 0.209375 0.073438 0.071875
8 0.715625 0.210156 0.050000 0.073438
10 0.790625 0.213281 0.075000 0.079687
19 0.875781 0.215625 0.070312 0.084375
8 0.076563 0.328906 0.053125 0.073438
36 0.164062 0.328906 0.081250 0.073438
31 0.260156 0.329688 0.076563 0.075000
18 0.353906 0.330469 0.076563 0.076563
16 0.446094 0.329688 0.070312 0.075000
10 0.535937 0.333594 0.075000 0.082812
37 0.631250 0.330469 0.071875 0.076563
16 0.716406 0.328125 0.067187 0.071875
35 0.808594 0.332031 0.092188 0.079687
7 0.900781 0.329688 0.076563 0.075000
0 0.085156 0.444531 0.070312 0.076563
23 0.167969 0.442188 0.073438 0.071875
13 0.256250 0.444531 0.078125 0.076563
