23 0.088281 0.087500 0.076563 0.075000
18 0.180469 0.088281 0.076563 0.076563
10 0.276562 0.089844 0.071875 0.079687
5 0.362500 0.085938 0.081250 0.071875
9 0.443750 0.085938 0.065625 0.071875
6 0.535937 0.089063 0.084375 0.078125
1 0.625781 0.089063 0.079687 0.078125
5 0.726562 0.087500 0.084375 0.075000
33 0.815625 0.089844 0.075000 0.079687
2 0.897656 0.085938 0.070312 0.071875
30 0.082812 0.196875 0.065625 0.071875
0 0.160156 0.199219 0.070312 0.076563
18 0.239844 0.197656 0.073438 0.073438
8 0.318750 0.199219 0.053125 0.076563
11 0.396875 0.199219 0.068750 0.076563
5 0.482812 0.198437 0.084375 0.075000
10 0.571875 0.202344 0.078125 0.082812
8 0.648438 0.197656 0.050000 0.073438
5 0.723437 0.196875 0.081250 0.071875
28 0.822656 0.206250 0.089063 0.090625
11 0.085938 0.322656 0.071875 0.079687
22 0.176563 0.321094 0.084375 0.076563
35 0.285156 0.319531 0.089063 0.073438
17 0.379688 0.321094 0.071875 0.076563
27 0.474219 0.324219 0.085938 0.082812
8 0.551562 0.319531 0.050000 0.073438
34 0.625000 0.325781 0.078125 0.085938
14 0.719531 0.319531 0.070312 0.073438
30 0.807813 0.318750 0.068750 0.071875
36 0.898438 0.319531 0.081250 0.073438
