8 0.075000 0.086719 0.050000 0.073438
4 0.157031 0.089844 0.070312 0.079687
21 0.242969 0.086719 0.076563 0.073438
15 0.332031 0.094531 0.067187 0.089063
37 0.414062 0.086719 0.068750 0.073438
37 0.496875 0.088281 0.071875 0.076563
37 0.590625 0.086719 0.071875 0.073438
8 0.665625 0.086719 0.050000 0.073438
32 0.732031 0.086719 0.067187 0.073438
36 0.817187 0.086719 0.081250 0.073438
27 0.091406 0.210156 0.082812 0.079687
27 0.192969 0.211719 0.085938 0.082812
37 0.281250 0.208594 0.071875 0.076563
16 0.363281 0.207813 0.070312 0.075000
2 0.447656 0.206250 0.067187 0.071875
31 0.527344 0.207813 0.076563 0.075000
15 0.621094 0.214844 0.070312 0.089063
0 0.710156 0.207031 0.067187 0.073438
30 0.784375 0.206250 0.065625 0.071875
4 0.867969 0.208594 0.067187 0.076563
22 0.092188 0.328906 0.084375 0.076563
3 0.185156 0.328906 0.070312 0.076563
7 0.269531 0.326562 0.073438 0.071875
29 0.340625 0.332813 0.053125 0.084375
33 0.417187 0.328906 0.071875 0.076563
28 0.507031 0.334375 0.082812 0.087500
33 0.595313 0.330469 0.075000 0.079687
34 0.681250 0.332031 0.075000 0.082812
17 0.767188 0.328906 0.071875 0.076563
