5 0.090625 0.085938 0.081250 0.071875
29 0.171875 0.092188 0.050000 0.084375
24 0.246875 0.085938 0.081250 0.071875
28 0.338281 0.093750 0.082812 0.087500
25 0.434375 0.087500 0.075000 0.075000
7 0.527344 0.087500 0.076563 0.075000
33 0.609375 0.088281 0.071875 0.076563
13 0.693750 0.088281 0.078125 0.076563
30 0.778125 0.087500 0.068750 0.075000
35 0.867969 0.086719 0.089063 0.073438
22 0.090625 0.205469 0.081250 0.073438
20 0.179688 0.212500 0.071875 0.087500
17 0.260937 0.205469 0.071875 0.073438
25 0.343750 0.206250 0.075000 0.075000
27 0.438281 0.208594 0.082812 0.079687
12 0.528125 0.206250 0.081250 0.075000
22 0.626563 0.205469 0.081250 0.073438
6 0.723437 0.204687 0.081250 0.071875
21 0.817969 0.207031 0.079687 0.076563
33 0.910937 0.207031 0.071875 0.076563
30 0.084375 0.325000 0.068750 0.075000
24 0.170313 0.325000 0.084375 0.075000
0 0.266406 0.324219 0.067187 0.073438
0 0.353906 0.324219 0.067187 0.073438
9 0.432812 0.325000 0.068750 0.075000
22 0.525000 0.325781 0.081250 0.076563
28 0.619531 0.332813 0.085938 0.090625
7 0.710156 0.323437 0.073438 0.071875
19 0.799219 0.329688 0.070312 0.084375
0 0.885156 0.325781 0.070312 0.076563
23 0.088281 0.446875 0.076563 0.075000
