3 0.083594 0.088281 0.067187 0.076563
15 0.163281 0.094531 0.067187 0.089063
28 0.257031 0.093750 0.085938 0.087500
34 0.353125 0.092969 0.081250 0.085938
13 0.442188 0.088281 0.078125 0.076563
13 0.529687 0.088281 0.078125 0.076563
25 0.612500 0.085938 0.071875 0.071875
27 0.708594 0.089844 0.082812 0.079687
20 0.793750 0.092188 0.068750 0.084375
15 0.871094 0.096094 0.070312 0.092188
19 0.085156 0.215625 0.070312 0.084375
24 0.178125 0.210938 0.084375 0.075000
15 0.277344 0.219531 0.070312 0.092188
21 0.372656 0.210156 0.076563 0.073438
21 0.457031 0.210156 0.076563 0.073438
28 0.550781 0.218750 0.085938 0.090625
0 0.647656 0.211719 0.070312 0.076563
23 0.727344 0.209375 0.073438 0.071875
37 0.818750 0.211719 0.071875 0.076563
13 0.903125 0.211719 0.078125 0.076563
17 0.084375 0.333594 0.068750 0.073438
3 0.164844 0.335156 0.067187 0.076563
