22 0.092188 0.088281 0.084375 0.076563
33 0.184375 0.088281 0.071875 0.076563
16 0.264844 0.085938 0.067187 0.071875
34 0.350000 0.092969 0.078125 0.085938
29 0.437500 0.092188 0.053125 0.084375
17 0.507812 0.088281 0.071875 0.076563
23 0.599219 0.085938 0.073438 0.071875
19 0.694531 0.093750 0.073438 0.087500
36 0.793750 0.086719 0.081250 0.073438
14 0.882031 0.088281 0.073438 0.076563
5 0.092188 0.206250 0.084375 0.075000
13 0.187500 0.207031 0.078125 0.076563
32 0.278906 0.207031 0.070312 0.076563
35 0.377344 0.205469 0.089063 0.073438
16 0.471094 0.206250 0.070312 0.075000
14 0.563281 0.207031 0.073438 0.076563
0 0.649219 0.207031 0.070312 0.076563
14 0.739844 0.207031 0.073438 0.076563
34 0.828125 0.211719 0.078125 0.085938
3 0.910156 0.208594 0.070312 0.079687
29 0.076563 0.328125 0.053125 0.084375
8 0.151562 0.324219 0.053125 0.076563
27 0.239844 0.327344 0.085938 0.082812
32 0.336719 0.322656 0.067187 0.073438
15 0.417969 0.330469 0.067187 0.089063
34 0.506250 0.327344 0.075000 0.082812
18 0.602344 0.324219 0.076563 0.076563
25 0.695312 0.323437 0.075000 0.075000
