1 0.089844 0.089063 0.079687 0.078125
2 0.175781 0.085938 0.067187 0.071875
24 0.268750 0.085938 0.081250 0.071875
9 0.357812 0.087500 0.068750 0.075000
7 0.442969 0.087500 0.076563 0.075000
37 0.531250 0.086719 0.068750 0.073438
14 0.613281 0.086719 0.073438 0.073438
35 0.713281 0.088281 0.092188 0.076563
20 0.803125 0.092188 0.068750 0.084375
18 0.892969 0.086719 0.073438 0.073438
31 0.086719 0.201563 0.073438 0.071875
16 0.178906 0.201563 0.067187 0.071875
25 0.267188 0.203125 0.075000 0.075000
15 0.352344 0.210156 0.067187 0.089063
37 0.434375 0.202344 0.068750 0.073438
37 0.517188 0.202344 0.068750 0.073438
28 0.603906 0.209375 0.082812 0.087500
27 0.705469 0.207031 0.085938 0.082812
33 0.806250 0.203906 0.071875 0.076563
35 0.899219 0.202344 0.089063 0.073438
5 0.092188 0.325000 0.084375 0.078125
29 0.181250 0.329688 0.053125 0.087500
33 0.254688 0.324219 0.071875 0.076563
30 0.337500 0.323437 0.068750 0.075000
32 0.414844 0.322656 0.070312 0.073438
15 0.505469 0.332031 0.070312 0.092188
1 0.592969 0.326562 0.082812 0.081250
8 0.679688 0.324219 0.053125 0.076563
25 0.751563 0.323437 0.075000 0.075000
16 0.844531 0.321875 0.067187 0.071875
