31 0.086719 0.085938 0.073438 0.071875
27 0.183594 0.091406 0.082812 0.082812
17 0.275000 0.086719 0.068750 0.073438
3 0.357031 0.089844 0.070312 0.079687
6 0.451562 0.087500 0.084375 0.075000
30 0.542188 0.087500 0.068750 0.075000
21 0.636719 0.086719 0.076563 0.073438
1 0.738281 0.090625 0.082812 0.081250
10 0.834375 0.091406 0.075000 0.082812
7 0.086719 0.200000 0.073438 0.071875
36 0.181250 0.200781 0.081250 0.073438
23 0.271094 0.200000 0.073438 0.071875
27 0.367969 0.203906 0.082812 0.079687
31 0.453906 0.200000 0.073438 0.071875
23 0.536719 0.201563 0.076563 0.075000
37 0.625000 0.200781 0.068750 0.073438
13 0.704688 0.200781 0.075000 0.073438
28 0.803906 0.207813 0.082812 0.087500
31 0.896094 0.200000 0.073438 0.071875
28 0.091406 0.326562 0.082812 0.087500
3 0.175781 0.321094 0.070312 0.076563
11 0.259375 0.321094 0.068750 0.076563
32 0.338281 0.321094 0.070312 0.076563
8 0.415625 0.319531 0.050000 0.073438
16 0.494531 0.318750 0.067187 0.071875
9 0.570312 0.320312 0.068750 0.075000
