19 0.085156 0.092188 0.070312 0.084375
31 0.174219 0.087500 0.076563 0.075000
9 0.256250 0.087500 0.068750 0.075000
24 0.346875 0.085938 0.081250 0.071875
14 0.435156 0.086719 0.070312 0.073438
23 0.516406 0.087500 0.076563 0.075000
27 0.607031 0.091406 0.085938 0.082812
9 0.693750 0.085938 0.065625 0.071875
37 0.776563 0.086719 0.068750 0.073438
14 0.864844 0.086719 0.070312 0.073438
15 0.085156 0.211719 0.070312 0.092188
2 0.175781 0.203125 0.070312 0.075000
6 0.270313 0.201563 0.081250 0.071875
2 0.366406 0.201563 0.067187 0.071875
25 0.448437 0.203125 0.075000 0.075000
20 0.540625 0.207813 0.068750 0.084375
21 0.635156 0.202344 0.076563 0.073438
28 0.728906 0.209375 0.082812 0.087500
6 0.832812 0.201563 0.081250 0.071875
29 0.918750 0.207813 0.053125 0.084375
