29 0.076563 0.092188 0.053125 0.084375
11 0.157812 0.088281 0.068750 0.076563
34 0.245312 0.091406 0.078125 0.082812
26 0.344531 0.086719 0.082812 0.073438
36 0.440625 0.086719 0.081250 0.073438
13 0.529687 0.086719 0.075000 0.073438
15 0.611719 0.096094 0.070312 0.092188
5 0.709375 0.087500 0.084375 0.075000
35 0.813281 0.086719 0.089063 0.073438
20 0.904687 0.093750 0.071875 0.087500
27 0.092969 0.214844 0.085938 0.082812
19 0.189844 0.215625 0.070312 0.084375
31 0.275781 0.209375 0.073438 0.071875
20 0.365625 0.215625 0.068750 0.084375
32 0.444531 0.210156 0.067187 0.073438
16 0.522656 0.210938 0.070312 0.075000
34 0.617188 0.216406 0.078125 0.085938
9 0.698438 0.209375 0.065625 0.071875
28 0.791406 0.218750 0.085938 0.090625
12 0.882812 0.210938 0.081250 0.075000
8 0.076563 0.333594 0.053125 0.076563
19 0.146094 0.337500 0.070312 0.084375
0 0.225781 0.332031 0.067187 0.073438
28 0.316406 0.340625 0.085938 0.090625
3 0.400781 0.333594 0.067187 0.076563
