14 0.086719 0.088281 0.073438 0.076563
32 0.175781 0.086719 0.067187 0.073438
17 0.257812 0.086719 0.068750 0.073438
9 0.345313 0.085938 0.065625 0.071875
29 0.417187 0.093750 0.056250 0.087500
14 0.499219 0.088281 0.073438 0.076563
22 0.584375 0.086719 0.081250 0.073438
3 0.671094 0.088281 0.067187 0.076563
35 0.769531 0.086719 0.089063 0.073438
12 0.864062 0.087500 0.081250 0.075000
6 0.090625 0.204687 0.081250 0.071875
1 0.192969 0.207813 0.079687 0.078125
12 0.289062 0.206250 0.081250 0.075000
4 0.372656 0.208594 0.070312 0.079687
18 0.457031 0.205469 0.073438 0.073438
28 0.550781 0.212500 0.082812 0.087500
7 0.641406 0.204687 0.073438 0.071875
4 0.730469 0.207031 0.067187 0.076563
11 0.817187 0.208594 0.071875 0.079687
27 0.091406 0.327344 0.082812 0.079687
16 0.177344 0.323437 0.070312 0.071875
10 0.270313 0.327344 0.071875 0.079687
17 0.351562 0.325781 0.071875 0.076563
22 0.440625 0.324219 0.081250 0.073438
30 0.525000 0.323437 0.065625 0.071875
20 0.600000 0.329688 0.068750 0.084375
7 0.694531 0.325000 0.076563 0.075000
12 0.781250 0.323437 0.078125 0.071875
5 0.875000 0.323437 0.081250 0.071875
16 0.083594 0.439063 0.067187 0.071875
31 0.164844 0.439063 0.073438 0.071875
31 0.252344 0.440625 0.076563 0.075000
36 0.346875 0.439844 0.081250 0.073438
37 0.439063 0.439844 0.068750 0.073438
