1 0.091406 0.090625 0.082812 0.081250
34 0.179688 0.092969 0.078125 0.085938
26 0.283594 0.088281 0.085938 0.076563
15 0.367969 0.094531 0.067187 0.089063
1 0.450781 0.090625 0.082812 0.081250
29 0.529687 0.092188 0.053125 0.084375
2 0.597656 0.085938 0.067187 0.071875
8 0.671875 0.086719 0.053125 0.073438
18 0.749219 0.088281 0.076563 0.076563
29 0.831250 0.092188 0.053125 0.084375
28 0.092969 0.215625 0.085938 0.090625
29 0.176563 0.212500 0.050000 0.084375
3 0.247656 0.210156 0.070312 0.079687
33 0.328125 0.208594 0.071875 0.076563
17 0.414062 0.208594 0.071875 0.076563
3 0.502344 0.210156 0.070312 0.079687
17 0.595313 0.208594 0.071875 0.076563
24 0.682813 0.206250 0.081250 0.071875
30 0.778125 0.206250 0.065625 0.071875
25 0.859375 0.206250 0.071875 0.071875
15 0.083594 0.336719 0.067187 0.089063
18 0.166406 0.328906 0.073438 0.073438
7 0.253906 0.328125 0.073438 0.071875
26 0.355469 0.330469 0.085938 0.076563
15 0.452344 0.336719 0.067187 0.089063
11 0.534375 0.330469 0.068750 0.076563
14 0.613281 0.328906 0.070312 0.073438
19 0.692969 0.335938 0.073438 0.087500
26 0.789844 0.328906 0.082812 0.073438
20 0.882812 0.335938 0.071875 0.087500
