22 0.090625 0.086719 0.081250 0.073438
23 0.186719 0.087500 0.076563 0.075000
7 0.272656 0.087500 0.076563 0.075000
0 0.361719 0.088281 0.070312 0.076563
0 0.449219 0.088281 0.070312 0.076563
28 0.549219 0.095312 0.089063 0.090625
32 0.649219 0.088281 0.070312 0.076563
29 0.728125 0.093750 0.056250 0.087500
25 0.809375 0.085938 0.071875 0.071875
22 0.893750 0.086719 0.081250 0.073438
4 0.083594 0.210156 0.067187 0.076563
13 0.170313 0.210156 0.078125 0.076563
29 0.245312 0.214062 0.053125 0.084375
3 0.317969 0.211719 0.070312 0.079687
20 0.395313 0.214062 0.068750 0.084375
37 0.478125 0.208594 0.071875 0.073438
24 0.564063 0.209375 0.084375 0.075000
35 0.663281 0.208594 0.089063 0.073438
4 0.761719 0.211719 0.070312 0.079687
4 0.839844 0.211719 0.070312 0.079687
11 0.085938 0.325781 0.071875 0.076563
29 0.168750 0.331250 0.056250 0.087500
18 0.250781 0.325781 0.076563 0.076563
29 0.337500 0.331250 0.056250 0.087500
11 0.423438 0.325781 0.071875 0.076563
