31 0.088281 0.087500 0.076563 0.075000
5 0.181250 0.085938 0.081250 0.071875
10 0.267188 0.091406 0.075000 0.082812
8 0.339062 0.086719 0.053125 0.073438
15 0.419531 0.094531 0.070312 0.089063
6 0.509375 0.087500 0.084375 0.075000
5 0.606250 0.085938 0.081250 0.071875
34 0.693750 0.091406 0.075000 0.082812
24 0.792188 0.085938 0.081250 0.071875
8 0.870313 0.086719 0.053125 0.073438
37 0.085938 0.208594 0.071875 0.076563
5 0.182812 0.206250 0.081250 0.071875
23 0.278906 0.206250 0.073438 0.071875
1 0.375781 0.209375 0.079687 0.078125
17 0.460938 0.208594 0.071875 0.076563
9 0.543750 0.206250 0.065625 0.071875
20 0.629687 0.212500 0.068750 0.084375
6 0.725000 0.206250 0.081250 0.071875
10 0.818750 0.211719 0.075000 0.082812
35 0.096094 0.325781 0.092188 0.079687
9 0.196875 0.321875 0.065625 0.071875
31 0.283594 0.321875 0.073438 0.071875
3 0.367969 0.325781 0.070312 0.079687
25 0.453125 0.323437 0.075000 0.075000
15 0.542969 0.330469 0.070312 0.089063
