10 0.085938 0.089844 0.071875 0.079687
7 0.180469 0.085938 0.073438 0.071875
21 0.263281 0.086719 0.076563 0.073438
27 0.361719 0.091406 0.085938 0.082812
27 0.469531 0.091406 0.085938 0.082812
37 0.560937 0.088281 0.071875 0.076563
2 0.644531 0.087500 0.070312 0.075000
5 0.735938 0.085938 0.081250 0.071875
14 0.830469 0.088281 0.073438 0.076563
14 0.086719 0.202344 0.073438 0.076563
34 0.181250 0.207031 0.078125 0.085938
18 0.278906 0.202344 0.076563 0.076563
26 0.382031 0.203906 0.085938 0.079687
17 0.476562 0.202344 0.071875 0.076563
28 0.564844 0.207813 0.082812 0.087500
15 0.660156 0.210156 0.070312 0.092188
2 0.742969 0.200000 0.067187 0.071875
29 0.820312 0.206250 0.053125 0.084375
8 0.895312 0.200781 0.053125 0.073438
26 0.091406 0.324219 0.082812 0.073438
2 0.177344 0.323437 0.067187 0.071875
2 0.252344 0.323437 0.067187 0.071875
1 0.342969 0.326562 0.079687 0.078125
