7 0.088281 0.087500 0.076563 0.075000
13 0.173437 0.088281 0.078125 0.076563
36 0.264062 0.086719 0.081250 0.073438
36 0.353125 0.088281 0.081250 0.076563
2 0.436719 0.085938 0.067187 0.071875
11 0.526563 0.089844 0.071875 0.079687
22 0.625000 0.088281 0.084375 0.076563
30 0.720313 0.085938 0.065625 0.071875
16 0.807031 0.085938 0.067187 0.071875
8 0.885938 0.086719 0.053125 0.073438
11 0.084375 0.199219 0.068750 0.076563
4 0.167969 0.199219 0.067187 0.076563
3 0.255469 0.199219 0.067187 0.076563
26 0.339844 0.199219 0.085938 0.076563
17 0.428125 0.199219 0.071875 0.076563
11 0.515625 0.199219 0.068750 0.076563
32 0.600781 0.197656 0.067187 0.073438
12 0.690625 0.196875 0.078125 0.071875
3 0.786719 0.199219 0.070312 0.076563
3 0.875781 0.199219 0.070312 0.076563
32 0.085156 0.307031 0.070312 0.076563
32 0.166406 0.307031 0.070312 0.076563
29 0.245312 0.312500 0.056250 0.087500
24 0.331250 0.306250 0.084375 0.075000
24 0.421875 0.306250 0.081250 0.075000
