19 0.086719 0.093750 0.073438 0.087500
30 0.178125 0.085938 0.065625 0.071875
36 0.271875 0.086719 0.081250 0.073438
21 0.363281 0.086719 0.076563 0.073438
10 0.450000 0.089844 0.071875 0.079687
13 0.531250 0.086719 0.075000 0.073438
22 0.629687 0.086719 0.081250 0.073438
9 0.715625 0.085938 0.068750 0.071875
6 0.806250 0.087500 0.084375 0.075000
24 0.898438 0.087500 0.084375 0.075000
1 0.089844 0.207813 0.079687 0.078125
1 0.191406 0.207813 0.079687 0.078125
23 0.291406 0.206250 0.076563 0.075000
1 0.391406 0.207813 0.079687 0.078125
9 0.475000 0.204687 0.068750 0.071875
33 0.560937 0.207031 0.071875 0.076563
13 0.645312 0.207031 0.078125 0.076563
7 0.732031 0.206250 0.076563 0.075000
22 0.832812 0.205469 0.081250 0.073438
29 0.921875 0.210938 0.053125 0.084375
19 0.086719 0.326562 0.073438 0.084375
