18 0.088281 0.088281 0.076563 0.076563
18 0.180469 0.088281 0.076563 0.076563
21 0.272656 0.088281 0.079687 0.076563
22 0.368750 0.088281 0.084375 0.076563
24 0.460938 0.085938 0.081250 0.071875
10 0.556250 0.091406 0.075000 0.082812
28 0.652344 0.093750 0.082812 0.087500
22 0.756250 0.088281 0.084375 0.076563
30 0.840625 0.087500 0.068750 0.075000
7 0.088281 0.206250 0.076563 0.075000
14 0.171094 0.207031 0.073438 0.076563
13 0.264062 0.207031 0.078125 0.076563
16 0.357031 0.206250 0.070312 0.075000
24 0.454688 0.204687 0.081250 0.071875
7 0.542969 0.206250 0.076563 0.075000
21 0.632031 0.205469 0.076563 0.073438
17 0.721875 0.205469 0.068750 0.073438
3 0.811719 0.207031 0.067187 0.076563
33 0.890625 0.207031 0.075000 0.076563
13 0.089063 0.314844 0.078125 0.076563
16 0.182031 0.312500 0.067187 0.071875
29 0.254688 0.320312 0.056250 0.087500
34 0.334375 0.319531 0.078125 0.085938
12 0.431250 0.314063 0.078125 0.075000
25 0.518750 0.314063 0.075000 0.075000
31 0.603906 0.312500 0.073438 0.071875
15 0.682031 0.321094 0.067187 0.089063
5 0.778125 0.314063 0.084375 0.075000
