16 0.085156 0.087500 0.070312 0.075000
2 0.164844 0.085938 0.067187 0.071875
26 0.261719 0.088281 0.085938 0.076563
36 0.364063 0.086719 0.081250 0.073438
32 0.453906 0.088281 0.070312 0.076563
22 0.548438 0.086719 0.081250 0.073438
5 0.642188 0.087500 0.084375 0.075000
16 0.736719 0.087500 0.070312 0.075000
16 0.824219 0.085938 0.067187 0.071875
14 0.908594 0.086719 0.070312 0.073438
7 0.088281 0.195312 0.076563 0.075000
29 0.173437 0.200000 0.053125 0.084375
22 0.251563 0.196094 0.084375 0.076563
13 0.343750 0.196094 0.078125 0.076563
34 0.428125 0.199219 0.075000 0.082812
33 0.521875 0.197656 0.075000 0.079687
26 0.614844 0.197656 0.085938 0.079687
35 0.711719 0.196094 0.089063 0.076563
7 0.807031 0.195312 0.076563 0.075000
2 0.892969 0.193750 0.067187 0.071875
25 0.085938 0.309375 0.071875 0.071875
5 0.184375 0.310937 0.084375 0.075000
17 0.279687 0.310156 0.068750 0.073438
11 0.367188 0.311719 0.068750 0.076563
4 0.444531 0.313281 0.070312 0.079687
22 0.531250 0.311719 0.084375 0.076563
29 0.609375 0.315625 0.053125 0.084375
9 0.684375 0.310937 0.068750 0.075000
19 0.769531 0.315625 0.070312 0.084375
30 0.854688 0.310937 0.068750 0.075000
22 0.092188 0.428906 0.084375 0.079687
0 0.180469 0.427344 0.070312 0.076563
29 0.259375 0.431250 0.050000 0.084375
