2 0.085156 0.087500 0.070312 0.075000
30 0.171875 0.085938 0.065625 0.071875
37 0.256250 0.086719 0.068750 0.073438
25 0.346875 0.085938 0.071875 0.071875
20 0.426563 0.092188 0.068750 0.084375
7 0.519531 0.085938 0.073438 0.071875
37 0.614062 0.088281 0.071875 0.076563
17 0.692187 0.086719 0.068750 0.073438
34 0.781250 0.092969 0.078125 0.085938
22 0.881250 0.086719 0.081250 0.073438
2 0.083594 0.203125 0.067187 0.071875
35 0.177344 0.203906 0.089063 0.073438
28 0.283594 0.212500 0.085938 0.090625
34 0.381250 0.210156 0.078125 0.085938
0 0.464844 0.205469 0.070312 0.076563
7 0.552344 0.204687 0.076563 0.075000
10 0.646875 0.207031 0.071875 0.079687
37 0.729688 0.205469 0.071875 0.076563
19 0.819531 0.209375 0.070312 0.084375
32 0.910156 0.203906 0.067187 0.073438
13 0.089063 0.327344 0.078125 0.076563
15 0.185156 0.333594 0.070312 0.089063
1 0.282031 0.329688 0.082812 0.081250
17 0.370312 0.325781 0.068750 0.073438
24 0.460938 0.325000 0.081250 0.071875
9 0.548438 0.326562 0.068750 0.075000
33 0.628125 0.327344 0.071875 0.076563
34 0.715625 0.330469 0.078125 0.082812
25 0.807813 0.326562 0.075000 0.075000
24 0.906250 0.326562 0.084375 0.075000
