31 0.088281 0.087500 0.076563 0.075000
5 0.185938 0.087500 0.084375 0.075000
9 0.275000 0.085938 0.068750 0.071875
37 0.357812 0.086719 0.068750 0.073438
20 0.446875 0.093750 0.071875 0.087500
20 0.535937 0.092188 0.068750 0.084375
29 0.612500 0.092188 0.050000 0.084375
8 0.678125 0.086719 0.050000 0.073438
3 0.757031 0.089844 0.070312 0.079687
31 0.842969 0.085938 0.073438 0.071875
36 0.090625 0.205469 0.081250 0.073438
11 0.189062 0.207031 0.071875 0.076563
12 0.278125 0.204687 0.078125 0.071875
33 0.367188 0.208594 0.075000 0.079687
16 0.455469 0.206250 0.070312 0.075000
28 0.549219 0.214062 0.085938 0.090625
30 0.637500 0.204687 0.065625 0.071875
4 0.727344 0.208594 0.070312 0.079687
6 0.818750 0.204687 0.081250 0.071875
35 0.094531 0.327344 0.089063 0.073438
28 0.188281 0.334375 0.082812 0.087500
15 0.280469 0.336719 0.070312 0.092188
2 0.366406 0.326562 0.067187 0.071875
7 0.449219 0.326562 0.073438 0.071875
14 0.536719 0.327344 0.070312 0.073438
1 0.632031 0.329688 0.079687 0.078125
