19 0.085156 0.092188 0.070312 0.084375
28 0.185156 0.095312 0.089063 0.090625
24 0.284375 0.087500 0.084375 0.075000
22 0.379688 0.088281 0.084375 0.076563
8 0.457813 0.088281 0.053125 0.076563
6 0.535937 0.087500 0.081250 0.075000
10 0.625000 0.091406 0.075000 0.082812
31 0.711719 0.085938 0.073438 0.071875
11 0.796875 0.089844 0.071875 0.079687
29 0.867188 0.092188 0.050000 0.084375
33 0.087500 0.211719 0.075000 0.079687
20 0.173437 0.215625 0.075000 0.087500
35 0.271094 0.208594 0.089063 0.073438
20 0.362500 0.214062 0.068750 0.084375
0 0.446094 0.210156 0.070312 0.076563
2 0.533594 0.207813 0.067187 0.071875
16 0.613281 0.209375 0.070312 0.075000
29 0.690625 0.214062 0.053125 0.084375
27 0.778906 0.211719 0.082812 0.079687
28 0.886719 0.218750 0.089063 0.093750
3 0.085156 0.335156 0.070312 0.076563
2 0.172656 0.334375 0.070312 0.075000
30 0.248438 0.332813 0.065625 0.071875
