15 0.083594 0.094531 0.067187 0.089063
17 0.160938 0.088281 0.071875 0.076563
37 0.240625 0.088281 0.071875 0.076563
31 0.321094 0.085938 0.073438 0.071875
16 0.400781 0.085938 0.067187 0.071875
1 0.485156 0.089063 0.079687 0.078125
23 0.580469 0.085938 0.073438 0.071875
17 0.662500 0.088281 0.071875 0.076563
27 0.749219 0.089844 0.082812 0.079687
13 0.850000 0.086719 0.075000 0.073438
37 0.085938 0.208594 0.071875 0.076563
33 0.179688 0.208594 0.071875 0.076563
35 0.282031 0.207031 0.089063 0.073438
1 0.375781 0.210938 0.082812 0.081250
36 0.476562 0.207031 0.081250 0.073438
36 0.571875 0.207031 0.081250 0.073438
18 0.671094 0.207031 0.073438 0.073438
32 0.758594 0.207031 0.067187 0.073438
16 0.841406 0.207813 0.070312 0.075000
23 0.086719 0.318750 0.073438 0.071875
17 0.167187 0.319531 0.068750 0.073438
19 0.247656 0.325000 0.073438 0.084375
4 0.325781 0.321094 0.067187 0.076563
14 0.408594 0.321094 0.073438 0.076563
