35 0.096094 0.089844 0.092188 0.079687
11 0.185938 0.089844 0.071875 0.079687
19 0.277344 0.093750 0.073438 0.087500
17 0.362500 0.086719 0.068750 0.073438
13 0.456250 0.088281 0.078125 0.076563
9 0.540625 0.087500 0.068750 0.075000
5 0.634375 0.087500 0.081250 0.075000
4 0.725781 0.088281 0.067187 0.076563
15 0.814844 0.094531 0.067187 0.089063
19 0.903906 0.092188 0.070312 0.084375
6 0.092188 0.207813 0.084375 0.075000
20 0.185938 0.212500 0.071875 0.084375
7 0.271094 0.207813 0.076563 0.075000
31 0.366406 0.207813 0.076563 0.075000
20 0.460938 0.214062 0.075000 0.087500
13 0.545312 0.208594 0.078125 0.076563
1 0.639844 0.209375 0.079687 0.078125
33 0.731250 0.208594 0.071875 0.076563
31 0.814844 0.206250 0.073438 0.071875
37 0.895312 0.208594 0.071875 0.076563
6 0.092188 0.326562 0.084375 0.075000
6 0.198437 0.326562 0.084375 0.075000
16 0.289844 0.326562 0.070312 0.075000
25 0.379688 0.325000 0.071875 0.071875
9 0.465625 0.325000 0.065625 0.071875
17 0.550000 0.325781 0.068750 0.073438
14 0.641406 0.327344 0.073438 0.076563
31 0.738281 0.326562 0.076563 0.075000
9 0.821875 0.325000 0.065625 0.071875
4 0.902344 0.327344 0.067187 0.076563
