23 0.086719 0.085938 0.073438 0.071875
13 0.176563 0.086719 0.075000 0.073438
0 0.260156 0.086719 0.067187 0.073438
35 0.358594 0.088281 0.092188 0.076563
7 0.461719 0.085938 0.073438 0.071875
4 0.541406 0.089844 0.070312 0.079687
20 0.628125 0.092188 0.068750 0.084375
20 0.706250 0.093750 0.071875 0.087500
28 0.797656 0.095312 0.085938 0.090625
5 0.900000 0.087500 0.084375 0.075000
10 0.085938 0.211719 0.071875 0.079687
19 0.174219 0.214062 0.070312 0.084375
28 0.263281 0.217188 0.085938 0.090625
6 0.362500 0.209375 0.084375 0.075000
32 0.452344 0.210156 0.070312 0.076563
23 0.533594 0.207813 0.073438 0.071875
5 0.626563 0.209375 0.081250 0.075000
5 0.720313 0.209375 0.084375 0.075000
31 0.817969 0.207813 0.073438 0.071875
21 0.088281 0.330469 0.076563 0.073438
4 0.169531 0.332031 0.067187 0.076563
9 0.245312 0.329688 0.065625 0.071875
26 0.341406 0.332031 0.082812 0.076563
12 0.440625 0.329688 0.078125 0.071875
27 0.530469 0.335156 0.085938 0.082812
4 0.621094 0.333594 0.070312 0.079687
12 0.714063 0.329688 0.078125 0.071875
23 0.808594 0.329688 0.073438 0.071875
