8 0.076563 0.086719 0.053125 0.073438
12 0.157812 0.087500 0.081250 0.075000
17 0.254688 0.086719 0.068750 0.073438
10 0.345313 0.089844 0.071875 0.079687
17 0.425000 0.088281 0.071875 0.076563
12 0.521875 0.087500 0.081250 0.075000
27 0.614844 0.091406 0.085938 0.082812
9 0.701562 0.087500 0.068750 0.075000
25 0.782813 0.087500 0.075000 0.075000
17 0.870313 0.088281 0.071875 0.076563
32 0.083594 0.200781 0.067187 0.073438
9 0.159375 0.201563 0.068750 0.075000
6 0.250000 0.203125 0.084375 0.078125
27 0.341406 0.203906 0.082812 0.079687
32 0.428906 0.200781 0.067187 0.073438
11 0.518750 0.202344 0.068750 0.076563
5 0.617188 0.201563 0.084375 0.075000
28 0.714844 0.209375 0.085938 0.090625
3 0.808594 0.202344 0.067187 0.076563
10 0.896875 0.205469 0.075000 0.082812
25 0.085938 0.321875 0.071875 0.071875
29 0.164062 0.328125 0.050000 0.084375
27 0.239844 0.325781 0.082812 0.079687
36 0.345313 0.324219 0.084375 0.076563
5 0.442188 0.323437 0.081250 0.075000
33 0.539062 0.325781 0.075000 0.079687
33 0.621875 0.324219 0.071875 0.076563
15 0.713281 0.332031 0.073438 0.092188
3 0.797656 0.324219 0.067187 0.076563
20 0.885938 0.329688 0.071875 0.087500
23 0.088281 0.446875 0.076563 0.075000
