5 0.092188 0.089063 0.084375 0.078125
35 0.188281 0.086719 0.089063 0.073438
7 0.277344 0.085938 0.073438 0.071875
37 0.359375 0.088281 0.071875 0.076563
34 0.450000 0.092969 0.078125 0.085938
14 0.539844 0.088281 0.073438 0.076563
22 0.631250 0.088281 0.084375 0.076563
34 0.725000 0.092969 0.078125 0.085938
35 0.817969 0.088281 0.089063 0.076563
9 0.904687 0.085938 0.065625 0.071875
13 0.087500 0.203906 0.075000 0.073438
11 0.178125 0.207031 0.071875 0.079687
17 0.259375 0.203906 0.068750 0.073438
7 0.350781 0.203125 0.073438 0.071875
31 0.432031 0.203125 0.073438 0.071875
4 0.521094 0.207031 0.070312 0.079687
11 0.603125 0.205469 0.068750 0.076563
5 0.692187 0.204687 0.084375 0.075000
0 0.778906 0.205469 0.070312 0.076563
30 0.868750 0.204687 0.068750 0.075000
34 0.089063 0.321094 0.078125 0.085938
33 0.175000 0.317969 0.075000 0.079687
17 0.257812 0.314844 0.068750 0.073438
