11 0.084375 0.088281 0.068750 0.076563
31 0.169531 0.087500 0.076563 0.075000
7 0.260156 0.085938 0.073438 0.071875
25 0.340625 0.085938 0.071875 0.071875
13 0.425000 0.088281 0.078125 0.076563
3 0.514844 0.088281 0.070312 0.076563
36 0.604688 0.088281 0.081250 0.076563
26 0.707031 0.088281 0.085938 0.076563
19 0.803906 0.092188 0.070312 0.084375
0 0.891406 0.086719 0.067187 0.073438
36 0.092188 0.203906 0.084375 0.076563
5 0.198437 0.203125 0.084375 0.075000
31 0.285156 0.201563 0.073438 0.071875
36 0.373437 0.203906 0.081250 0.076563
30 0.465625 0.201563 0.065625 0.071875
19 0.557031 0.209375 0.073438 0.087500
32 0.646094 0.202344 0.067187 0.073438
4 0.722656 0.203906 0.067187 0.076563
24 0.809375 0.203125 0.084375 0.075000
25 0.898438 0.201563 0.071875 0.071875
1 0.091406 0.325000 0.082812 0.081250
33 0.182812 0.322656 0.071875 0.076563
2 0.271094 0.321875 0.070312 0.075000
6 0.357812 0.321875 0.081250 0.075000
29 0.445312 0.326562 0.053125 0.084375
17 0.518750 0.322656 0.071875 0.076563
