11 0.085938 0.089844 0.071875 0.079687
26 0.175781 0.086719 0.082812 0.073438
28 0.269531 0.093750 0.082812 0.087500
22 0.360938 0.088281 0.084375 0.076563
33 0.462500 0.089844 0.075000 0.079687
3 0.542969 0.089844 0.070312 0.079687
15 0.632031 0.094531 0.070312 0.089063
8 0.715625 0.088281 0.053125 0.076563
12 0.801562 0.087500 0.081250 0.075000
31 0.900781 0.087500 0.076563 0.075000
32 0.085156 0.208594 0.070312 0.076563
5 0.178125 0.206250 0.081250 0.071875
24 0.275000 0.207813 0.084375 0.075000
12 0.367188 0.207813 0.081250 0.075000
7 0.457031 0.207813 0.076563 0.075000
24 0.546875 0.207813 0.084375 0.075000
35 0.650781 0.210156 0.092188 0.079687
13 0.748437 0.208594 0.078125 0.076563
36 0.848437 0.208594 0.084375 0.076563
7 0.088281 0.318750 0.076563 0.075000
21 0.185156 0.317969 0.076563 0.073438
19 0.277344 0.323437 0.073438 0.084375
27 0.377344 0.322656 0.085938 0.082812
32 0.469531 0.317969 0.067187 0.073438
23 0.553906 0.318750 0.076563 0.075000
10 0.651563 0.322656 0.075000 0.082812
21 0.736719 0.317969 0.076563 0.073438
25 0.829688 0.317188 0.071875 0.071875
20 0.085938 0.440625 0.071875 0.087500
3 0.174219 0.435156 0.067187 0.076563
11 0.251563 0.436719 0.071875 0.079687
32 0.336719 0.433594 0.067187 0.073438
