11 0.084375 0.088281 0.068750 0.076563
3 0.174219 0.089844 0.070312 0.079687
23 0.267969 0.085938 0.073438 0.071875
36 0.368750 0.088281 0.084375 0.076563
23 0.457031 0.087500 0.076563 0.075000
1 0.553906 0.089063 0.079687 0.078125
30 0.643750 0.085938 0.065625 0.071875
18 0.733594 0.088281 0.076563 0.076563
10 0.829688 0.091406 0.075000 0.082812
9 0.907813 0.085938 0.065625 0.071875
16 0.085156 0.201563 0.070312 0.075000
36 0.182812 0.202344 0.084375 0.076563
32 0.271094 0.200781 0.070312 0.073438
33 0.354687 0.202344 0.071875 0.076563
26 0.450781 0.200781 0.082812 0.073438
19 0.541406 0.206250 0.070312 0.084375
4 0.627344 0.202344 0.067187 0.076563
29 0.698438 0.206250 0.050000 0.084375
11 0.776563 0.203906 0.071875 0.079687
35 0.871094 0.202344 0.092188 0.076563
13 0.087500 0.316406 0.075000 0.073438
8 0.168750 0.316406 0.050000 0.073438
25 0.250000 0.317188 0.075000 0.075000
24 0.345313 0.315625 0.081250 0.071875
8 0.431250 0.316406 0.050000 0.073438
24 0.506250 0.317188 0.084375 0.075000
35 0.608594 0.317969 0.089063 0.076563
1 0.714844 0.320312 0.082812 0.081250
0 0.811719 0.316406 0.067187 0.073438
9 0.900000 0.315625 0.065625 0.071875
10 0.087500 0.433594 0.075000 0.082812
37 0.175000 0.430469 0.071875 0.076563
29 0.251563 0.434375 0.053125 0.084375
