16 0.085156 0.087500 0.070312 0.075000
33 0.176563 0.088281 0.071875 0.076563
7 0.266406 0.087500 0.076563 0.075000
13 0.362500 0.086719 0.075000 0.073438
16 0.447656 0.085938 0.067187 0.071875
8 0.515625 0.086719 0.053125 0.073438
10 0.593750 0.089844 0.071875 0.079687
16 0.672656 0.085938 0.067187 0.071875
5 0.759375 0.085938 0.081250 0.071875
1 0.853906 0.089063 0.079687 0.078125
35 0.094531 0.197656 0.089063 0.073438
36 0.190625 0.197656 0.081250 0.073438
19 0.277344 0.203125 0.070312 0.084375
0 0.364844 0.197656 0.067187 0.073438
1 0.457031 0.200000 0.079687 0.078125
9 0.540625 0.198437 0.068750 0.075000
17 0.623437 0.199219 0.071875 0.076563
12 0.714063 0.196875 0.078125 0.071875
25 0.809375 0.196875 0.071875 0.071875
27 0.903906 0.200781 0.082812 0.079687
9 0.084375 0.312500 0.068750 0.071875
6 0.170313 0.314063 0.081250 0.075000
25 0.259375 0.314063 0.075000 0.075000
21 0.357031 0.313281 0.076563 0.073438
5 0.451562 0.312500 0.081250 0.071875
25 0.550000 0.312500 0.071875 0.071875
26 0.641406 0.313281 0.082812 0.073438
5 0.743750 0.314063 0.084375 0.075000
2 0.830469 0.314063 0.070312 0.075000
10 0.909375 0.316406 0.071875 0.079687
3 0.085156 0.425781 0.070312 0.076563
15 0.175781 0.432031 0.070312 0.089063
5 0.273438 0.423438 0.081250 0.071875
24 0.368750 0.425000 0.084375 0.075000
