23 0.086719 0.085938 0.073438 0.071875
12 0.182812 0.085938 0.078125 0.071875
12 0.268750 0.085938 0.078125 0.071875
4 0.363281 0.088281 0.067187 0.076563
5 0.446875 0.087500 0.084375 0.075000
7 0.535156 0.087500 0.076563 0.075000
29 0.607812 0.092188 0.050000 0.084375
12 0.682813 0.085938 0.078125 0.071875
19 0.774219 0.093750 0.073438 0.087500
33 0.862500 0.089844 0.075000 0.079687
3 0.085156 0.208594 0.070312 0.079687
4 0.177344 0.208594 0.070312 0.079687
1 0.266406 0.207813 0.079687 0.078125
7 0.360156 0.206250 0.076563 0.075000
23 0.457031 0.206250 0.076563 0.075000
36 0.556250 0.207031 0.084375 0.076563
10 0.646875 0.208594 0.071875 0.079687
19 0.728906 0.210938 0.070312 0.084375
3 0.808594 0.208594 0.070312 0.079687
29 0.879687 0.210938 0.053125 0.084375
37 0.084375 0.321094 0.068750 0.073438
16 0.163281 0.320312 0.067187 0.071875
7 0.246094 0.320312 0.073438 0.071875
17 0.331250 0.321094 0.068750 0.073438
20 0.409375 0.326562 0.071875 0.084375
9 0.498437 0.320312 0.068750 0.071875
36 0.592187 0.321094 0.081250 0.073438
31 0.682031 0.320312 0.073438 0.071875
24 0.781250 0.321875 0.084375 0.075000
23 0.877344 0.320312 0.073438 0.071875
8 0.075000 0.436719 0.050000 0.073438
