26 0.092969 0.088281 0.085938 0.076563
19 0.188281 0.093750 0.073438 0.087500
31 0.271094 0.087500 0.076563 0.075000
0 0.353906 0.086719 0.067187 0.073438
7 0.446094 0.085938 0.073438 0.071875
37 0.526563 0.086719 0.068750 0.073438
4 0.605469 0.088281 0.067187 0.076563
11 0.693750 0.089844 0.071875 0.079687
5 0.793750 0.087500 0.084375 0.075000
9 0.878125 0.085938 0.065625 0.071875
34 0.089063 0.211719 0.078125 0.085938
35 0.192969 0.205469 0.089063 0.073438
17 0.295312 0.207031 0.071875 0.076563
19 0.385156 0.212500 0.073438 0.087500
22 0.471875 0.205469 0.081250 0.073438
15 0.566406 0.214844 0.073438 0.092188
34 0.657813 0.210156 0.075000 0.082812
33 0.746875 0.208594 0.075000 0.079687
29 0.821875 0.210938 0.053125 0.084375
36 0.900000 0.205469 0.081250 0.073438
