4 0.083594 0.088281 0.067187 0.076563
14 0.167969 0.088281 0.073438 0.076563
23 0.253906 0.087500 0.076563 0.075000
29 0.334375 0.092188 0.053125 0.084375
31 0.421094 0.087500 0.076563 0.075000
16 0.514844 0.087500 0.070312 0.075000
7 0.603906 0.087500 0.076563 0.075000
5 0.698438 0.087500 0.084375 0.075000
14 0.796094 0.088281 0.073438 0.076563
19 0.878906 0.093750 0.073438 0.087500
10 0.085938 0.208594 0.071875 0.079687
7 0.171094 0.204687 0.073438 0.071875
13 0.260937 0.207031 0.078125 0.076563
1 0.360156 0.207813 0.079687 0.078125
24 0.459375 0.206250 0.084375 0.075000
32 0.549219 0.205469 0.067187 0.073438
5 0.640625 0.206250 0.084375 0.075000
8 0.717187 0.205469 0.053125 0.073438
16 0.786719 0.204687 0.067187 0.071875
33 0.878125 0.207031 0.071875 0.076563
35 0.094531 0.316406 0.089063 0.073438
21 0.189844 0.316406 0.076563 0.073438
32 0.282031 0.316406 0.067187 0.073438
