8 0.076563 0.086719 0.053125 0.073438
2 0.157031 0.087500 0.070312 0.075000
11 0.243750 0.089844 0.071875 0.079687
21 0.328906 0.088281 0.079687 0.076563
15 0.413281 0.094531 0.067187 0.089063
15 0.492969 0.096094 0.073438 0.092188
2 0.580469 0.085938 0.067187 0.071875
10 0.671875 0.089844 0.071875 0.079687
17 0.756250 0.088281 0.071875 0.076563
34 0.842187 0.091406 0.075000 0.082812
32 0.083594 0.210156 0.067187 0.073438
29 0.154688 0.215625 0.050000 0.084375
20 0.225000 0.217188 0.071875 0.087500
4 0.305469 0.213281 0.070312 0.079687
28 0.392969 0.218750 0.085938 0.090625
3 0.482031 0.213281 0.070312 0.079687
9 0.559375 0.210938 0.068750 0.075000
37 0.645312 0.210156 0.068750 0.073438
17 0.723437 0.210156 0.068750 0.073438
2 0.813281 0.209375 0.067187 0.071875
13 0.906250 0.211719 0.078125 0.076563
24 0.090625 0.332813 0.081250 0.075000
19 0.177344 0.339062 0.073438 0.087500
16 0.260156 0.332813 0.070312 0.075000
27 0.349219 0.336719 0.085938 0.082812
5 0.453125 0.332813 0.081250 0.075000
23 0.539844 0.331250 0.073438 0.071875
