7 0.088281 0.087500 0.076563 0.075000
15 0.175781 0.096094 0.070312 0.092188
33 0.265625 0.089844 0.075000 0.079687
12 0.364063 0.085938 0.078125 0.071875
37 0.450000 0.088281 0.071875 0.076563
33 0.543750 0.089844 0.075000 0.079687
26 0.644531 0.086719 0.082812 0.073438
33 0.745313 0.089844 0.075000 0.079687
23 0.835156 0.087500 0.076563 0.075000
29 0.920312 0.092188 0.050000 0.084375
28 0.092969 0.218750 0.085938 0.090625
8 0.184375 0.210156 0.053125 0.073438
12 0.262500 0.209375 0.078125 0.071875
5 0.357812 0.209375 0.081250 0.071875
36 0.460938 0.210156 0.081250 0.073438
25 0.550000 0.209375 0.071875 0.071875
1 0.633594 0.212500 0.079687 0.078125
6 0.728125 0.210938 0.084375 0.075000
2 0.811719 0.209375 0.067187 0.071875
9 0.898438 0.210938 0.068750 0.075000
5 0.090625 0.331250 0.081250 0.071875
26 0.182031 0.333594 0.085938 0.076563
12 0.276562 0.331250 0.078125 0.071875
9 0.359375 0.331250 0.065625 0.071875
23 0.446094 0.332813 0.076563 0.075000
1 0.536719 0.335938 0.082812 0.081250
32 0.632031 0.332031 0.067187 0.073438
24 0.725000 0.332813 0.084375 0.075000
26 0.830469 0.332031 0.082812 0.073438
