13 0.089063 0.088281 0.078125 0.076563
17 0.179688 0.088281 0.071875 0.076563
27 0.267969 0.089844 0.082812 0.079687
7 0.355469 0.087500 0.076563 0.075000
26 0.449219 0.088281 0.085938 0.076563
32 0.538281 0.088281 0.070312 0.076563
24 0.623437 0.085938 0.081250 0.071875
0 0.717969 0.088281 0.070312 0.076563
32 0.799219 0.088281 0.070312 0.076563
16 0.882031 0.085938 0.067187 0.071875
10 0.087500 0.202344 0.075000 0.082812
34 0.176563 0.203906 0.078125 0.085938
22 0.265625 0.197656 0.081250 0.073438
8 0.346875 0.197656 0.050000 0.073438
33 0.428125 0.199219 0.071875 0.076563
3 0.521094 0.200781 0.070312 0.079687
31 0.614844 0.196875 0.073438 0.071875
3 0.705469 0.199219 0.067187 0.076563
3 0.782031 0.199219 0.067187 0.076563
4 0.860156 0.199219 0.067187 0.076563
1 0.089844 0.317188 0.079687 0.078125
24 0.184375 0.314063 0.081250 0.071875
3 0.271094 0.317969 0.070312 0.079687
