10 0.087500 0.091406 0.075000 0.082812
6 0.173437 0.085938 0.081250 0.071875
14 0.261719 0.088281 0.073438 0.076563
34 0.351562 0.091406 0.075000 0.082812
27 0.453906 0.092969 0.085938 0.085938
6 0.559375 0.087500 0.081250 0.075000
28 0.652344 0.093750 0.082812 0.087500
25 0.743750 0.085938 0.071875 0.071875
24 0.842187 0.085938 0.081250 0.071875
27 0.092969 0.210156 0.085938 0.082812
23 0.186719 0.204687 0.073438 0.071875
15 0.274219 0.213281 0.067187 0.089063
5 0.359375 0.204687 0.081250 0.071875
25 0.451562 0.206250 0.075000 0.075000
25 0.542188 0.206250 0.075000 0.075000
8 0.617188 0.205469 0.053125 0.073438
32 0.688281 0.205469 0.067187 0.073438
22 0.782813 0.205469 0.081250 0.073438
22 0.879687 0.205469 0.081250 0.073438
12 0.089063 0.325000 0.078125 0.071875
3 0.175781 0.328906 0.070312 0.079687
35 0.275781 0.325781 0.089063 0.073438
30 0.364063 0.325000 0.065625 0.071875
5 0.457813 0.325000 0.081250 0.071875
1 0.553906 0.329688 0.082812 0.081250
