7 0.086719 0.085938 0.073438 0.071875
4 0.174219 0.089844 0.070312 0.079687
13 0.262500 0.088281 0.078125 0.076563
15 0.350781 0.094531 0.067187 0.089063
4 0.428906 0.089844 0.070312 0.079687
4 0.508594 0.088281 0.067187 0.076563
25 0.589063 0.085938 0.071875 0.071875
11 0.671875 0.088281 0.068750 0.076563
13 0.756250 0.086719 0.075000 0.073438
7 0.850781 0.087500 0.076563 0.075000
33 0.085938 0.208594 0.071875 0.076563
23 0.169531 0.206250 0.073438 0.071875
16 0.255469 0.206250 0.067187 0.071875
28 0.339844 0.215625 0.085938 0.090625
31 0.436719 0.207813 0.076563 0.075000
16 0.528906 0.207813 0.070312 0.075000
21 0.617969 0.208594 0.079687 0.076563
28 0.708594 0.215625 0.085938 0.090625
33 0.798438 0.208594 0.071875 0.076563
33 0.878125 0.208594 0.071875 0.076563
35 0.094531 0.330469 0.089063 0.076563
34 0.190625 0.333594 0.075000 0.082812
34 0.284375 0.335156 0.078125 0.085938
8 0.360938 0.328906 0.053125 0.073438
33 0.439063 0.332031 0.075000 0.079687
16 0.525781 0.328125 0.067187 0.071875
7 0.614844 0.329688 0.076563 0.075000
11 0.709375 0.332031 0.071875 0.079687
30 0.800000 0.329688 0.068750 0.075000
23 0.885156 0.329688 0.076563 0.075000
16 0.083594 0.445312 0.067187 0.071875
