20 0.084375 0.092188 0.068750 0.084375
11 0.165625 0.088281 0.071875 0.076563
11 0.250000 0.089844 0.071875 0.079687
37 0.332813 0.088281 0.071875 0.076563
19 0.421094 0.093750 0.073438 0.087500
29 0.495312 0.092188 0.053125 0.084375
21 0.575781 0.088281 0.079687 0.076563
11 0.670312 0.088281 0.068750 0.076563
15 0.749219 0.096094 0.070312 0.092188
16 0.836719 0.085938 0.067187 0.071875
6 0.092188 0.210938 0.084375 0.075000
25 0.185938 0.210938 0.075000 0.075000
5 0.273438 0.209375 0.081250 0.071875
27 0.372656 0.213281 0.082812 0.079687
8 0.460938 0.210156 0.053125 0.073438
31 0.536719 0.209375 0.073438 0.071875
29 0.609375 0.215625 0.053125 0.084375
26 0.694531 0.210156 0.082812 0.073438
18 0.783594 0.211719 0.076563 0.076563
37 0.865625 0.211719 0.071875 0.076563
34 0.087500 0.330469 0.075000 0.082812
18 0.183594 0.325781 0.073438 0.073438
21 0.269531 0.325781 0.076563 0.073438
11 0.364063 0.327344 0.068750 0.076563
8 0.435937 0.325781 0.050000 0.073438
24 0.520312 0.325000 0.081250 0.071875
16 0.607031 0.325000 0.067187 0.071875
0 0.691406 0.325781 0.067187 0.073438
3 0.771094 0.328906 0.070312 0.079687
24 0.859375 0.325000 0.081250 0.071875
23 0.088281 0.440625 0.076563 0.075000
15 0.174219 0.447656 0.067187 0.089063
14 0.264844 0.441406 0.073438 0.076563
