19 0.085156 0.092188 0.070312 0.084375
26 0.174219 0.088281 0.085938 0.076563
15 0.272656 0.094531 0.070312 0.089063
34 0.356250 0.091406 0.075000 0.082812
27 0.447656 0.089844 0.082812 0.079687
11 0.546875 0.089844 0.071875 0.079687
28 0.632031 0.093750 0.082812 0.087500
27 0.732031 0.089844 0.082812 0.079687
30 0.825000 0.087500 0.068750 0.075000
34 0.912500 0.091406 0.075000 0.082812
13 0.087500 0.207031 0.075000 0.073438
11 0.176563 0.210156 0.071875 0.079687
7 0.260156 0.206250 0.073438 0.071875
37 0.348438 0.208594 0.071875 0.076563
14 0.428906 0.207031 0.070312 0.073438
16 0.507031 0.207813 0.070312 0.075000
15 0.585156 0.216406 0.070312 0.092188
28 0.682031 0.215625 0.085938 0.090625
10 0.784375 0.211719 0.075000 0.082812
30 0.875000 0.206250 0.065625 0.071875
31 0.086719 0.329688 0.073438 0.071875
4 0.178906 0.333594 0.070312 0.079687
36 0.276562 0.330469 0.081250 0.073438
27 0.378906 0.333594 0.082812 0.079687
16 0.471094 0.331250 0.070312 0.075000
36 0.564063 0.330469 0.081250 0.073438
35 0.658594 0.332031 0.092188 0.076563
16 0.753906 0.329688 0.067187 0.071875
10 0.840625 0.333594 0.071875 0.079687
