20 0.087500 0.093750 0.075000 0.087500
13 0.173437 0.086719 0.075000 0.073438
14 0.255469 0.088281 0.073438 0.076563
23 0.346094 0.087500 0.076563 0.075000
25 0.434375 0.085938 0.071875 0.071875
23 0.527344 0.085938 0.073438 0.071875
14 0.617969 0.088281 0.073438 0.076563
32 0.703906 0.088281 0.070312 0.076563
19 0.785156 0.092188 0.073438 0.084375
10 0.879687 0.089844 0.071875 0.079687
20 0.084375 0.210938 0.068750 0.084375
8 0.165625 0.205469 0.050000 0.073438
35 0.257031 0.207031 0.092188 0.076563
12 0.364063 0.206250 0.081250 0.075000
35 0.466406 0.205469 0.089063 0.073438
14 0.558594 0.205469 0.070312 0.073438
21 0.653906 0.207031 0.079687 0.076563
29 0.734375 0.212500 0.056250 0.087500
12 0.810937 0.206250 0.078125 0.075000
13 0.901563 0.205469 0.075000 0.073438
22 0.092188 0.325781 0.084375 0.076563
4 0.178906 0.325781 0.067187 0.076563
