33 0.087500 0.089844 0.075000 0.079687
26 0.180469 0.088281 0.085938 0.076563
25 0.273438 0.085938 0.071875 0.071875
24 0.362500 0.085938 0.081250 0.071875
0 0.452344 0.088281 0.070312 0.076563
15 0.530469 0.094531 0.067187 0.089063
11 0.620313 0.089844 0.071875 0.079687
33 0.707812 0.089844 0.075000 0.079687
35 0.803906 0.088281 0.092188 0.076563
19 0.902344 0.093750 0.073438 0.087500
36 0.090625 0.207031 0.081250 0.073438
5 0.193750 0.207813 0.084375 0.075000
34 0.285938 0.213281 0.078125 0.085938
30 0.381250 0.207813 0.068750 0.075000
24 0.476562 0.206250 0.081250 0.071875
6 0.568750 0.207813 0.084375 0.075000
35 0.663281 0.207031 0.089063 0.073438
19 0.755469 0.214062 0.073438 0.087500
24 0.851562 0.206250 0.081250 0.071875
0 0.083594 0.325781 0.067187 0.073438
37 0.170313 0.327344 0.071875 0.076563
21 0.263281 0.325781 0.076563 0.073438
17 0.351562 0.327344 0.071875 0.076563
12 0.435937 0.326562 0.081250 0.075000
35 0.532031 0.325781 0.089063 0.073438
4 0.617969 0.327344 0.067187 0.076563
33 0.704688 0.328906 0.075000 0.079687
15 0.786719 0.335156 0.070312 0.092188
36 0.879687 0.327344 0.084375 0.076563
33 0.085938 0.450781 0.071875 0.076563
25 0.175000 0.450000 0.075000 0.075000
