5 0.090625 0.087500 0.081250 0.075000
10 0.184375 0.091406 0.075000 0.082812
8 0.267188 0.086719 0.050000 0.073438
7 0.338281 0.085938 0.073438 0.071875
30 0.425000 0.087500 0.068750 0.075000
28 0.517969 0.093750 0.082812 0.087500
34 0.604688 0.091406 0.075000 0.082812
1 0.703906 0.089063 0.079687 0.078125
27 0.805469 0.089844 0.082812 0.079687
8 0.887500 0.086719 0.053125 0.073438
24 0.090625 0.204687 0.081250 0.071875
24 0.195312 0.206250 0.084375 0.075000
2 0.283594 0.204687 0.067187 0.071875
16 0.371094 0.204687 0.067187 0.071875
20 0.448437 0.210938 0.068750 0.084375
15 0.528906 0.214844 0.070312 0.092188
26 0.617969 0.205469 0.082812 0.073438
11 0.709375 0.207031 0.068750 0.076563
21 0.792969 0.205469 0.076563 0.073438
32 0.878906 0.205469 0.067187 0.073438
2 0.083594 0.328125 0.067187 0.071875
12 0.171875 0.329688 0.081250 0.075000
12 0.270313 0.329688 0.081250 0.075000
35 0.378906 0.330469 0.092188 0.076563
12 0.479687 0.328125 0.078125 0.071875
35 0.580469 0.328906 0.089063 0.073438
3 0.666406 0.330469 0.067187 0.076563
35 0.763281 0.328906 0.089063 0.073438
2 0.858594 0.328125 0.067187 0.071875
5 0.092188 0.437500 0.084375 0.075000
23 0.180469 0.435937 0.073438 0.071875
1 0.280469 0.440625 0.082812 0.081250
6 0.379688 0.435937 0.081250 0.071875
22 0.482812 0.436719 0.081250 0.073438
