36 0.090625 0.086719 0.081250 0.073438
26 0.188281 0.088281 0.085938 0.076563
27 0.296094 0.091406 0.085938 0.082812
5 0.390625 0.085938 0.081250 0.071875
3 0.475781 0.088281 0.067187 0.076563
22 0.568750 0.086719 0.081250 0.073438
14 0.666406 0.086719 0.070312 0.073438
33 0.754687 0.089844 0.075000 0.079687
31 0.844531 0.087500 0.076563 0.075000
2 0.085156 0.201563 0.070312 0.075000
20 0.164062 0.206250 0.068750 0.084375
32 0.246094 0.200781 0.067187 0.073438
7 0.339844 0.201563 0.076563 0.075000
27 0.428906 0.205469 0.085938 0.082812
14 0.521094 0.200781 0.070312 0.073438
8 0.593750 0.200781 0.050000 0.073438
24 0.675000 0.200000 0.081250 0.071875
14 0.761719 0.200781 0.070312 0.073438
22 0.859375 0.200781 0.081250 0.073438
6 0.090625 0.315625 0.081250 0.071875
2 0.180469 0.315625 0.067187 0.071875
