30 0.082812 0.085938 0.065625 0.071875
28 0.174219 0.095312 0.085938 0.090625
22 0.273438 0.086719 0.081250 0.073438
37 0.371875 0.088281 0.071875 0.076563
36 0.465625 0.086719 0.081250 0.073438
18 0.557031 0.088281 0.076563 0.076563
5 0.657813 0.087500 0.081250 0.075000
29 0.740625 0.092188 0.053125 0.084375
12 0.828125 0.087500 0.081250 0.075000
14 0.911719 0.086719 0.070312 0.073438
28 0.091406 0.215625 0.082812 0.087500
34 0.192188 0.214844 0.078125 0.085938
7 0.289844 0.207813 0.073438 0.071875
11 0.373437 0.211719 0.071875 0.079687
22 0.468750 0.211719 0.084375 0.079687
7 0.557031 0.207813 0.073438 0.071875
4 0.650781 0.210156 0.070312 0.076563
7 0.739844 0.207813 0.073438 0.071875
37 0.834375 0.210156 0.071875 0.076563
20 0.085938 0.334375 0.071875 0.087500
26 0.175781 0.327344 0.082812 0.073438
24 0.268750 0.328125 0.084375 0.075000
32 0.363281 0.327344 0.067187 0.073438
9 0.439063 0.326562 0.065625 0.071875
