31 0.086719 0.085938 0.073438 0.071875
13 0.173437 0.086719 0.075000 0.073438
26 0.274219 0.088281 0.085938 0.076563
7 0.375781 0.085938 0.073438 0.071875
37 0.462500 0.086719 0.068750 0.073438
33 0.542188 0.089844 0.075000 0.079687
33 0.626563 0.088281 0.071875 0.076563
22 0.723437 0.088281 0.084375 0.076563
5 0.820312 0.085938 0.081250 0.071875
11 0.904687 0.089844 0.071875 0.079687
7 0.088281 0.198437 0.076563 0.075000
24 0.176563 0.196875 0.081250 0.071875
13 0.268750 0.199219 0.078125 0.076563
3 0.353906 0.200781 0.070312 0.079687
28 0.453906 0.206250 0.085938 0.090625
37 0.540625 0.197656 0.068750 0.073438
0 0.624219 0.197656 0.070312 0.073438
21 0.711719 0.199219 0.079687 0.076563
1 0.811719 0.201563 0.082812 0.081250
20 0.907813 0.203125 0.068750 0.084375
28 0.092969 0.328125 0.085938 0.090625
23 0.183594 0.318750 0.073438 0.071875
24 0.279687 0.320312 0.084375 0.075000
6 0.371875 0.318750 0.081250 0.071875
27 0.464844 0.322656 0.082812 0.079687
