15 0.083594 0.094531 0.067187 0.089063
1 0.175781 0.089063 0.079687 0.078125
14 0.264844 0.088281 0.073438 0.076563
30 0.354687 0.087500 0.068750 0.075000
24 0.439063 0.085938 0.081250 0.071875
15 0.521094 0.094531 0.067187 0.089063
36 0.607812 0.088281 0.084375 0.076563
16 0.694531 0.087500 0.070312 0.075000
7 0.777344 0.087500 0.076563 0.075000
16 0.869531 0.085938 0.070312 0.071875
26 0.092969 0.208594 0.085938 0.076563
1 0.185156 0.210938 0.082812 0.081250
3 0.274219 0.210156 0.070312 0.079687
5 0.365625 0.207813 0.084375 0.075000
0 0.458594 0.208594 0.070312 0.076563
28 0.547656 0.214062 0.082812 0.087500
34 0.645312 0.213281 0.081250 0.085938
10 0.732812 0.211719 0.075000 0.082812
30 0.825000 0.207813 0.068750 0.075000
13 0.912500 0.207031 0.075000 0.073438
16 0.083594 0.325000 0.067187 0.071875
33 0.165625 0.327344 0.075000 0.076563
37 0.256250 0.327344 0.071875 0.076563
9 0.339062 0.325000 0.065625 0.071875
3 0.427344 0.327344 0.067187 0.076563
2 0.505469 0.325000 0.067187 0.071875
14 0.592969 0.325781 0.070312 0.073438
34 0.687500 0.332031 0.078125 0.085938
