29 0.076563 0.093750 0.053125 0.087500
23 0.160156 0.085938 0.073438 0.071875
28 0.250781 0.095312 0.085938 0.090625
37 0.335938 0.086719 0.068750 0.073438
12 0.420312 0.087500 0.081250 0.075000
32 0.502344 0.086719 0.067187 0.073438
25 0.590625 0.085938 0.071875 0.071875
27 0.677344 0.089844 0.082812 0.079687
14 0.769531 0.086719 0.073438 0.073438
20 0.851562 0.092188 0.068750 0.084375
32 0.085156 0.210156 0.070312 0.076563
23 0.177344 0.207813 0.073438 0.071875
32 0.261719 0.208594 0.067187 0.073438
22 0.350000 0.208594 0.081250 0.073438
6 0.439063 0.207813 0.081250 0.071875
33 0.526563 0.210156 0.071875 0.076563
13 0.617188 0.208594 0.075000 0.073438
29 0.701562 0.214062 0.050000 0.084375
1 0.788281 0.212500 0.082812 0.081250
25 0.875000 0.209375 0.075000 0.075000
12 0.089063 0.323437 0.078125 0.071875
20 0.184375 0.331250 0.075000 0.087500
22 0.279687 0.325781 0.084375 0.076563
15 0.369531 0.332031 0.070312 0.089063
0 0.458594 0.325781 0.070312 0.076563
22 0.548438 0.324219 0.081250 0.073438
