23 0.088281 0.087500 0.076563 0.075000
34 0.182812 0.092969 0.078125 0.085938
8 0.267188 0.088281 0.053125 0.076563
36 0.357812 0.088281 0.084375 0.076563
29 0.442188 0.093750 0.056250 0.087500
23 0.516406 0.085938 0.073438 0.071875
33 0.607812 0.089844 0.075000 0.079687
9 0.690625 0.087500 0.068750 0.075000
30 0.765625 0.085938 0.065625 0.071875
7 0.857031 0.085938 0.073438 0.071875
9 0.082812 0.204687 0.065625 0.071875
19 0.160156 0.210938 0.070312 0.084375
25 0.253125 0.204687 0.071875 0.071875
19 0.335156 0.212500 0.073438 0.087500
32 0.427344 0.207031 0.070312 0.076563
24 0.512500 0.206250 0.081250 0.075000
34 0.598437 0.210156 0.075000 0.082812
3 0.689844 0.208594 0.070312 0.079687
29 0.764062 0.210938 0.050000 0.084375
9 0.837500 0.206250 0.068750 0.075000
31 0.088281 0.325000 0.076563 0.075000
25 0.185938 0.325000 0.075000 0.075000
6 0.279687 0.325000 0.084375 0.075000
34 0.375000 0.330469 0.078125 0.085938
14 0.469531 0.325781 0.073438 0.076563
8 0.551562 0.325781 0.053125 0.076563
8 0.612500 0.324219 0.050000 0.073438
28 0.694531 0.331250 0.082812 0.087500
24 0.789062 0.325000 0.084375 0.075000
28 0.891406 0.331250 0.082812 0.087500
2 0.085156 0.443750 0.070312 0.075000
19 0.177344 0.450000 0.073438 0.087500
27 0.278906 0.447656 0.085938 0.082812
21 0.367969 0.442969 0.076563 0.073438
