18 0.086719 0.086719 0.073438 0.073438
23 0.171094 0.087500 0.076563 0.075000
4 0.264844 0.088281 0.067187 0.076563
16 0.346094 0.085938 0.067187 0.071875
21 0.433594 0.088281 0.079687 0.076563
4 0.519531 0.088281 0.067187 0.076563
25 0.598437 0.085938 0.071875 0.071875
2 0.680469 0.087500 0.070312 0.075000
28 0.767969 0.095312 0.085938 0.090625
17 0.860938 0.088281 0.071875 0.076563
2 0.083594 0.207813 0.067187 0.071875
22 0.171875 0.210156 0.084375 0.076563
25 0.265625 0.207813 0.071875 0.071875
32 0.347656 0.208594 0.067187 0.073438
26 0.432031 0.208594 0.082812 0.073438
14 0.527344 0.208594 0.070312 0.073438
32 0.614844 0.208594 0.067187 0.073438
11 0.693750 0.210156 0.068750 0.076563
14 0.783594 0.208594 0.070312 0.073438
28 0.875781 0.217188 0.085938 0.090625
20 0.084375 0.335938 0.068750 0.084375
8 0.154688 0.332031 0.053125 0.076563
10 0.231250 0.333594 0.071875 0.079687
21 0.316406 0.330469 0.076563 0.073438
29 0.392188 0.335938 0.050000 0.084375
3 0.464844 0.332031 0.067187 0.076563
33 0.550000 0.333594 0.075000 0.079687
15 0.630469 0.338281 0.067187 0.089063
8 0.710938 0.330469 0.050000 0.073438
11 0.793750 0.333594 0.071875 0.079687
10 0.884375 0.333594 0.071875 0.079687
