4 0.085156 0.089844 0.070312 0.079687
15 0.172656 0.096094 0.073438 0.092188
10 0.262500 0.089844 0.075000 0.079687
10 0.357812 0.089844 0.071875 0.079687
8 0.437500 0.086719 0.050000 0.073438
13 0.509375 0.086719 0.075000 0.073438
34 0.596875 0.091406 0.078125 0.082812
16 0.683594 0.085938 0.067187 0.071875
11 0.770312 0.089844 0.071875 0.079687
2 0.850781 0.087500 0.070312 0.075000
11 0.084375 0.211719 0.068750 0.076563
37 0.171875 0.210156 0.068750 0.073438
18 0.260156 0.211719 0.076563 0.076563
12 0.354687 0.209375 0.078125 0.071875
33 0.440625 0.213281 0.075000 0.079687
27 0.542969 0.214844 0.085938 0.082812
26 0.641406 0.210156 0.082812 0.073438
27 0.735156 0.214844 0.085938 0.082812
12 0.835938 0.210938 0.081250 0.075000
24 0.092188 0.326562 0.084375 0.078125
8 0.176563 0.324219 0.053125 0.073438
23 0.257031 0.325000 0.076563 0.075000
