8 0.075000 0.086719 0.050000 0.073438
34 0.146875 0.091406 0.078125 0.082812
10 0.239063 0.089844 0.071875 0.079687
26 0.328906 0.086719 0.082812 0.073438
17 0.414062 0.088281 0.071875 0.076563
2 0.505469 0.087500 0.070312 0.075000
9 0.589063 0.085938 0.065625 0.071875
23 0.678906 0.085938 0.073438 0.071875
15 0.766406 0.094531 0.067187 0.089063
28 0.850781 0.095312 0.085938 0.090625
23 0.088281 0.209375 0.076563 0.075000
3 0.169531 0.210156 0.067187 0.076563
32 0.247656 0.210156 0.070312 0.076563
6 0.331250 0.207813 0.081250 0.071875
19 0.424219 0.214062 0.070312 0.084375
21 0.513281 0.210156 0.079687 0.076563
11 0.601562 0.210156 0.068750 0.076563
28 0.691406 0.215625 0.082812 0.087500
13 0.779687 0.208594 0.075000 0.073438
13 0.868750 0.210156 0.078125 0.076563
36 0.092188 0.328906 0.084375 0.076563
13 0.179688 0.327344 0.075000 0.073438
23 0.261719 0.326562 0.073438 0.071875
