33 0.087500 0.089844 0.075000 0.079687
16 0.171094 0.085938 0.067187 0.071875
28 0.261719 0.093750 0.082812 0.087500
6 0.357812 0.087500 0.084375 0.075000
35 0.464844 0.086719 0.089063 0.073438
12 0.556250 0.085938 0.078125 0.071875
37 0.651563 0.088281 0.071875 0.076563
24 0.751563 0.087500 0.084375 0.075000
27 0.847656 0.089844 0.082812 0.079687
19 0.088281 0.212500 0.076563 0.087500
25 0.178125 0.204687 0.071875 0.071875
12 0.275000 0.204687 0.078125 0.071875
37 0.357812 0.207031 0.071875 0.076563
25 0.440625 0.204687 0.071875 0.071875
30 0.523438 0.204687 0.065625 0.071875
25 0.601562 0.204687 0.071875 0.071875
26 0.688281 0.205469 0.082812 0.073438
21 0.783594 0.207031 0.079687 0.076563
23 0.869531 0.204687 0.073438 0.071875
9 0.084375 0.323437 0.068750 0.071875
24 0.181250 0.323437 0.081250 0.071875
26 0.280469 0.325781 0.085938 0.076563
21 0.382031 0.325781 0.079687 0.076563
