15 0.083594 0.094531 0.067187 0.089063
33 0.170313 0.089844 0.075000 0.079687
0 0.250781 0.088281 0.070312 0.076563
12 0.332813 0.085938 0.078125 0.071875
34 0.423438 0.092969 0.078125 0.085938
2 0.508594 0.087500 0.070312 0.075000
32 0.596094 0.086719 0.067187 0.073438
6 0.692187 0.087500 0.084375 0.075000
31 0.778906 0.085938 0.073438 0.071875
36 0.868750 0.088281 0.084375 0.076563
10 0.087500 0.211719 0.075000 0.082812
7 0.178906 0.207813 0.076563 0.075000
23 0.272656 0.207813 0.076563 0.075000
17 0.353125 0.207031 0.068750 0.073438
16 0.439844 0.207813 0.070312 0.075000
30 0.523438 0.206250 0.065625 0.071875
6 0.618750 0.207813 0.084375 0.075000
35 0.713281 0.207031 0.089063 0.073438
10 0.806250 0.211719 0.075000 0.082812
3 0.894531 0.208594 0.067187 0.076563
3 0.083594 0.322656 0.067187 0.076563
