14 0.086719 0.088281 0.073438 0.076563
0 0.164844 0.086719 0.067187 0.073438
36 0.250000 0.086719 0.081250 0.073438
21 0.350781 0.086719 0.076563 0.073438
18 0.442969 0.086719 0.073438 0.073438
32 0.536719 0.088281 0.070312 0.076563
20 0.629687 0.093750 0.071875 0.087500
33 0.725000 0.089844 0.075000 0.079687
32 0.808594 0.088281 0.070312 0.076563
12 0.898438 0.087500 0.081250 0.075000
20 0.085938 0.210938 0.071875 0.084375
16 0.177344 0.204687 0.067187 0.071875
15 0.261719 0.213281 0.067187 0.089063
28 0.350781 0.214062 0.085938 0.090625
29 0.431250 0.210938 0.050000 0.084375
22 0.518750 0.205469 0.081250 0.073438
17 0.615625 0.205469 0.068750 0.073438
32 0.697656 0.205469 0.067187 0.073438
6 0.787500 0.204687 0.081250 0.071875
0 0.883594 0.205469 0.070312 0.073438
32 0.083594 0.327344 0.067187 0.073438
23 0.167969 0.326562 0.073438 0.071875
7 0.249219 0.326562 0.073438 0.071875
8 0.326562 0.328906 0.053125 0.076563
16 0.394531 0.326562 0.067187 0.071875
37 0.478125 0.328906 0.071875 0.076563
31 0.558594 0.326562 0.073438 0.071875
9 0.640625 0.326562 0.065625 0.071875
