31 0.086719 0.085938 0.073438 0.071875
32 0.172656 0.086719 0.067187 0.073438
37 0.254688 0.088281 0.071875 0.076563
7 0.350781 0.087500 0.076563 0.075000
13 0.443750 0.088281 0.078125 0.076563
34 0.531250 0.091406 0.075000 0.082812
8 0.614062 0.086719 0.050000 0.073438
6 0.698438 0.087500 0.084375 0.075000
1 0.789844 0.090625 0.082812 0.081250
9 0.875000 0.085938 0.065625 0.071875
32 0.085156 0.202344 0.070312 0.076563
28 0.174219 0.207813 0.082812 0.087500
31 0.274219 0.201563 0.076563 0.075000
33 0.367188 0.202344 0.071875 0.076563
27 0.467969 0.207031 0.085938 0.085938
19 0.557031 0.206250 0.070312 0.084375
19 0.652344 0.207813 0.076563 0.087500
25 0.735938 0.201563 0.075000 0.075000
8 0.814063 0.200781 0.050000 0.073438
10 0.892188 0.205469 0.075000 0.082812
26 0.092969 0.321094 0.085938 0.076563
6 0.195312 0.318750 0.081250 0.071875
20 0.290625 0.326562 0.075000 0.087500
12 0.385937 0.318750 0.078125 0.071875
12 0.481250 0.320312 0.081250 0.075000
8 0.570312 0.319531 0.053125 0.073438
7 0.646094 0.320312 0.076563 0.075000
30 0.735938 0.318750 0.065625 0.071875
26 0.821094 0.319531 0.082812 0.073438
35 0.096094 0.439844 0.092188 0.076563
25 0.200000 0.439063 0.075000 0.075000
28 0.300781 0.446875 0.085938 0.090625
