29 0.075000 0.092188 0.050000 0.084375
4 0.153906 0.088281 0.067187 0.076563
7 0.246094 0.085938 0.073438 0.071875
16 0.333594 0.087500 0.070312 0.075000
15 0.424219 0.094531 0.067187 0.089063
1 0.516406 0.089063 0.079687 0.078125
34 0.612500 0.092969 0.078125 0.085938
35 0.714844 0.089844 0.092188 0.079687
10 0.806250 0.089844 0.071875 0.079687
1 0.891406 0.089063 0.079687 0.078125
36 0.090625 0.207031 0.081250 0.073438
29 0.168750 0.212500 0.050000 0.084375
36 0.246875 0.208594 0.084375 0.076563
28 0.341406 0.214062 0.082812 0.087500
13 0.431250 0.207031 0.075000 0.073438
25 0.521875 0.206250 0.071875 0.071875
7 0.607031 0.207813 0.076563 0.075000
17 0.689063 0.207031 0.071875 0.073438
20 0.773438 0.214062 0.071875 0.087500
6 0.867188 0.207813 0.081250 0.075000
12 0.090625 0.326562 0.081250 0.075000
3 0.185156 0.327344 0.067187 0.076563
4 0.274219 0.328906 0.070312 0.079687
21 0.369531 0.327344 0.079687 0.076563
20 0.460938 0.332813 0.071875 0.087500
2 0.541406 0.325000 0.067187 0.071875
0 0.624219 0.327344 0.070312 0.076563
0 0.714844 0.327344 0.070312 0.076563
15 0.799219 0.333594 0.067187 0.089063
15 0.874219 0.333594 0.067187 0.089063
12 0.089063 0.445312 0.078125 0.071875
11 0.173437 0.447656 0.068750 0.076563
13 0.260937 0.446094 0.075000 0.073438
