28 0.091406 0.093750 0.082812 0.087500
19 0.178906 0.092188 0.070312 0.084375
18 0.258594 0.086719 0.073438 0.073438
1 0.349219 0.090625 0.082812 0.081250
12 0.440625 0.087500 0.081250 0.075000
37 0.525000 0.088281 0.071875 0.076563
4 0.611719 0.089844 0.070312 0.079687
25 0.701562 0.087500 0.075000 0.075000
37 0.795312 0.086719 0.068750 0.073438
10 0.879687 0.091406 0.075000 0.082812
23 0.086719 0.204687 0.073438 0.071875
0 0.180469 0.207031 0.070312 0.076563
37 0.260937 0.207031 0.071875 0.076563
28 0.358594 0.212500 0.082812 0.087500
19 0.457031 0.212500 0.073438 0.087500
12 0.545312 0.206250 0.081250 0.075000
14 0.639844 0.207031 0.073438 0.076563
28 0.735156 0.214062 0.089063 0.090625
25 0.828125 0.206250 0.075000 0.075000
29 0.903125 0.210938 0.053125 0.084375
2 0.085156 0.328125 0.070312 0.075000
24 0.178125 0.328125 0.084375 0.075000
29 0.268750 0.332813 0.053125 0.084375
7 0.344531 0.326562 0.073438 0.071875
28 0.435156 0.335938 0.085938 0.090625
11 0.532813 0.328906 0.068750 0.076563
