31 0.086719 0.085938 0.073438 0.071875
5 0.179688 0.089063 0.084375 0.078125
23 0.275781 0.087500 0.076563 0.075000
12 0.371875 0.087500 0.081250 0.075000
26 0.472656 0.086719 0.082812 0.073438
6 0.575000 0.087500 0.084375 0.075000
0 0.663281 0.086719 0.067187 0.073438
29 0.740625 0.092188 0.050000 0.084375
4 0.816406 0.088281 0.067187 0.076563
16 0.896094 0.087500 0.070312 0.075000
24 0.092188 0.203125 0.084375 0.075000
24 0.195312 0.203125 0.084375 0.075000
9 0.285938 0.203125 0.068750 0.075000
30 0.375000 0.201563 0.068750 0.071875
24 0.470313 0.203125 0.084375 0.075000
21 0.567969 0.203906 0.079687 0.076563
0 0.655469 0.203906 0.070312 0.076563
28 0.755469 0.210938 0.089063 0.090625
29 0.842187 0.207813 0.050000 0.084375
0 0.085156 0.325781 0.070312 0.076563
18 0.171094 0.325781 0.076563 0.076563
