11 0.085938 0.089844 0.071875 0.079687
5 0.181250 0.087500 0.081250 0.075000
37 0.271875 0.088281 0.071875 0.076563
28 0.367969 0.093750 0.082812 0.087500
6 0.468750 0.087500 0.081250 0.075000
2 0.552344 0.087500 0.070312 0.075000
15 0.628906 0.094531 0.067187 0.089063
3 0.705469 0.089844 0.070312 0.079687
23 0.794531 0.087500 0.076563 0.075000
27 0.891406 0.091406 0.085938 0.082812
25 0.085938 0.206250 0.071875 0.071875
10 0.176563 0.210156 0.071875 0.079687
13 0.270313 0.208594 0.078125 0.076563
15 0.361719 0.214844 0.067187 0.089063
23 0.439844 0.206250 0.073438 0.071875
8 0.512500 0.207031 0.050000 0.073438
4 0.585156 0.208594 0.067187 0.076563
29 0.659375 0.214062 0.056250 0.087500
6 0.739062 0.207813 0.081250 0.075000
32 0.833594 0.207031 0.067187 0.073438
15 0.085156 0.336719 0.070312 0.092188
10 0.175000 0.332031 0.075000 0.082812
25 0.271875 0.328125 0.075000 0.075000
24 0.360938 0.326562 0.081250 0.071875
