7 0.086719 0.085938 0.073438 0.071875
21 0.171094 0.086719 0.076563 0.073438
3 0.257031 0.088281 0.067187 0.076563
8 0.329688 0.086719 0.050000 0.073438
31 0.408594 0.085938 0.073438 0.071875
9 0.490625 0.087500 0.068750 0.075000
7 0.575781 0.085938 0.073438 0.071875
4 0.660156 0.089844 0.070312 0.079687
2 0.736719 0.085938 0.067187 0.071875
4 0.816406 0.088281 0.067187 0.076563
26 0.903906 0.089844 0.085938 0.079687
33 0.087500 0.200781 0.075000 0.079687
9 0.176563 0.198437 0.068750 0.075000
15 0.253906 0.205469 0.067187 0.089063
34 0.339062 0.202344 0.075000 0.082812
34 0.421875 0.202344 0.075000 0.082812
17 0.507812 0.197656 0.068750 0.073438
26 0.591406 0.197656 0.082812 0.073438
9 0.681250 0.198437 0.068750 0.075000
21 0.761719 0.197656 0.076563 0.073438
10 0.845313 0.200781 0.071875 0.079687
27 0.091406 0.321094 0.082812 0.079687
23 0.186719 0.317188 0.073438 0.071875
