0 0.085156 0.088281 0.070312 0.076563
12 0.181250 0.085938 0.078125 0.071875
34 0.273438 0.092969 0.078125 0.085938
26 0.375781 0.088281 0.085938 0.076563
37 0.462500 0.086719 0.068750 0.073438
24 0.554688 0.085938 0.081250 0.071875
5 0.653125 0.085938 0.081250 0.071875
9 0.748437 0.085938 0.065625 0.071875
31 0.839844 0.087500 0.073438 0.075000
11 0.084375 0.205469 0.068750 0.076563
29 0.167187 0.209375 0.053125 0.084375
1 0.247656 0.207813 0.082812 0.081250
30 0.334375 0.203125 0.065625 0.071875
2 0.421094 0.203125 0.067187 0.071875
14 0.503906 0.203906 0.073438 0.073438
17 0.587500 0.203906 0.068750 0.073438
31 0.677344 0.204687 0.076563 0.075000
34 0.760938 0.208594 0.075000 0.082812
36 0.857812 0.205469 0.081250 0.076563
31 0.086719 0.318750 0.073438 0.071875
1 0.177344 0.323437 0.082812 0.081250
35 0.272656 0.321094 0.092188 0.076563
29 0.362500 0.325000 0.053125 0.084375
9 0.445312 0.320312 0.068750 0.075000
7 0.524219 0.318750 0.073438 0.071875
