33 0.087500 0.089844 0.075000 0.079687
1 0.182031 0.089063 0.079687 0.078125
7 0.274219 0.085938 0.073438 0.071875
18 0.361719 0.086719 0.073438 0.073438
36 0.446875 0.086719 0.081250 0.073438
16 0.539844 0.085938 0.067187 0.071875
32 0.622656 0.086719 0.067187 0.073438
33 0.710938 0.089844 0.075000 0.079687
4 0.792969 0.089844 0.070312 0.079687
0 0.871094 0.086719 0.067187 0.073438
22 0.090625 0.197656 0.081250 0.073438
7 0.183594 0.198437 0.076563 0.075000
12 0.275000 0.196875 0.078125 0.071875
8 0.354687 0.197656 0.053125 0.073438
29 0.420312 0.203125 0.053125 0.084375
21 0.508594 0.199219 0.079687 0.076563
6 0.607812 0.198437 0.084375 0.075000
37 0.701562 0.199219 0.071875 0.076563
35 0.800781 0.199219 0.092188 0.076563
28 0.902344 0.206250 0.085938 0.090625
5 0.090625 0.318750 0.081250 0.071875
18 0.180469 0.321094 0.076563 0.076563
16 0.261719 0.320312 0.070312 0.075000
6 0.359375 0.318750 0.081250 0.071875
15 0.452344 0.327344 0.067187 0.089063
33 0.537500 0.321094 0.071875 0.076563
1 0.624219 0.323437 0.082812 0.081250
