14 0.086719 0.088281 0.073438 0.076563
31 0.182031 0.085938 0.073438 0.071875
24 0.276562 0.085938 0.081250 0.071875
0 0.360156 0.086719 0.067187 0.073438
27 0.455469 0.089844 0.082812 0.079687
11 0.548438 0.089844 0.071875 0.079687
17 0.634375 0.086719 0.071875 0.073438
33 0.726562 0.089844 0.075000 0.079687
36 0.815625 0.086719 0.081250 0.073438
1 0.091406 0.201563 0.082812 0.081250
23 0.189844 0.196875 0.073438 0.071875
15 0.278906 0.207031 0.073438 0.092188
1 0.369531 0.201563 0.082812 0.081250
9 0.454688 0.198437 0.068750 0.075000
7 0.544531 0.198437 0.076563 0.075000
16 0.632031 0.196875 0.067187 0.071875
13 0.717187 0.197656 0.075000 0.073438
11 0.798438 0.199219 0.068750 0.076563
13 0.878125 0.199219 0.075000 0.076563
19 0.085156 0.326562 0.070312 0.084375
12 0.167187 0.320312 0.078125 0.071875
31 0.258594 0.320312 0.073438 0.071875
