21 0.089844 0.088281 0.079687 0.076563
29 0.167187 0.092188 0.053125 0.084375
3 0.242969 0.088281 0.067187 0.076563
8 0.315625 0.086719 0.050000 0.073438
0 0.392969 0.086719 0.067187 0.073438
5 0.481250 0.085938 0.081250 0.071875
23 0.574219 0.087500 0.076563 0.075000
28 0.664844 0.093750 0.082812 0.087500
14 0.761719 0.088281 0.073438 0.076563
25 0.857812 0.087500 0.075000 0.075000
26 0.091406 0.205469 0.082812 0.073438
14 0.188281 0.205469 0.070312 0.073438
33 0.276562 0.207031 0.071875 0.076563
29 0.356250 0.210938 0.050000 0.084375
1 0.436719 0.210938 0.082812 0.084375
5 0.529687 0.204687 0.081250 0.071875
31 0.619531 0.204687 0.073438 0.071875
27 0.717969 0.208594 0.082812 0.079687
31 0.817969 0.206250 0.076563 0.075000
31 0.911719 0.206250 0.076563 0.075000
0 0.085156 0.322656 0.070312 0.076563
23 0.169531 0.321875 0.076563 0.075000
3 0.260156 0.322656 0.067187 0.076563
