12 0.090625 0.087500 0.081250 0.075000
0 0.172656 0.086719 0.067187 0.073438
17 0.248438 0.086719 0.068750 0.073438
37 0.326562 0.088281 0.071875 0.076563
8 0.406250 0.086719 0.053125 0.073438
9 0.475000 0.087500 0.068750 0.075000
32 0.555469 0.088281 0.070312 0.076563
0 0.633594 0.086719 0.067187 0.073438
19 0.717969 0.093750 0.073438 0.087500
31 0.800781 0.085938 0.073438 0.071875
30 0.882812 0.085938 0.065625 0.071875
36 0.092188 0.207031 0.084375 0.076563
15 0.180469 0.213281 0.067187 0.089063
29 0.250000 0.210938 0.053125 0.084375
19 0.328906 0.212500 0.073438 0.087500
19 0.408594 0.210938 0.070312 0.084375
25 0.493750 0.206250 0.075000 0.075000
35 0.591406 0.205469 0.089063 0.073438
32 0.686719 0.205469 0.067187 0.073438
7 0.774219 0.206250 0.076563 0.075000
17 0.860938 0.205469 0.068750 0.073438
5 0.090625 0.325000 0.081250 0.071875
18 0.177344 0.325781 0.073438 0.073438
28 0.271094 0.334375 0.085938 0.090625
30 0.362500 0.326562 0.068750 0.075000
22 0.450000 0.327344 0.084375 0.076563
