6 0.092188 0.087500 0.084375 0.075000
5 0.193750 0.085938 0.081250 0.071875
7 0.292969 0.085938 0.073438 0.071875
7 0.374219 0.085938 0.073438 0.071875
24 0.464062 0.085938 0.081250 0.071875
0 0.546094 0.086719 0.067187 0.073438
35 0.639844 0.089844 0.092188 0.079687
37 0.735938 0.086719 0.068750 0.073438
1 0.827344 0.090625 0.079687 0.081250
7 0.086719 0.198437 0.073438 0.071875
36 0.175000 0.200781 0.084375 0.076563
7 0.267969 0.198437 0.073438 0.071875
32 0.350781 0.199219 0.067187 0.073438
3 0.438281 0.200781 0.067187 0.076563
2 0.519531 0.198437 0.067187 0.071875
21 0.602344 0.200781 0.079687 0.076563
19 0.688281 0.204687 0.070312 0.084375
0 0.771094 0.199219 0.067187 0.073438
37 0.846875 0.199219 0.068750 0.073438
18 0.088281 0.316406 0.076563 0.076563
9 0.179688 0.315625 0.068750 0.075000
