4 0.085156 0.088281 0.070312 0.076563
20 0.168750 0.092188 0.068750 0.084375
18 0.253906 0.086719 0.073438 0.073438
25 0.348438 0.085938 0.071875 0.071875
24 0.435937 0.087500 0.084375 0.075000
2 0.532031 0.085938 0.067187 0.071875
6 0.618750 0.085938 0.081250 0.071875
5 0.707812 0.085938 0.081250 0.071875
25 0.798438 0.085938 0.071875 0.071875
10 0.890625 0.091406 0.075000 0.082812
9 0.082812 0.201563 0.065625 0.071875
19 0.166406 0.207813 0.070312 0.084375
21 0.253906 0.202344 0.076563 0.073438
8 0.335938 0.202344 0.050000 0.073438
5 0.420312 0.201563 0.081250 0.071875
18 0.508594 0.203906 0.076563 0.076563
23 0.596094 0.201563 0.073438 0.071875
18 0.689844 0.202344 0.073438 0.073438
27 0.778906 0.207031 0.085938 0.082812
19 0.869531 0.209375 0.073438 0.087500
13 0.089063 0.322656 0.078125 0.076563
12 0.178125 0.321875 0.078125 0.075000
17 0.268750 0.322656 0.071875 0.076563
15 0.350781 0.328906 0.067187 0.089063
4 0.428906 0.324219 0.070312 0.079687
17 0.512500 0.321094 0.068750 0.073438
30 0.589063 0.321875 0.068750 0.075000
28 0.678906 0.329688 0.089063 0.090625
26 0.786719 0.321094 0.082812 0.073438
14 0.880469 0.321094 0.070312 0.073438
31 0.088281 0.443750 0.076563 0.075000
