19 0.088281 0.093750 0.076563 0.087500
21 0.175781 0.086719 0.076563 0.073438
12 0.273438 0.087500 0.081250 0.075000
37 0.357812 0.088281 0.071875 0.076563
11 0.440625 0.088281 0.071875 0.076563
21 0.524219 0.088281 0.079687 0.076563
27 0.614844 0.089844 0.082812 0.079687
33 0.710938 0.089844 0.075000 0.079687
24 0.809375 0.087500 0.084375 0.075000
25 0.903125 0.085938 0.071875 0.071875
9 0.084375 0.206250 0.068750 0.075000
13 0.170313 0.205469 0.075000 0.073438
14 0.255469 0.205469 0.070312 0.073438
22 0.348438 0.207031 0.084375 0.076563
19 0.436719 0.212500 0.073438 0.087500
33 0.521875 0.207031 0.071875 0.076563
25 0.612500 0.204687 0.071875 0.071875
14 0.702344 0.205469 0.070312 0.073438
13 0.796875 0.205469 0.075000 0.073438
2 0.888281 0.206250 0.070312 0.075000
13 0.089063 0.325781 0.078125 0.076563
20 0.184375 0.329688 0.071875 0.084375
0 0.263281 0.324219 0.067187 0.073438
33 0.346875 0.325781 0.071875 0.076563
19 0.432031 0.329688 0.070312 0.084375
28 0.521094 0.331250 0.082812 0.087500
27 0.614844 0.327344 0.082812 0.079687
31 0.705469 0.323437 0.073438 0.071875
35 0.803906 0.324219 0.089063 0.073438
