32 0.083594 0.086719 0.067187 0.073438
19 0.171094 0.092188 0.070312 0.084375
11 0.250000 0.088281 0.068750 0.076563
27 0.338281 0.089844 0.082812 0.079687
30 0.429688 0.087500 0.068750 0.075000
33 0.509375 0.089844 0.075000 0.079687
36 0.601562 0.088281 0.084375 0.076563
16 0.686719 0.085938 0.070312 0.071875
27 0.775781 0.089844 0.082812 0.079687
22 0.875000 0.088281 0.084375 0.076563
10 0.087500 0.207031 0.075000 0.082812
7 0.174219 0.201563 0.073438 0.071875
14 0.267969 0.202344 0.070312 0.073438
6 0.367188 0.203125 0.084375 0.075000
37 0.465625 0.202344 0.068750 0.073438
33 0.550000 0.203906 0.071875 0.076563
9 0.632812 0.203125 0.068750 0.075000
7 0.711719 0.201563 0.073438 0.071875
28 0.810156 0.210938 0.089063 0.090625
2 0.907031 0.203125 0.070312 0.075000
37 0.084375 0.324219 0.068750 0.073438
32 0.166406 0.324219 0.067187 0.073438
17 0.254688 0.324219 0.068750 0.073438
