25 0.085938 0.085938 0.071875 0.071875
4 0.178906 0.089844 0.070312 0.079687
5 0.265625 0.087500 0.084375 0.075000
12 0.370312 0.087500 0.081250 0.075000
15 0.460156 0.094531 0.067187 0.089063
31 0.553906 0.087500 0.076563 0.075000
4 0.647656 0.089844 0.070312 0.079687
17 0.740625 0.088281 0.071875 0.076563
4 0.822656 0.089844 0.070312 0.079687
36 0.092188 0.208594 0.084375 0.076563
8 0.182812 0.208594 0.053125 0.076563
9 0.251563 0.206250 0.065625 0.071875
2 0.338281 0.207813 0.070312 0.075000
8 0.414062 0.207031 0.050000 0.073438
4 0.491406 0.210156 0.070312 0.079687
17 0.579688 0.208594 0.071875 0.076563
24 0.670312 0.206250 0.081250 0.071875
32 0.753906 0.207031 0.067187 0.073438
22 0.835938 0.207031 0.081250 0.073438
8 0.920312 0.207031 0.050000 0.073438
8 0.076563 0.317969 0.053125 0.073438
17 0.160938 0.319531 0.071875 0.076563
26 0.249219 0.319531 0.085938 0.076563
15 0.338281 0.325781 0.067187 0.089063
20 0.429688 0.325000 0.071875 0.087500
11 0.514062 0.319531 0.068750 0.076563
34 0.606250 0.322656 0.075000 0.082812
6 0.704688 0.317188 0.081250 0.071875
36 0.796875 0.317969 0.081250 0.073438
37 0.881250 0.317969 0.068750 0.073438
9 0.082812 0.437500 0.065625 0.071875
15 0.171094 0.447656 0.070312 0.092188
30 0.256250 0.439063 0.068750 0.075000
12 0.350000 0.437500 0.078125 0.071875
