23 0.086719 0.085938 0.073438 0.071875
30 0.170313 0.085938 0.065625 0.071875
20 0.254688 0.092188 0.068750 0.084375
5 0.350000 0.085938 0.081250 0.071875
30 0.439063 0.087500 0.068750 0.075000
10 0.532813 0.091406 0.075000 0.082812
13 0.621875 0.088281 0.078125 0.076563
33 0.717187 0.088281 0.071875 0.076563
21 0.803906 0.088281 0.079687 0.076563
30 0.896875 0.087500 0.068750 0.075000
1 0.089844 0.204687 0.079687 0.078125
6 0.189062 0.201563 0.081250 0.071875
3 0.285156 0.205469 0.070312 0.079687
32 0.366406 0.202344 0.067187 0.073438
13 0.454688 0.202344 0.075000 0.073438
10 0.545312 0.205469 0.071875 0.079687
19 0.628906 0.209375 0.073438 0.087500
16 0.717969 0.201563 0.067187 0.071875
37 0.795312 0.202344 0.068750 0.073438
23 0.878906 0.203125 0.076563 0.075000
8 0.075000 0.321094 0.050000 0.073438
34 0.157812 0.325781 0.075000 0.082812
1 0.247656 0.323437 0.079687 0.078125
15 0.339844 0.328906 0.067187 0.089063
1 0.427344 0.323437 0.079687 0.078125
31 0.522656 0.320312 0.073438 0.071875
12 0.612500 0.321875 0.081250 0.075000
25 0.703125 0.320312 0.071875 0.071875
17 0.787500 0.322656 0.071875 0.076563
1 0.875781 0.323437 0.079687 0.078125
