3 0.083594 0.088281 0.067187 0.076563
37 0.164062 0.088281 0.071875 0.076563
37 0.246875 0.086719 0.068750 0.073438
6 0.329688 0.087500 0.081250 0.075000
18 0.428906 0.088281 0.076563 0.076563
20 0.526563 0.093750 0.075000 0.087500
16 0.608594 0.085938 0.067187 0.071875
25 0.693750 0.087500 0.075000 0.075000
22 0.781250 0.086719 0.081250 0.073438
19 0.877344 0.093750 0.076563 0.087500
18 0.088281 0.207031 0.076563 0.076563
37 0.175000 0.205469 0.071875 0.073438
8 0.243750 0.205469 0.050000 0.073438
15 0.313281 0.214844 0.070312 0.092188
11 0.392188 0.208594 0.071875 0.079687
36 0.484375 0.207031 0.081250 0.076563
36 0.575000 0.205469 0.081250 0.073438
27 0.674219 0.210156 0.085938 0.082812
23 0.767969 0.204687 0.073438 0.071875
5 0.859375 0.206250 0.081250 0.075000
34 0.089063 0.335156 0.078125 0.085938
11 0.181250 0.332031 0.071875 0.079687
10 0.273438 0.333594 0.075000 0.082812
34 0.362500 0.335156 0.078125 0.085938
11 0.456250 0.332031 0.071875 0.079687
15 0.536719 0.336719 0.067187 0.089063
32 0.614844 0.328906 0.067187 0.073438
37 0.698438 0.328906 0.068750 0.073438
30 0.778125 0.329688 0.068750 0.075000
