12 0.089063 0.087500 0.078125 0.075000
21 0.182031 0.088281 0.079687 0.076563
20 0.270313 0.092188 0.068750 0.084375
27 0.364844 0.091406 0.085938 0.082812
13 0.468750 0.088281 0.078125 0.076563
5 0.565625 0.087500 0.084375 0.075000
29 0.653125 0.093750 0.053125 0.087500
32 0.724219 0.086719 0.067187 0.073438
4 0.805469 0.089844 0.070312 0.079687
12 0.887500 0.087500 0.078125 0.075000
31 0.086719 0.204687 0.073438 0.071875
13 0.176563 0.207031 0.078125 0.076563
24 0.276562 0.206250 0.084375 0.075000
15 0.374219 0.213281 0.070312 0.089063
11 0.459375 0.208594 0.071875 0.079687
32 0.538281 0.205469 0.067187 0.073438
16 0.627344 0.206250 0.070312 0.075000
15 0.708594 0.214844 0.070312 0.092188
4 0.792969 0.207031 0.067187 0.076563
14 0.878906 0.207031 0.073438 0.076563
11 0.085938 0.332031 0.071875 0.079687
0 0.171094 0.328906 0.067187 0.073438
6 0.260937 0.329688 0.084375 0.075000
