18 0.086719 0.086719 0.073438 0.073438
2 0.175781 0.085938 0.067187 0.071875
30 0.251563 0.085938 0.065625 0.071875
34 0.334375 0.091406 0.075000 0.082812
24 0.435937 0.087500 0.084375 0.075000
5 0.539062 0.085938 0.081250 0.071875
26 0.639844 0.086719 0.082812 0.073438
24 0.734375 0.087500 0.084375 0.075000
7 0.832031 0.085938 0.073438 0.071875
31 0.088281 0.201563 0.076563 0.075000
14 0.180469 0.202344 0.073438 0.076563
5 0.273438 0.201563 0.081250 0.075000
5 0.371875 0.200000 0.081250 0.071875
15 0.455469 0.208594 0.067187 0.089063
27 0.544531 0.203906 0.082812 0.079687
10 0.645312 0.205469 0.075000 0.082812
1 0.732031 0.204687 0.082812 0.081250
36 0.832812 0.202344 0.084375 0.076563
9 0.084375 0.321875 0.068750 0.075000
25 0.165625 0.321875 0.075000 0.075000
