15 0.085156 0.096094 0.070312 0.092188
20 0.173437 0.092188 0.068750 0.084375
5 0.267188 0.085938 0.081250 0.071875
34 0.354687 0.092969 0.078125 0.085938
32 0.444531 0.086719 0.067187 0.073438
18 0.538281 0.088281 0.076563 0.076563
5 0.629687 0.085938 0.081250 0.071875
15 0.727344 0.096094 0.070312 0.092188
24 0.818750 0.085938 0.081250 0.071875
36 0.092188 0.211719 0.084375 0.076563
11 0.179688 0.211719 0.068750 0.076563
23 0.264844 0.209375 0.073438 0.071875
0 0.346094 0.211719 0.070312 0.076563
6 0.432812 0.209375 0.081250 0.071875
29 0.517188 0.215625 0.053125 0.084375
2 0.591406 0.209375 0.067187 0.071875
4 0.667969 0.211719 0.070312 0.076563
17 0.750000 0.211719 0.071875 0.076563
30 0.837500 0.210938 0.068750 0.075000
17 0.085938 0.327344 0.071875 0.076563
15 0.172656 0.335156 0.070312 0.092188
0 0.249219 0.325781 0.067187 0.073438
24 0.340625 0.325000 0.081250 0.071875
14 0.436719 0.327344 0.073438 0.076563
6 0.528125 0.326562 0.084375 0.075000
36 0.628125 0.327344 0.084375 0.076563
0 0.713281 0.327344 0.070312 0.076563
26 0.800781 0.325781 0.082812 0.073438
37 0.892188 0.327344 0.071875 0.076563
23 0.086719 0.448437 0.073438 0.071875
25 0.173437 0.450000 0.075000 0.075000
27 0.269531 0.453906 0.085938 0.082812
