13 0.089063 0.088281 0.078125 0.076563
19 0.175781 0.092188 0.070312 0.084375
20 0.264062 0.092188 0.071875 0.084375
35 0.361719 0.088281 0.089063 0.076563
4 0.460156 0.089844 0.070312 0.079687
21 0.549219 0.088281 0.079687 0.076563
16 0.636719 0.087500 0.070312 0.075000
2 0.719531 0.085938 0.067187 0.071875
36 0.803125 0.089844 0.084375 0.079687
17 0.887500 0.086719 0.068750 0.073438
14 0.086719 0.203906 0.073438 0.076563
28 0.175781 0.209375 0.082812 0.087500
31 0.263281 0.201563 0.073438 0.071875
14 0.352344 0.202344 0.070312 0.073438
14 0.438281 0.203906 0.073438 0.076563
6 0.525000 0.203125 0.084375 0.075000
4 0.614844 0.205469 0.070312 0.079687
16 0.700781 0.203125 0.070312 0.075000
11 0.793750 0.205469 0.071875 0.079687
25 0.889062 0.203125 0.075000 0.075000
31 0.086719 0.320312 0.073438 0.071875
6 0.176563 0.320312 0.081250 0.071875
34 0.265625 0.325781 0.075000 0.082812
2 0.350781 0.320312 0.067187 0.071875
13 0.437500 0.321094 0.075000 0.073438
24 0.528125 0.320312 0.081250 0.071875
31 0.624219 0.321875 0.076563 0.075000
16 0.708594 0.321875 0.070312 0.075000
28 0.808594 0.329688 0.085938 0.090625
24 0.090625 0.442188 0.081250 0.071875
