14 0.086719 0.088281 0.073438 0.076563
22 0.179688 0.088281 0.084375 0.076563
1 0.277344 0.089063 0.079687 0.078125
0 0.369531 0.086719 0.067187 0.073438
33 0.450000 0.088281 0.071875 0.076563
28 0.546094 0.093750 0.082812 0.087500
37 0.632812 0.086719 0.068750 0.073438
34 0.721875 0.091406 0.075000 0.082812
4 0.814844 0.088281 0.067187 0.076563
1 0.902344 0.090625 0.082812 0.081250
37 0.084375 0.205469 0.068750 0.073438
12 0.176563 0.204687 0.078125 0.071875
1 0.264844 0.207813 0.079687 0.078125
27 0.358594 0.210156 0.085938 0.082812
8 0.442188 0.205469 0.050000 0.073438
24 0.528125 0.204687 0.081250 0.071875
17 0.618750 0.207031 0.071875 0.076563
35 0.713281 0.207031 0.092188 0.076563
7 0.810156 0.204687 0.073438 0.071875
34 0.895312 0.211719 0.081250 0.085938
32 0.085156 0.322656 0.070312 0.073438
24 0.171875 0.321875 0.081250 0.071875
28 0.271094 0.331250 0.085938 0.090625
37 0.370312 0.322656 0.071875 0.073438
2 0.452344 0.323437 0.070312 0.075000
36 0.546875 0.325781 0.084375 0.079687
32 0.633594 0.322656 0.067187 0.073438
32 0.710156 0.322656 0.067187 0.073438
30 0.795312 0.323437 0.068750 0.075000
22 0.878125 0.324219 0.081250 0.076563
17 0.084375 0.444531 0.068750 0.073438
3 0.175781 0.447656 0.070312 0.079687
