34 0.089063 0.091406 0.078125 0.082812
1 0.185156 0.089063 0.079687 0.078125
31 0.280469 0.087500 0.076563 0.075000
27 0.382031 0.091406 0.085938 0.082812
3 0.474219 0.089844 0.070312 0.079687
2 0.552344 0.087500 0.070312 0.075000
17 0.639062 0.086719 0.068750 0.073438
11 0.726562 0.089844 0.071875 0.079687
10 0.818750 0.091406 0.078125 0.082812
24 0.907813 0.087500 0.084375 0.075000
0 0.083594 0.200781 0.067187 0.073438
2 0.172656 0.201563 0.070312 0.075000
21 0.263281 0.200781 0.076563 0.073438
6 0.353125 0.200000 0.081250 0.071875
0 0.447656 0.200781 0.067187 0.073438
16 0.535156 0.201563 0.070312 0.075000
0 0.619531 0.202344 0.070312 0.076563
16 0.703906 0.200000 0.067187 0.071875
5 0.787500 0.203125 0.084375 0.078125
35 0.886719 0.202344 0.089063 0.076563
35 0.096094 0.311719 0.092188 0.076563
36 0.206250 0.311719 0.084375 0.076563
2 0.296094 0.309375 0.067187 0.071875
