30 0.082812 0.085938 0.065625 0.071875
37 0.157812 0.086719 0.068750 0.073438
3 0.249219 0.089844 0.070312 0.079687
16 0.336719 0.087500 0.070312 0.075000
34 0.431250 0.092969 0.078125 0.085938
17 0.525000 0.088281 0.071875 0.076563
4 0.617969 0.089844 0.070312 0.079687
1 0.707031 0.090625 0.082812 0.081250
18 0.807031 0.086719 0.073438 0.073438
24 0.895312 0.087500 0.084375 0.075000
12 0.090625 0.204687 0.081250 0.075000
27 0.185156 0.210156 0.085938 0.085938
17 0.278125 0.205469 0.071875 0.076563
27 0.375781 0.208594 0.085938 0.082812
20 0.473438 0.209375 0.068750 0.084375
2 0.552344 0.203125 0.067187 0.071875
32 0.638281 0.203906 0.067187 0.073438
16 0.713281 0.203125 0.067187 0.071875
26 0.799219 0.207031 0.085938 0.079687
6 0.901563 0.203125 0.081250 0.071875
21 0.089844 0.322656 0.079687 0.076563
36 0.193750 0.322656 0.084375 0.076563
13 0.295312 0.322656 0.078125 0.076563
32 0.377344 0.322656 0.070312 0.076563
7 0.466406 0.321875 0.076563 0.075000
32 0.555469 0.322656 0.070312 0.076563
17 0.634375 0.321094 0.068750 0.073438
17 0.725000 0.322656 0.071875 0.076563
