17 0.085938 0.088281 0.071875 0.076563
26 0.177344 0.088281 0.085938 0.076563
13 0.267188 0.086719 0.075000 0.073438
27 0.355469 0.091406 0.085938 0.082812
33 0.453125 0.088281 0.071875 0.076563
35 0.544531 0.086719 0.089063 0.073438
8 0.626563 0.086719 0.053125 0.073438
26 0.707031 0.088281 0.085938 0.076563
13 0.800000 0.086719 0.075000 0.073438
2 0.882031 0.087500 0.070312 0.075000
7 0.088281 0.201563 0.076563 0.075000
33 0.184375 0.203906 0.075000 0.079687
14 0.269531 0.200781 0.070312 0.073438
20 0.353125 0.207813 0.071875 0.087500
6 0.451562 0.201563 0.084375 0.075000
33 0.543750 0.203906 0.075000 0.079687
0 0.624219 0.202344 0.070312 0.076563
7 0.707031 0.201563 0.076563 0.075000
15 0.791406 0.208594 0.067187 0.089063
20 0.875000 0.206250 0.068750 0.084375
5 0.090625 0.320312 0.081250 0.071875
23 0.191406 0.321875 0.076563 0.075000
23 0.286719 0.320312 0.073438 0.071875
37 0.378125 0.321094 0.068750 0.073438
26 0.464844 0.322656 0.085938 0.076563
15 0.561719 0.328906 0.067187 0.089063
5 0.645312 0.321875 0.084375 0.075000
