35 0.096094 0.088281 0.092188 0.076563
3 0.189844 0.088281 0.067187 0.076563
13 0.281250 0.086719 0.075000 0.073438
9 0.373437 0.085938 0.065625 0.071875
24 0.456250 0.085938 0.081250 0.071875
26 0.557031 0.088281 0.085938 0.076563
37 0.654687 0.086719 0.068750 0.073438
12 0.740625 0.087500 0.081250 0.075000
4 0.828906 0.089844 0.070312 0.079687
21 0.089844 0.199219 0.079687 0.076563
26 0.185156 0.197656 0.082812 0.073438
1 0.289844 0.201563 0.082812 0.081250
32 0.374219 0.197656 0.067187 0.073438
15 0.449219 0.205469 0.067187 0.089063
30 0.526563 0.198437 0.068750 0.075000
25 0.614062 0.196875 0.071875 0.071875
32 0.705469 0.199219 0.070312 0.076563
4 0.782031 0.199219 0.067187 0.076563
19 0.871094 0.203125 0.070312 0.084375
4 0.083594 0.319531 0.067187 0.076563
5 0.179688 0.317188 0.081250 0.071875
1 0.272656 0.321875 0.082812 0.081250
31 0.369531 0.318750 0.076563 0.075000
4 0.463281 0.319531 0.067187 0.076563
16 0.550781 0.317188 0.067187 0.071875
7 0.641406 0.318750 0.076563 0.075000
28 0.744531 0.326562 0.085938 0.090625
