0 0.083594 0.086719 0.067187 0.073438
12 0.164062 0.085938 0.078125 0.071875
8 0.246875 0.088281 0.053125 0.076563
15 0.324219 0.094531 0.070312 0.089063
15 0.408594 0.094531 0.067187 0.089063
12 0.495312 0.087500 0.081250 0.075000
33 0.581250 0.088281 0.071875 0.076563
19 0.671094 0.092188 0.070312 0.084375
9 0.756250 0.085938 0.065625 0.071875
28 0.839844 0.093750 0.082812 0.087500
11 0.084375 0.208594 0.068750 0.076563
3 0.167969 0.208594 0.067187 0.076563
28 0.261719 0.215625 0.085938 0.090625
23 0.358594 0.206250 0.073438 0.071875
0 0.441406 0.207031 0.067187 0.073438
34 0.531250 0.213281 0.078125 0.085938
5 0.626563 0.207813 0.084375 0.075000
21 0.725781 0.208594 0.079687 0.076563
18 0.813281 0.208594 0.076563 0.076563
36 0.900000 0.207031 0.081250 0.073438
22 0.090625 0.328906 0.081250 0.073438
