9 0.082812 0.085938 0.065625 0.071875
7 0.166406 0.085938 0.073438 0.071875
17 0.248438 0.086719 0.068750 0.073438
29 0.325000 0.092188 0.053125 0.084375
18 0.407031 0.086719 0.073438 0.073438
28 0.500781 0.095312 0.085938 0.090625
32 0.591406 0.086719 0.067187 0.073438
16 0.669531 0.085938 0.067187 0.071875
24 0.759375 0.087500 0.081250 0.075000
4 0.847656 0.088281 0.067187 0.076563
0 0.085156 0.210156 0.070312 0.076563
22 0.178125 0.210156 0.084375 0.076563
37 0.268750 0.208594 0.068750 0.073438
2 0.349219 0.207813 0.067187 0.071875
19 0.433594 0.214062 0.070312 0.084375
35 0.522656 0.208594 0.089063 0.073438
37 0.617188 0.210156 0.071875 0.076563
11 0.698438 0.210156 0.068750 0.076563
32 0.785156 0.210156 0.070312 0.076563
34 0.873437 0.213281 0.078125 0.082812
24 0.090625 0.323437 0.081250 0.071875
11 0.184375 0.327344 0.071875 0.079687
23 0.277344 0.325000 0.076563 0.075000
25 0.360938 0.325000 0.075000 0.075000
34 0.451562 0.330469 0.078125 0.085938
4 0.539844 0.325781 0.070312 0.076563
13 0.620313 0.324219 0.075000 0.073438
