15 0.086719 0.096094 0.073438 0.092188
27 0.188281 0.091406 0.085938 0.082812
23 0.278906 0.085938 0.073438 0.071875
31 0.369531 0.087500 0.076563 0.075000
2 0.464844 0.087500 0.070312 0.075000
28 0.560156 0.093750 0.082812 0.087500
16 0.644531 0.085938 0.067187 0.071875
4 0.732031 0.089844 0.070312 0.079687
15 0.817969 0.096094 0.070312 0.092188
2 0.905469 0.085938 0.067187 0.071875
23 0.086719 0.209375 0.073438 0.071875
18 0.172656 0.211719 0.076563 0.076563
28 0.272656 0.218750 0.085938 0.090625
28 0.380469 0.218750 0.085938 0.090625
10 0.478125 0.214844 0.075000 0.082812
26 0.574219 0.211719 0.082812 0.076563
26 0.677344 0.211719 0.085938 0.076563
4 0.774219 0.211719 0.067187 0.076563
3 0.864844 0.213281 0.070312 0.079687
5 0.092188 0.332813 0.084375 0.075000
1 0.197656 0.335938 0.082812 0.081250
17 0.292187 0.332031 0.068750 0.073438
5 0.375000 0.331250 0.081250 0.071875
8 0.456250 0.332031 0.050000 0.073438
31 0.532031 0.332813 0.076563 0.075000
8 0.609375 0.332031 0.050000 0.073438
31 0.689844 0.331250 0.073438 0.071875
