37 0.085938 0.088281 0.071875 0.076563
11 0.168750 0.088281 0.068750 0.076563
35 0.267969 0.086719 0.089063 0.073438
12 0.360938 0.087500 0.081250 0.075000
8 0.435937 0.086719 0.050000 0.073438
23 0.510156 0.085938 0.073438 0.071875
14 0.592969 0.088281 0.073438 0.076563
7 0.685156 0.087500 0.073438 0.075000
17 0.770312 0.086719 0.071875 0.073438
0 0.849219 0.088281 0.070312 0.076563
34 0.089063 0.200781 0.078125 0.085938
33 0.184375 0.197656 0.075000 0.079687
27 0.272656 0.197656 0.082812 0.079687
22 0.370312 0.196094 0.084375 0.076563
29 0.446875 0.200000 0.050000 0.084375
32 0.521094 0.196094 0.070312 0.076563
7 0.603906 0.193750 0.073438 0.071875
9 0.692187 0.193750 0.065625 0.071875
26 0.778906 0.196094 0.085938 0.076563
10 0.873437 0.199219 0.075000 0.082812
20 0.084375 0.317188 0.068750 0.084375
28 0.169531 0.320312 0.085938 0.090625
7 0.271094 0.312500 0.076563 0.075000
1 0.367969 0.315625 0.082812 0.081250
30 0.462500 0.312500 0.068750 0.075000
6 0.557813 0.310937 0.081250 0.071875
32 0.641406 0.311719 0.067187 0.073438
0 0.717969 0.313281 0.070312 0.076563
35 0.813281 0.311719 0.089063 0.073438
12 0.909375 0.310937 0.078125 0.071875
