8 0.075000 0.086719 0.050000 0.073438
36 0.150000 0.086719 0.081250 0.073438
29 0.237500 0.092188 0.050000 0.084375
20 0.306250 0.092188 0.068750 0.084375
17 0.390625 0.088281 0.071875 0.076563
28 0.482031 0.095312 0.085938 0.090625
13 0.579688 0.088281 0.078125 0.076563
35 0.682031 0.089844 0.092188 0.079687
34 0.779687 0.091406 0.075000 0.082812
26 0.875781 0.088281 0.085938 0.076563
29 0.076563 0.214062 0.053125 0.084375
9 0.145313 0.207813 0.068750 0.071875
27 0.233594 0.214844 0.089063 0.085938
19 0.333594 0.214062 0.070312 0.084375
6 0.418750 0.207813 0.081250 0.071875
10 0.507812 0.213281 0.075000 0.082812
3 0.592969 0.210156 0.067187 0.076563
10 0.675000 0.211719 0.075000 0.079687
27 0.777344 0.213281 0.085938 0.082812
26 0.878906 0.210156 0.082812 0.076563
22 0.090625 0.325781 0.081250 0.073438
26 0.182031 0.327344 0.085938 0.076563
10 0.278125 0.328906 0.071875 0.079687
8 0.350000 0.325781 0.050000 0.073438
11 0.429688 0.328906 0.071875 0.079687
8 0.510938 0.325781 0.053125 0.073438
23 0.592969 0.326562 0.076563 0.075000
28 0.688281 0.332813 0.082812 0.087500
9 0.776563 0.326562 0.068750 0.075000
32 0.866406 0.325781 0.067187 0.073438
8 0.076563 0.446094 0.053125 0.076563
26 0.158594 0.444531 0.082812 0.073438
34 0.253125 0.450781 0.078125 0.085938
8 0.334375 0.444531 0.053125 0.073438
