19 0.085156 0.092188 0.070312 0.084375
28 0.175781 0.093750 0.082812 0.087500
4 0.264844 0.089844 0.070312 0.079687
11 0.354687 0.088281 0.068750 0.076563
3 0.442969 0.089844 0.070312 0.079687
27 0.542969 0.092969 0.085938 0.085938
14 0.630469 0.088281 0.073438 0.076563
25 0.714063 0.087500 0.075000 0.075000
13 0.804688 0.086719 0.075000 0.073438
12 0.896875 0.085938 0.078125 0.071875
25 0.085938 0.204687 0.071875 0.071875
13 0.179688 0.207031 0.078125 0.076563
26 0.275781 0.207031 0.085938 0.076563
4 0.372656 0.207031 0.067187 0.076563
18 0.463281 0.205469 0.073438 0.073438
25 0.554688 0.204687 0.071875 0.071875
36 0.650000 0.207031 0.084375 0.076563
8 0.728125 0.205469 0.050000 0.073438
37 0.804688 0.207031 0.071875 0.076563
30 0.893750 0.206250 0.068750 0.075000
11 0.085938 0.316406 0.071875 0.079687
17 0.171875 0.313281 0.068750 0.073438
24 0.256250 0.314063 0.084375 0.075000
9 0.342187 0.312500 0.065625 0.071875
