21 0.088281 0.086719 0.076563 0.073438
0 0.171094 0.086719 0.070312 0.073438
30 0.253125 0.087500 0.068750 0.075000
13 0.335938 0.086719 0.075000 0.073438
10 0.420312 0.089844 0.071875 0.079687
32 0.502344 0.088281 0.070312 0.076563
2 0.592969 0.085938 0.070312 0.071875
35 0.685156 0.089844 0.092188 0.079687
25 0.787500 0.087500 0.075000 0.075000
26 0.874219 0.086719 0.082812 0.073438
36 0.092188 0.199219 0.084375 0.076563
36 0.185938 0.197656 0.081250 0.073438
24 0.279687 0.198437 0.084375 0.075000
14 0.374219 0.197656 0.070312 0.073438
15 0.455469 0.205469 0.067187 0.089063
15 0.538281 0.205469 0.067187 0.089063
15 0.627344 0.205469 0.067187 0.089063
14 0.714844 0.197656 0.070312 0.073438
12 0.809375 0.198437 0.081250 0.075000
35 0.094531 0.317969 0.089063 0.073438
35 0.199219 0.317969 0.089063 0.073438
12 0.300000 0.318750 0.078125 0.075000
16 0.392969 0.317188 0.067187 0.071875
36 0.489063 0.319531 0.084375 0.076563
18 0.588281 0.319531 0.076563 0.076563
1 0.685156 0.321875 0.082812 0.081250
11 0.781250 0.321094 0.071875 0.079687
29 0.857812 0.325000 0.053125 0.087500
3 0.085156 0.439844 0.070312 0.079687
33 0.171875 0.439844 0.075000 0.079687
36 0.262500 0.438281 0.084375 0.076563
37 0.362500 0.438281 0.071875 0.076563
