25 0.085938 0.085938 0.071875 0.071875
1 0.175781 0.089063 0.079687 0.078125
33 0.264062 0.088281 0.075000 0.076563
37 0.350000 0.086719 0.068750 0.073438
8 0.418750 0.086719 0.050000 0.073438
4 0.494531 0.088281 0.067187 0.076563
1 0.589844 0.090625 0.082812 0.081250
26 0.691406 0.086719 0.082812 0.073438
13 0.789062 0.086719 0.075000 0.073438
24 0.885938 0.087500 0.084375 0.075000
5 0.090625 0.198437 0.081250 0.071875
8 0.165625 0.199219 0.050000 0.073438
4 0.241406 0.202344 0.070312 0.079687
27 0.327344 0.203906 0.085938 0.082812
11 0.418750 0.200781 0.068750 0.076563
6 0.504687 0.200000 0.084375 0.075000
30 0.600000 0.198437 0.065625 0.071875
15 0.675781 0.207031 0.067187 0.089063
34 0.764062 0.205469 0.078125 0.085938
17 0.853125 0.200781 0.071875 0.076563
9 0.082812 0.318750 0.065625 0.071875
