10 0.087500 0.089844 0.075000 0.079687
35 0.192969 0.088281 0.092188 0.076563
34 0.293750 0.091406 0.075000 0.082812
18 0.388281 0.086719 0.073438 0.073438
12 0.481250 0.085938 0.078125 0.071875
8 0.567187 0.086719 0.050000 0.073438
9 0.634375 0.085938 0.065625 0.071875
33 0.721875 0.088281 0.071875 0.076563
0 0.800781 0.086719 0.067187 0.073438
5 0.896875 0.087500 0.084375 0.075000
36 0.092188 0.202344 0.084375 0.076563
33 0.185938 0.202344 0.071875 0.076563
24 0.275000 0.200000 0.081250 0.071875
23 0.364844 0.201563 0.076563 0.075000
22 0.459375 0.200781 0.081250 0.073438
21 0.555469 0.200781 0.076563 0.073438
35 0.647656 0.203906 0.092188 0.079687
22 0.746875 0.200781 0.081250 0.073438
22 0.840625 0.200781 0.081250 0.073438
6 0.092188 0.312500 0.084375 0.075000
33 0.181250 0.314844 0.075000 0.079687
17 0.267188 0.311719 0.068750 0.073438
17 0.357812 0.313281 0.071875 0.076563
