35 0.096094 0.088281 0.092188 0.076563
3 0.197656 0.088281 0.067187 0.076563
16 0.285156 0.087500 0.070312 0.075000
22 0.373437 0.088281 0.084375 0.076563
8 0.451562 0.088281 0.053125 0.076563
18 0.525781 0.086719 0.073438 0.073438
18 0.621094 0.086719 0.073438 0.073438
8 0.695312 0.086719 0.050000 0.073438
22 0.775000 0.088281 0.084375 0.076563
7 0.872656 0.087500 0.076563 0.075000
34 0.089063 0.200781 0.078125 0.085938
0 0.172656 0.194531 0.067187 0.073438
13 0.264062 0.194531 0.075000 0.073438
5 0.356250 0.193750 0.081250 0.071875
4 0.446094 0.197656 0.070312 0.079687
37 0.532813 0.194531 0.068750 0.073438
4 0.613281 0.196094 0.067187 0.076563
29 0.690625 0.200000 0.053125 0.084375
27 0.772656 0.199219 0.085938 0.082812
21 0.874219 0.194531 0.076563 0.073438
28 0.094531 0.320312 0.089063 0.090625
23 0.192969 0.312500 0.076563 0.075000
14 0.282031 0.313281 0.073438 0.076563
20 0.371875 0.318750 0.071875 0.087500
23 0.466406 0.310937 0.073438 0.071875
13 0.551562 0.313281 0.078125 0.076563
36 0.648438 0.311719 0.081250 0.073438
11 0.745313 0.313281 0.068750 0.076563
3 0.822656 0.314844 0.070312 0.079687
29 0.895312 0.317188 0.053125 0.084375
14 0.086719 0.435156 0.073438 0.076563
6 0.181250 0.434375 0.084375 0.075000
24 0.273438 0.434375 0.084375 0.075000
