35 0.096094 0.088281 0.092188 0.076563
1 0.202344 0.090625 0.082812 0.081250
9 0.285938 0.085938 0.065625 0.071875
24 0.379688 0.087500 0.084375 0.075000
6 0.478125 0.085938 0.081250 0.071875
6 0.576562 0.087500 0.081250 0.075000
31 0.671094 0.087500 0.076563 0.075000
27 0.760156 0.089844 0.082812 0.079687
36 0.859375 0.088281 0.084375 0.076563
31 0.086719 0.198437 0.073438 0.071875
3 0.167969 0.202344 0.070312 0.079687
15 0.252344 0.207031 0.067187 0.089063
23 0.344531 0.198437 0.073438 0.071875
37 0.431250 0.200781 0.071875 0.076563
19 0.524219 0.204687 0.070312 0.084375
34 0.618750 0.205469 0.078125 0.085938
13 0.717187 0.199219 0.075000 0.073438
36 0.804688 0.199219 0.081250 0.073438
12 0.901563 0.198437 0.078125 0.071875
20 0.084375 0.325000 0.068750 0.084375
9 0.167187 0.320312 0.068750 0.075000
26 0.252344 0.321094 0.085938 0.076563
10 0.350000 0.322656 0.071875 0.079687
16 0.438281 0.318750 0.067187 0.071875
16 0.525781 0.320312 0.070312 0.075000
23 0.614844 0.318750 0.073438 0.071875
6 0.707812 0.320312 0.084375 0.075000
6 0.806250 0.318750 0.081250 0.071875
17 0.892188 0.321094 0.071875 0.076563
24 0.090625 0.435937 0.081250 0.075000
