9 0.084375 0.087500 0.068750 0.075000
36 0.173437 0.086719 0.081250 0.073438
21 0.264844 0.088281 0.079687 0.076563
22 0.356250 0.088281 0.084375 0.076563
11 0.446875 0.089844 0.071875 0.079687
13 0.528125 0.086719 0.075000 0.073438
13 0.623437 0.088281 0.078125 0.076563
22 0.723437 0.086719 0.081250 0.073438
37 0.810937 0.086719 0.068750 0.073438
4 0.891406 0.088281 0.067187 0.076563
30 0.082812 0.196875 0.065625 0.071875
6 0.170313 0.198437 0.084375 0.075000
13 0.271875 0.197656 0.075000 0.073438
20 0.364063 0.204687 0.071875 0.087500
8 0.437500 0.197656 0.050000 0.073438
30 0.504687 0.198437 0.068750 0.075000
19 0.583594 0.203125 0.070312 0.084375
5 0.676562 0.198437 0.084375 0.075000
17 0.768750 0.199219 0.071875 0.076563
30 0.856250 0.196875 0.065625 0.071875
7 0.088281 0.317188 0.076563 0.075000
