8 0.076563 0.088281 0.053125 0.076563
31 0.163281 0.087500 0.076563 0.075000
7 0.253906 0.087500 0.076563 0.075000
20 0.337500 0.092188 0.068750 0.084375
3 0.416406 0.089844 0.070312 0.079687
2 0.497656 0.085938 0.067187 0.071875
13 0.579688 0.086719 0.075000 0.073438
15 0.671094 0.096094 0.070312 0.092188
5 0.768750 0.085938 0.081250 0.071875
2 0.857031 0.085938 0.070312 0.071875
12 0.089063 0.209375 0.078125 0.071875
37 0.176563 0.211719 0.071875 0.076563
0 0.257031 0.210156 0.067187 0.073438
2 0.344531 0.209375 0.067187 0.071875
31 0.422656 0.209375 0.073438 0.071875
1 0.513281 0.214062 0.082812 0.081250
23 0.610156 0.210938 0.076563 0.075000
19 0.700781 0.217188 0.076563 0.087500
4 0.788281 0.213281 0.070312 0.079687
36 0.882812 0.210156 0.081250 0.073438
11 0.084375 0.330469 0.068750 0.076563
5 0.182812 0.329688 0.084375 0.075000
21 0.285156 0.328906 0.076563 0.073438
21 0.374219 0.328906 0.076563 0.073438
27 0.474219 0.333594 0.085938 0.082812
37 0.570312 0.330469 0.071875 0.076563
25 0.654687 0.328125 0.071875 0.071875
30 0.737500 0.329688 0.068750 0.075000
18 0.825781 0.328906 0.073438 0.073438
11 0.910937 0.330469 0.068750 0.076563
35 0.094531 0.442969 0.089063 0.073438
