12 0.089063 0.085938 0.078125 0.071875
15 0.171094 0.094531 0.067187 0.089063
36 0.265625 0.086719 0.081250 0.073438
18 0.363281 0.086719 0.073438 0.073438
32 0.450781 0.088281 0.070312 0.076563
34 0.542188 0.091406 0.075000 0.082812
10 0.629687 0.091406 0.075000 0.082812
22 0.720313 0.086719 0.081250 0.073438
21 0.810156 0.088281 0.079687 0.076563
30 0.900000 0.085938 0.065625 0.071875
7 0.088281 0.207813 0.076563 0.075000
18 0.177344 0.208594 0.076563 0.076563
2 0.266406 0.206250 0.067187 0.071875
6 0.354687 0.207813 0.084375 0.075000
17 0.448437 0.208594 0.071875 0.076563
30 0.540625 0.207813 0.068750 0.075000
26 0.639844 0.208594 0.085938 0.076563
3 0.732031 0.208594 0.067187 0.076563
25 0.812500 0.206250 0.071875 0.071875
28 0.908594 0.214062 0.082812 0.087500
1 0.089844 0.328125 0.079687 0.078125
