24 0.090625 0.085938 0.081250 0.071875
28 0.192969 0.093750 0.082812 0.087500
6 0.296875 0.085938 0.081250 0.071875
13 0.389062 0.088281 0.078125 0.076563
0 0.472656 0.086719 0.067187 0.073438
20 0.559375 0.092188 0.068750 0.084375
24 0.648438 0.087500 0.084375 0.075000
7 0.736719 0.087500 0.076563 0.075000
10 0.820312 0.089844 0.071875 0.079687
33 0.912500 0.088281 0.071875 0.076563
2 0.085156 0.206250 0.070312 0.075000
17 0.175000 0.205469 0.068750 0.073438
32 0.260156 0.205469 0.067187 0.073438
16 0.346094 0.204687 0.067187 0.071875
24 0.442188 0.206250 0.081250 0.075000
36 0.537500 0.205469 0.081250 0.073438
16 0.632031 0.204687 0.067187 0.071875
8 0.700000 0.207031 0.053125 0.076563
4 0.771094 0.207031 0.067187 0.076563
33 0.850000 0.207031 0.071875 0.076563
5 0.092188 0.314063 0.084375 0.075000
28 0.183594 0.320312 0.082812 0.087500
