15 0.083594 0.094531 0.067187 0.089063
17 0.160938 0.088281 0.071875 0.076563
1 0.252344 0.090625 0.082812 0.081250
36 0.342187 0.086719 0.081250 0.073438
3 0.439844 0.089844 0.070312 0.079687
13 0.520312 0.086719 0.075000 0.073438
4 0.600781 0.088281 0.067187 0.076563
25 0.692187 0.085938 0.071875 0.071875
36 0.787500 0.089844 0.084375 0.079687
27 0.883594 0.091406 0.085938 0.082812
2 0.083594 0.206250 0.067187 0.071875
21 0.177344 0.208594 0.079687 0.076563
14 0.272656 0.208594 0.073438 0.076563
9 0.353125 0.206250 0.065625 0.071875
16 0.438281 0.207813 0.070312 0.075000
33 0.518750 0.208594 0.071875 0.076563
13 0.603125 0.207031 0.075000 0.073438
28 0.694531 0.214062 0.082812 0.087500
2 0.792969 0.207813 0.070312 0.075000
29 0.867188 0.212500 0.053125 0.084375
