16 0.083594 0.085938 0.067187 0.071875
8 0.157812 0.086719 0.050000 0.073438
30 0.229687 0.085938 0.065625 0.071875
20 0.314063 0.093750 0.075000 0.087500
26 0.403906 0.086719 0.082812 0.073438
9 0.490625 0.085938 0.065625 0.071875
12 0.579688 0.085938 0.078125 0.071875
3 0.661719 0.088281 0.067187 0.076563
18 0.744531 0.086719 0.073438 0.073438
11 0.832812 0.088281 0.068750 0.076563
18 0.086719 0.205469 0.073438 0.073438
19 0.182031 0.212500 0.073438 0.087500
14 0.264844 0.205469 0.070312 0.073438
15 0.347656 0.213281 0.070312 0.089063
19 0.427344 0.210938 0.070312 0.084375
33 0.512500 0.208594 0.075000 0.079687
31 0.608594 0.206250 0.076563 0.075000
9 0.692187 0.206250 0.068750 0.075000
34 0.785937 0.210156 0.078125 0.082812
27 0.886719 0.208594 0.082812 0.079687
4 0.085156 0.328906 0.070312 0.079687
8 0.159375 0.325781 0.053125 0.073438
22 0.237500 0.327344 0.084375 0.076563
4 0.332031 0.328906 0.070312 0.079687
12 0.417187 0.326562 0.081250 0.075000
29 0.496875 0.332813 0.056250 0.087500
24 0.584375 0.326562 0.084375 0.075000
