23 0.086719 0.085938 0.073438 0.071875
21 0.183594 0.088281 0.079687 0.076563
31 0.282031 0.087500 0.076563 0.075000
19 0.364844 0.092188 0.070312 0.084375
6 0.460938 0.087500 0.084375 0.075000
26 0.557031 0.089844 0.085938 0.079687
34 0.659375 0.091406 0.075000 0.082812
14 0.741406 0.086719 0.070312 0.073438
9 0.826562 0.085938 0.065625 0.071875
3 0.903906 0.088281 0.070312 0.076563
15 0.085156 0.211719 0.070312 0.092188
23 0.175781 0.201563 0.073438 0.071875
23 0.258594 0.203125 0.076563 0.075000
9 0.348438 0.201563 0.068750 0.071875
19 0.430469 0.207813 0.070312 0.084375
27 0.521094 0.205469 0.082812 0.079687
14 0.610156 0.202344 0.070312 0.073438
35 0.708594 0.202344 0.089063 0.073438
14 0.797656 0.203906 0.073438 0.076563
30 0.884375 0.201563 0.065625 0.071875
26 0.092969 0.327344 0.085938 0.076563
36 0.195312 0.327344 0.084375 0.076563
7 0.297656 0.326562 0.076563 0.075000
18 0.383594 0.325781 0.073438 0.073438
11 0.467187 0.328906 0.071875 0.079687
10 0.553125 0.328906 0.071875 0.079687
16 0.642969 0.325000 0.067187 0.071875
4 0.725781 0.327344 0.067187 0.076563
15 0.810156 0.333594 0.070312 0.089063
31 0.905469 0.326562 0.076563 0.075000
33 0.087500 0.449219 0.075000 0.079687
25 0.179688 0.446875 0.075000 0.075000
24 0.268750 0.445312 0.081250 0.071875
