10 0.087500 0.091406 0.075000 0.082812
12 0.182812 0.085938 0.078125 0.071875
7 0.280469 0.087500 0.076563 0.075000
1 0.369531 0.090625 0.082812 0.081250
14 0.464844 0.088281 0.073438 0.076563
1 0.555469 0.089063 0.079687 0.078125
19 0.647656 0.092188 0.070312 0.084375
3 0.728906 0.088281 0.067187 0.076563
20 0.812500 0.092188 0.068750 0.084375
4 0.899219 0.088281 0.067187 0.076563
23 0.086719 0.201563 0.073438 0.071875
5 0.171875 0.201563 0.081250 0.071875
14 0.257031 0.202344 0.070312 0.073438
28 0.355469 0.210938 0.089063 0.090625
20 0.445312 0.207813 0.068750 0.084375
2 0.527344 0.201563 0.067187 0.071875
28 0.611719 0.209375 0.082812 0.087500
17 0.709375 0.202344 0.068750 0.073438
29 0.785937 0.207813 0.050000 0.084375
35 0.871094 0.203906 0.089063 0.076563
37 0.084375 0.324219 0.068750 0.073438
9 0.171875 0.323437 0.065625 0.071875
17 0.248438 0.324219 0.068750 0.073438
24 0.343750 0.323437 0.081250 0.071875
35 0.439844 0.325781 0.092188 0.076563
21 0.532031 0.324219 0.076563 0.073438
14 0.625781 0.325781 0.073438 0.076563
1 0.719531 0.328125 0.082812 0.081250
20 0.810937 0.331250 0.071875 0.087500
