28 0.092969 0.095312 0.085938 0.090625
7 0.185156 0.085938 0.073438 0.071875
14 0.269531 0.086719 0.070312 0.073438
10 0.354687 0.091406 0.075000 0.082812
3 0.449219 0.089844 0.070312 0.079687
4 0.538281 0.089844 0.070312 0.079687
23 0.627344 0.087500 0.076563 0.075000
14 0.724219 0.088281 0.073438 0.076563
5 0.821875 0.085938 0.081250 0.071875
9 0.907813 0.087500 0.068750 0.075000
28 0.092969 0.217188 0.085938 0.090625
29 0.182812 0.215625 0.056250 0.087500
15 0.260156 0.216406 0.070312 0.089063
30 0.350000 0.207813 0.068750 0.071875
10 0.434375 0.211719 0.071875 0.079687
36 0.523438 0.208594 0.081250 0.073438
35 0.627344 0.208594 0.089063 0.073438
22 0.729688 0.210156 0.084375 0.076563
18 0.821094 0.210156 0.076563 0.076563
14 0.910156 0.210156 0.073438 0.076563
36 0.090625 0.330469 0.081250 0.073438
4 0.174219 0.332031 0.067187 0.076563
19 0.250781 0.335938 0.070312 0.084375
30 0.335938 0.329688 0.065625 0.071875
10 0.415625 0.333594 0.071875 0.079687
30 0.503125 0.331250 0.068750 0.075000
