37 0.085938 0.088281 0.071875 0.076563
32 0.171094 0.088281 0.070312 0.076563
4 0.252344 0.088281 0.067187 0.076563
23 0.344531 0.085938 0.073438 0.071875
4 0.422656 0.088281 0.067187 0.076563
36 0.509375 0.086719 0.081250 0.073438
7 0.608594 0.085938 0.073438 0.071875
2 0.692969 0.087500 0.070312 0.075000
7 0.772656 0.085938 0.073438 0.071875
28 0.864844 0.095312 0.085938 0.090625
34 0.087500 0.213281 0.075000 0.082812
19 0.178906 0.214062 0.070312 0.084375
25 0.257812 0.207813 0.071875 0.071875
19 0.338281 0.214062 0.070312 0.084375
33 0.420312 0.211719 0.075000 0.079687
9 0.506250 0.207813 0.065625 0.071875
7 0.597656 0.207813 0.073438 0.071875
29 0.671875 0.214062 0.053125 0.084375
14 0.744531 0.208594 0.070312 0.073438
31 0.835156 0.207813 0.073438 0.071875
