20 0.084375 0.092188 0.068750 0.084375
23 0.171094 0.085938 0.073438 0.071875
26 0.269531 0.088281 0.085938 0.076563
26 0.364844 0.086719 0.082812 0.073438
20 0.454688 0.093750 0.071875 0.087500
2 0.542969 0.085938 0.067187 0.071875
24 0.625000 0.085938 0.081250 0.071875
7 0.711719 0.087500 0.076563 0.075000
10 0.800000 0.089844 0.075000 0.079687
19 0.892969 0.093750 0.073438 0.087500
20 0.084375 0.210938 0.068750 0.084375
12 0.167187 0.204687 0.078125 0.071875
37 0.259375 0.205469 0.068750 0.073438
0 0.342969 0.207031 0.070312 0.076563
33 0.431250 0.208594 0.075000 0.079687
25 0.525000 0.204687 0.071875 0.071875
33 0.614062 0.208594 0.075000 0.079687
19 0.705469 0.212500 0.073438 0.087500
16 0.797656 0.206250 0.070312 0.075000
11 0.885938 0.208594 0.071875 0.079687
11 0.085938 0.327344 0.071875 0.079687
11 0.171875 0.325781 0.068750 0.076563
27 0.257031 0.327344 0.082812 0.079687
3 0.350781 0.325781 0.067187 0.076563
4 0.428906 0.325781 0.067187 0.076563
0 0.507031 0.325781 0.070312 0.076563
13 0.590625 0.325781 0.078125 0.076563
32 0.680469 0.324219 0.070312 0.073438
15 0.767969 0.332031 0.067187 0.089063
19 0.846094 0.329688 0.073438 0.084375
11 0.085938 0.446094 0.071875 0.076563
30 0.170313 0.445312 0.068750 0.075000
24 0.259375 0.443750 0.081250 0.071875
31 0.352344 0.443750 0.073438 0.071875
