24 0.092188 0.087500 0.084375 0.075000
27 0.186719 0.089844 0.082812 0.079687
10 0.278125 0.091406 0.075000 0.082812
29 0.362500 0.092188 0.050000 0.084375
7 0.447656 0.087500 0.076563 0.075000
25 0.531250 0.085938 0.071875 0.071875
15 0.613281 0.096094 0.070312 0.092188
24 0.712500 0.087500 0.084375 0.075000
10 0.809375 0.089844 0.075000 0.079687
6 0.900000 0.087500 0.084375 0.075000
8 0.075000 0.210156 0.050000 0.073438
15 0.152344 0.219531 0.073438 0.092188
11 0.240625 0.211719 0.071875 0.076563
27 0.327344 0.214844 0.085938 0.082812
32 0.416406 0.210156 0.067187 0.073438
25 0.503125 0.209375 0.071875 0.071875
25 0.596875 0.209375 0.071875 0.071875
13 0.690625 0.211719 0.078125 0.076563
25 0.787500 0.210938 0.075000 0.075000
2 0.874219 0.209375 0.067187 0.071875
34 0.087500 0.338281 0.075000 0.082812
24 0.182812 0.334375 0.081250 0.075000
7 0.280469 0.332813 0.073438 0.071875
25 0.371875 0.334375 0.075000 0.075000
12 0.457813 0.334375 0.081250 0.075000
1 0.547656 0.335938 0.079687 0.078125
