21 0.088281 0.086719 0.076563 0.073438
12 0.184375 0.087500 0.081250 0.075000
35 0.280469 0.088281 0.092188 0.076563
28 0.391406 0.095312 0.085938 0.090625
12 0.485938 0.087500 0.081250 0.075000
5 0.576562 0.087500 0.084375 0.075000
18 0.669531 0.088281 0.076563 0.076563
11 0.751563 0.089844 0.071875 0.079687
19 0.839844 0.092188 0.073438 0.084375
22 0.092188 0.210156 0.084375 0.076563
37 0.192188 0.210156 0.071875 0.076563
9 0.281250 0.207813 0.065625 0.071875
36 0.373437 0.210156 0.084375 0.076563
3 0.461719 0.210156 0.067187 0.076563
1 0.542969 0.210938 0.079687 0.078125
33 0.629687 0.211719 0.075000 0.079687
3 0.717969 0.210156 0.070312 0.076563
37 0.800000 0.208594 0.068750 0.073438
23 0.882031 0.207813 0.073438 0.071875
25 0.085938 0.318750 0.071875 0.071875
34 0.175000 0.324219 0.078125 0.082812
1 0.261719 0.321875 0.079687 0.078125
4 0.350781 0.322656 0.070312 0.079687
34 0.435937 0.325781 0.081250 0.085938
16 0.533594 0.320312 0.070312 0.075000
37 0.623437 0.319531 0.068750 0.073438
23 0.710156 0.320312 0.076563 0.075000
21 0.803906 0.319531 0.076563 0.073438
37 0.885938 0.321094 0.071875 0.076563
14 0.086719 0.438281 0.073438 0.076563
