9 0.082812 0.085938 0.065625 0.071875
9 0.164062 0.087500 0.068750 0.075000
29 0.239063 0.093750 0.053125 0.087500
23 0.317969 0.085938 0.073438 0.071875
10 0.412500 0.089844 0.071875 0.079687
17 0.500000 0.086719 0.068750 0.073438
6 0.585938 0.085938 0.081250 0.071875
15 0.678906 0.094531 0.070312 0.089063
23 0.769531 0.087500 0.076563 0.075000
14 0.853906 0.086719 0.070312 0.073438
21 0.088281 0.207031 0.076563 0.073438
14 0.175781 0.208594 0.073438 0.076563
7 0.264844 0.207813 0.076563 0.075000
0 0.353906 0.207031 0.067187 0.073438
10 0.439063 0.210156 0.071875 0.079687
17 0.526563 0.207031 0.068750 0.073438
11 0.614062 0.210156 0.071875 0.079687
2 0.707031 0.207813 0.070312 0.075000
31 0.791406 0.206250 0.073438 0.071875
19 0.872656 0.214062 0.073438 0.087500
5 0.092188 0.326562 0.084375 0.075000
5 0.196875 0.325000 0.081250 0.071875
2 0.294531 0.326562 0.070312 0.075000
3 0.382031 0.327344 0.067187 0.076563
