7 0.086719 0.085938 0.073438 0.071875
3 0.167969 0.089844 0.070312 0.079687
17 0.251563 0.086719 0.068750 0.073438
30 0.337500 0.085938 0.065625 0.071875
8 0.406250 0.086719 0.050000 0.073438
17 0.481250 0.088281 0.071875 0.076563
29 0.565625 0.093750 0.056250 0.087500
20 0.651563 0.093750 0.071875 0.087500
25 0.737500 0.087500 0.075000 0.075000
36 0.835938 0.086719 0.081250 0.073438
13 0.087500 0.205469 0.075000 0.073438
28 0.183594 0.212500 0.082812 0.087500
5 0.284375 0.204687 0.081250 0.071875
30 0.378125 0.204687 0.065625 0.071875
5 0.464062 0.204687 0.081250 0.071875
24 0.557813 0.206250 0.084375 0.075000
22 0.662500 0.207031 0.081250 0.076563
34 0.756250 0.211719 0.078125 0.085938
24 0.856250 0.206250 0.084375 0.075000
36 0.092188 0.325781 0.084375 0.076563
