2 0.083594 0.085938 0.067187 0.071875
27 0.175781 0.091406 0.085938 0.082812
27 0.282031 0.091406 0.085938 0.082812
32 0.377344 0.086719 0.067187 0.073438
11 0.456250 0.088281 0.068750 0.076563
32 0.544531 0.086719 0.067187 0.073438
14 0.633594 0.086719 0.070312 0.073438
1 0.721094 0.089063 0.079687 0.078125
28 0.816406 0.095312 0.089063 0.090625
10 0.087500 0.213281 0.075000 0.082812
21 0.175781 0.208594 0.076563 0.073438
33 0.270313 0.210156 0.071875 0.076563
13 0.367188 0.210156 0.078125 0.076563
12 0.468750 0.209375 0.081250 0.075000
17 0.554688 0.208594 0.068750 0.073438
30 0.632812 0.209375 0.068750 0.075000
23 0.725781 0.209375 0.076563 0.075000
13 0.821875 0.210156 0.078125 0.076563
31 0.088281 0.323437 0.076563 0.075000
28 0.189844 0.331250 0.089063 0.090625
1 0.296094 0.326562 0.082812 0.081250
3 0.391406 0.325781 0.070312 0.079687
20 0.485938 0.329688 0.075000 0.087500
23 0.580469 0.321875 0.073438 0.071875
13 0.671875 0.324219 0.078125 0.076563
9 0.751563 0.321875 0.065625 0.071875
24 0.845313 0.323437 0.084375 0.075000
