30 0.084375 0.087500 0.068750 0.075000
31 0.172656 0.087500 0.076563 0.075000
37 0.267188 0.088281 0.071875 0.076563
35 0.367969 0.089844 0.092188 0.079687
10 0.464062 0.091406 0.075000 0.082812
34 0.554688 0.091406 0.075000 0.082812
23 0.652344 0.087500 0.076563 0.075000
9 0.732812 0.085938 0.065625 0.071875
8 0.809375 0.086719 0.050000 0.073438
30 0.882812 0.085938 0.068750 0.071875
36 0.092188 0.202344 0.084375 0.076563
5 0.182812 0.201563 0.081250 0.075000
32 0.275781 0.200781 0.067187 0.073438
21 0.369531 0.202344 0.079687 0.076563
30 0.459375 0.200000 0.065625 0.071875
34 0.543750 0.205469 0.075000 0.082812
2 0.632031 0.200000 0.067187 0.071875
18 0.716406 0.200781 0.073438 0.073438
2 0.796094 0.200000 0.070312 0.071875
26 0.882031 0.202344 0.085938 0.076563
3 0.083594 0.316406 0.067187 0.076563
5 0.168750 0.315625 0.084375 0.075000
8 0.251563 0.314844 0.053125 0.073438
35 0.344531 0.314844 0.089063 0.073438
22 0.446875 0.316406 0.084375 0.076563
18 0.541406 0.314844 0.073438 0.073438
30 0.631250 0.314063 0.065625 0.071875
26 0.717969 0.314844 0.082812 0.073438
34 0.815625 0.321094 0.078125 0.085938
4 0.911719 0.316406 0.070312 0.076563
