33 0.085938 0.088281 0.071875 0.076563
7 0.177344 0.087500 0.076563 0.075000
37 0.265625 0.086719 0.068750 0.073438
0 0.353906 0.088281 0.070312 0.076563
24 0.450000 0.087500 0.081250 0.075000
13 0.539062 0.088281 0.078125 0.076563
9 0.631250 0.085938 0.065625 0.071875
36 0.723437 0.088281 0.084375 0.076563
20 0.810937 0.092188 0.071875 0.084375
33 0.896875 0.088281 0.071875 0.076563
9 0.082812 0.201563 0.065625 0.071875
9 0.160938 0.203125 0.068750 0.075000
14 0.244531 0.203906 0.073438 0.076563
11 0.325000 0.205469 0.071875 0.079687
6 0.417187 0.204687 0.084375 0.078125
17 0.509375 0.203906 0.071875 0.076563
26 0.608594 0.205469 0.085938 0.079687
2 0.697656 0.201563 0.067187 0.071875
11 0.775000 0.205469 0.071875 0.079687
24 0.865625 0.203125 0.084375 0.075000
