1 0.089844 0.089063 0.079687 0.078125
13 0.178125 0.086719 0.075000 0.073438
17 0.271875 0.086719 0.068750 0.073438
8 0.342187 0.086719 0.053125 0.073438
9 0.420312 0.085938 0.065625 0.071875
5 0.514062 0.085938 0.081250 0.071875
6 0.617188 0.087500 0.081250 0.075000
21 0.716406 0.086719 0.076563 0.073438
8 0.793750 0.088281 0.053125 0.076563
5 0.871875 0.085938 0.081250 0.071875
21 0.088281 0.196094 0.076563 0.073438
32 0.178906 0.196094 0.067187 0.073438
1 0.266406 0.198437 0.079687 0.078125
30 0.357812 0.195312 0.065625 0.071875
24 0.445312 0.196875 0.084375 0.075000
26 0.538281 0.196094 0.082812 0.073438
9 0.632812 0.195312 0.065625 0.071875
3 0.710156 0.199219 0.070312 0.079687
10 0.801562 0.199219 0.071875 0.079687
15 0.886719 0.203906 0.067187 0.089063
23 0.086719 0.315625 0.073438 0.071875
21 0.182031 0.316406 0.076563 0.073438
13 0.270313 0.317969 0.078125 0.076563
4 0.355469 0.317969 0.070312 0.076563
22 0.443750 0.317969 0.084375 0.076563
10 0.540625 0.319531 0.075000 0.079687
28 0.632031 0.325000 0.085938 0.090625
17 0.717187 0.316406 0.068750 0.073438
