30 0.082812 0.085938 0.065625 0.071875
25 0.164062 0.085938 0.071875 0.071875
6 0.259375 0.085938 0.081250 0.071875
4 0.344531 0.089844 0.070312 0.079687
20 0.423438 0.092188 0.068750 0.084375
7 0.508594 0.085938 0.073438 0.071875
13 0.595313 0.088281 0.078125 0.076563
27 0.685156 0.091406 0.085938 0.082812
37 0.775000 0.086719 0.068750 0.073438
20 0.859375 0.092188 0.068750 0.084375
28 0.091406 0.209375 0.082812 0.087500
36 0.190625 0.202344 0.081250 0.073438
22 0.287500 0.202344 0.081250 0.073438
35 0.389844 0.203906 0.092188 0.076563
10 0.485938 0.205469 0.071875 0.079687
34 0.581250 0.208594 0.078125 0.085938
30 0.667188 0.201563 0.065625 0.071875
21 0.757031 0.203906 0.079687 0.076563
17 0.846875 0.202344 0.068750 0.073438
3 0.085156 0.324219 0.070312 0.079687
36 0.182812 0.322656 0.084375 0.076563
36 0.278125 0.321094 0.081250 0.073438
6 0.381250 0.320312 0.081250 0.071875
10 0.471875 0.324219 0.071875 0.079687
7 0.567969 0.321875 0.076563 0.075000
