6 0.090625 0.085938 0.081250 0.071875
29 0.171875 0.092188 0.053125 0.084375
34 0.250000 0.092969 0.078125 0.085938
29 0.325000 0.092188 0.050000 0.084375
27 0.411719 0.089844 0.082812 0.079687
3 0.496094 0.088281 0.067187 0.076563
22 0.585938 0.086719 0.081250 0.073438
32 0.675781 0.086719 0.067187 0.073438
21 0.755469 0.086719 0.076563 0.073438
22 0.842187 0.088281 0.081250 0.076563
7 0.088281 0.204687 0.076563 0.075000
21 0.178906 0.203906 0.076563 0.073438
32 0.260156 0.205469 0.070312 0.076563
8 0.328125 0.203906 0.050000 0.073438
23 0.397656 0.203125 0.073438 0.071875
27 0.488281 0.207031 0.082812 0.079687
23 0.586719 0.203125 0.073438 0.071875
15 0.671094 0.211719 0.067187 0.089063
6 0.759375 0.204687 0.084375 0.075000
14 0.847656 0.203906 0.070312 0.073438
19 0.086719 0.331250 0.073438 0.087500
25 0.179688 0.323437 0.071875 0.071875
2 0.258594 0.323437 0.067187 0.071875
26 0.352344 0.327344 0.085938 0.079687
18 0.450781 0.325781 0.076563 0.076563
20 0.539062 0.331250 0.071875 0.087500
20 0.631250 0.329688 0.071875 0.084375
