16 0.083594 0.085938 0.067187 0.071875
13 0.164062 0.086719 0.075000 0.073438
16 0.255469 0.087500 0.070312 0.075000
5 0.340625 0.087500 0.081250 0.075000
36 0.429688 0.088281 0.081250 0.076563
20 0.514062 0.093750 0.071875 0.087500
30 0.590625 0.085938 0.065625 0.071875
0 0.667969 0.088281 0.070312 0.076563
7 0.760156 0.087500 0.076563 0.075000
35 0.850781 0.086719 0.089063 0.073438
0 0.085156 0.207031 0.070312 0.076563
8 0.156250 0.205469 0.050000 0.073438
24 0.231250 0.204687 0.081250 0.071875
8 0.320312 0.205469 0.053125 0.073438
14 0.400781 0.207031 0.073438 0.076563
24 0.490625 0.206250 0.084375 0.075000
26 0.585156 0.205469 0.082812 0.073438
16 0.674219 0.204687 0.067187 0.071875
37 0.753125 0.205469 0.068750 0.073438
3 0.830469 0.207031 0.067187 0.076563
21 0.911719 0.205469 0.076563 0.073438
28 0.092969 0.321875 0.085938 0.090625
24 0.195312 0.314063 0.084375 0.075000
7 0.283594 0.312500 0.073438 0.071875
36 0.368750 0.313281 0.081250 0.073438
10 0.453125 0.316406 0.071875 0.079687
33 0.546875 0.316406 0.075000 0.079687
4 0.633594 0.314844 0.067187 0.076563
2 0.719531 0.314063 0.070312 0.075000
14 0.813281 0.314844 0.073438 0.076563
15 0.894531 0.322656 0.070312 0.092188
30 0.082812 0.435937 0.065625 0.071875
9 0.160938 0.435937 0.065625 0.071875
14 0.247656 0.438281 0.073438 0.076563
