17 0.085938 0.086719 0.071875 0.073438
2 0.169531 0.085938 0.067187 0.071875
6 0.267188 0.087500 0.084375 0.075000
13 0.356250 0.086719 0.075000 0.073438
9 0.434375 0.085938 0.065625 0.071875
4 0.519531 0.089844 0.070312 0.079687
26 0.614844 0.086719 0.082812 0.073438
16 0.705469 0.085938 0.067187 0.071875
32 0.791406 0.086719 0.067187 0.073438
24 0.887500 0.087500 0.084375 0.075000
23 0.086719 0.196875 0.073438 0.071875
25 0.176563 0.198437 0.075000 0.075000
20 0.265625 0.204687 0.075000 0.087500
24 0.360938 0.198437 0.084375 0.075000
4 0.453906 0.199219 0.067187 0.076563
17 0.543750 0.199219 0.071875 0.076563
18 0.638281 0.197656 0.073438 0.073438
4 0.717969 0.199219 0.067187 0.076563
20 0.795312 0.203125 0.068750 0.084375
9 0.878125 0.198437 0.068750 0.075000
2 0.083594 0.315625 0.067187 0.071875
25 0.171875 0.317188 0.075000 0.075000
24 0.264062 0.315625 0.081250 0.071875
12 0.365625 0.315625 0.078125 0.071875
33 0.460938 0.317969 0.071875 0.076563
5 0.553125 0.318750 0.084375 0.078125
35 0.653906 0.317969 0.092188 0.076563
24 0.762500 0.315625 0.081250 0.071875
17 0.854688 0.317969 0.071875 0.076563
22 0.090625 0.425781 0.081250 0.073438
24 0.189062 0.426563 0.084375 0.075000
24 0.287500 0.425000 0.081250 0.071875
0 0.374219 0.425781 0.067187 0.073438
