1 0.089844 0.089063 0.079687 0.078125
23 0.182031 0.085938 0.073438 0.071875
16 0.272656 0.085938 0.067187 0.071875
2 0.353906 0.087500 0.070312 0.075000
17 0.440625 0.088281 0.071875 0.076563
8 0.512500 0.086719 0.050000 0.073438
11 0.593750 0.088281 0.068750 0.076563
2 0.671094 0.085938 0.067187 0.071875
28 0.764844 0.095312 0.085938 0.090625
15 0.857031 0.094531 0.067187 0.089063
17 0.084375 0.208594 0.068750 0.073438
24 0.178125 0.207813 0.081250 0.071875
9 0.273438 0.207813 0.065625 0.071875
5 0.364063 0.207813 0.081250 0.071875
11 0.460938 0.211719 0.071875 0.079687
14 0.550781 0.208594 0.070312 0.073438
28 0.649219 0.215625 0.082812 0.087500
13 0.740625 0.208594 0.075000 0.073438
20 0.821875 0.214062 0.071875 0.084375
30 0.906250 0.207813 0.065625 0.071875
25 0.085938 0.326562 0.071875 0.071875
35 0.177344 0.328906 0.092188 0.076563
25 0.268750 0.326562 0.071875 0.071875
21 0.363281 0.328906 0.079687 0.076563
7 0.461719 0.328125 0.076563 0.075000
28 0.555469 0.334375 0.082812 0.087500
32 0.649219 0.327344 0.067187 0.073438
22 0.746875 0.328906 0.084375 0.076563
33 0.835938 0.328906 0.071875 0.076563
20 0.084375 0.451562 0.068750 0.084375
3 0.175781 0.449219 0.070312 0.079687
26 0.264844 0.447656 0.085938 0.076563
