6 0.092188 0.087500 0.084375 0.075000
7 0.194531 0.087500 0.076563 0.075000
16 0.280469 0.085938 0.067187 0.071875
30 0.370312 0.087500 0.068750 0.075000
33 0.456250 0.088281 0.071875 0.076563
29 0.532813 0.092188 0.053125 0.084375
29 0.600000 0.093750 0.053125 0.087500
24 0.687500 0.087500 0.084375 0.075000
9 0.775000 0.087500 0.068750 0.075000
14 0.855469 0.086719 0.070312 0.073438
12 0.089063 0.204687 0.078125 0.071875
16 0.175781 0.204687 0.067187 0.071875
16 0.257031 0.206250 0.070312 0.075000
23 0.350781 0.206250 0.076563 0.075000
35 0.457031 0.207031 0.092188 0.076563
33 0.562500 0.208594 0.075000 0.079687
35 0.663281 0.207031 0.092188 0.076563
36 0.767188 0.205469 0.081250 0.073438
13 0.868750 0.207031 0.078125 0.076563
33 0.085938 0.317969 0.071875 0.076563
21 0.175781 0.317969 0.079687 0.076563
37 0.273438 0.317969 0.071875 0.076563
0 0.364844 0.316406 0.067187 0.073438
15 0.447656 0.324219 0.067187 0.089063
18 0.533594 0.317969 0.076563 0.076563
7 0.621094 0.315625 0.073438 0.071875
31 0.705469 0.315625 0.073438 0.071875
29 0.776563 0.321875 0.050000 0.084375
8 0.846875 0.316406 0.053125 0.073438
