0 0.085156 0.088281 0.070312 0.076563
28 0.185156 0.095312 0.085938 0.090625
11 0.282813 0.088281 0.068750 0.076563
35 0.371094 0.086719 0.089063 0.073438
19 0.467969 0.092188 0.070312 0.084375
28 0.558594 0.093750 0.082812 0.087500
6 0.657813 0.085938 0.081250 0.071875
1 0.755469 0.089063 0.079687 0.078125
28 0.844531 0.093750 0.082812 0.087500
37 0.084375 0.208594 0.068750 0.073438
0 0.169531 0.208594 0.067187 0.073438
32 0.247656 0.210156 0.070312 0.076563
37 0.329688 0.210156 0.071875 0.076563
27 0.416406 0.213281 0.085938 0.082812
19 0.510156 0.214062 0.073438 0.084375
28 0.610156 0.217188 0.085938 0.090625
16 0.710156 0.209375 0.070312 0.075000
24 0.796875 0.207813 0.081250 0.071875
21 0.894531 0.208594 0.076563 0.073438
26 0.091406 0.330469 0.082812 0.073438
17 0.182812 0.330469 0.071875 0.073438
14 0.271094 0.332031 0.073438 0.076563
4 0.360156 0.333594 0.070312 0.079687
28 0.447656 0.337500 0.082812 0.087500
29 0.528125 0.335938 0.053125 0.084375
12 0.612500 0.329688 0.078125 0.071875
30 0.698438 0.329688 0.065625 0.071875
34 0.781250 0.336719 0.078125 0.085938
18 0.875781 0.330469 0.073438 0.073438
13 0.087500 0.449219 0.075000 0.073438
30 0.170313 0.448437 0.065625 0.071875
0 0.250781 0.450781 0.070312 0.076563
16 0.328906 0.448437 0.067187 0.071875
