1 0.089844 0.089063 0.079687 0.078125
19 0.180469 0.092188 0.070312 0.084375
7 0.260156 0.085938 0.073438 0.071875
32 0.339844 0.086719 0.067187 0.073438
0 0.424219 0.088281 0.070312 0.076563
18 0.507031 0.088281 0.076563 0.076563
21 0.599219 0.086719 0.076563 0.073438
18 0.688281 0.088281 0.076563 0.076563
29 0.770312 0.093750 0.056250 0.087500
14 0.857031 0.088281 0.073438 0.076563
4 0.085156 0.207031 0.070312 0.076563
9 0.167187 0.204687 0.065625 0.071875
28 0.255469 0.212500 0.082812 0.087500
15 0.346094 0.213281 0.067187 0.089063
3 0.425781 0.208594 0.070312 0.079687
17 0.518750 0.207031 0.071875 0.076563
2 0.597656 0.204687 0.067187 0.071875
24 0.693750 0.204687 0.081250 0.071875
35 0.802344 0.208594 0.092188 0.079687
14 0.900781 0.207031 0.073438 0.076563
7 0.088281 0.326562 0.076563 0.075000
21 0.183594 0.327344 0.079687 0.076563
34 0.278125 0.332031 0.078125 0.085938
35 0.385156 0.327344 0.092188 0.076563
30 0.482812 0.325000 0.065625 0.071875
18 0.569531 0.327344 0.076563 0.076563
13 0.657813 0.327344 0.078125 0.076563
34 0.748437 0.330469 0.075000 0.082812
8 0.832812 0.325781 0.050000 0.073438
10 0.910937 0.328906 0.071875 0.079687
7 0.088281 0.443750 0.076563 0.075000
12 0.178125 0.442188 0.078125 0.071875
24 0.267188 0.443750 0.084375 0.075000
