6 0.090625 0.085938 0.081250 0.071875
32 0.180469 0.086719 0.067187 0.073438
16 0.267969 0.085938 0.067187 0.071875
30 0.357812 0.087500 0.068750 0.075000
0 0.436719 0.086719 0.067187 0.073438
34 0.521875 0.092969 0.081250 0.085938
4 0.619531 0.088281 0.070312 0.076563
21 0.710156 0.086719 0.076563 0.073438
29 0.785937 0.092188 0.050000 0.084375
27 0.866406 0.089844 0.082812 0.079687
27 0.092969 0.208594 0.085938 0.082812
33 0.192188 0.205469 0.071875 0.076563
12 0.282813 0.203125 0.078125 0.071875
22 0.375000 0.205469 0.084375 0.076563
14 0.461719 0.205469 0.073438 0.076563
15 0.547656 0.211719 0.070312 0.089063
36 0.635938 0.203906 0.081250 0.073438
24 0.740625 0.204687 0.084375 0.075000
19 0.838281 0.209375 0.070312 0.084375
28 0.092969 0.332813 0.085938 0.090625
27 0.189844 0.328906 0.085938 0.082812
6 0.289062 0.325000 0.084375 0.075000
21 0.386719 0.325781 0.079687 0.076563
33 0.482812 0.327344 0.075000 0.079687
36 0.571875 0.325781 0.084375 0.076563
19 0.671094 0.329688 0.073438 0.084375
