25 0.085938 0.085938 0.071875 0.071875
18 0.166406 0.086719 0.073438 0.073438
5 0.267188 0.087500 0.084375 0.075000
27 0.364844 0.091406 0.085938 0.082812
0 0.457031 0.088281 0.070312 0.076563
3 0.544531 0.089844 0.070312 0.079687
23 0.628906 0.085938 0.073438 0.071875
4 0.713281 0.089844 0.070312 0.079687
10 0.801562 0.089844 0.071875 0.079687
25 0.890625 0.087500 0.075000 0.075000
8 0.075000 0.200781 0.050000 0.073438
9 0.154688 0.200000 0.065625 0.071875
2 0.232031 0.200000 0.067187 0.071875
25 0.320312 0.200000 0.071875 0.071875
13 0.404687 0.200781 0.075000 0.073438
15 0.489844 0.210156 0.070312 0.092188
22 0.587500 0.202344 0.081250 0.076563
4 0.678906 0.203906 0.070312 0.079687
24 0.765625 0.200000 0.081250 0.071875
16 0.850781 0.201563 0.070312 0.075000
23 0.088281 0.325000 0.076563 0.075000
19 0.172656 0.329688 0.073438 0.084375
3 0.263281 0.327344 0.070312 0.079687
35 0.353906 0.325781 0.092188 0.076563
