19 0.086719 0.093750 0.073438 0.087500
14 0.180469 0.086719 0.070312 0.073438
8 0.259375 0.086719 0.050000 0.073438
14 0.327344 0.086719 0.070312 0.073438
13 0.418750 0.088281 0.078125 0.076563
14 0.505469 0.086719 0.070312 0.073438
24 0.600000 0.089063 0.084375 0.078125
24 0.696875 0.089063 0.084375 0.078125
10 0.793750 0.091406 0.075000 0.082812
32 0.874219 0.086719 0.067187 0.073438
36 0.090625 0.205469 0.081250 0.073438
26 0.194531 0.207031 0.085938 0.076563
21 0.296094 0.207031 0.079687 0.076563
9 0.382812 0.204687 0.065625 0.071875
30 0.462500 0.206250 0.068750 0.075000
31 0.552344 0.204687 0.073438 0.071875
2 0.633594 0.206250 0.070312 0.075000
9 0.725000 0.206250 0.068750 0.075000
14 0.816406 0.205469 0.070312 0.073438
32 0.900781 0.205469 0.067187 0.073438
21 0.088281 0.313281 0.076563 0.073438
8 0.168750 0.313281 0.050000 0.073438
13 0.243750 0.314844 0.078125 0.076563
10 0.342187 0.317969 0.075000 0.082812
2 0.430469 0.314063 0.070312 0.075000
29 0.514062 0.318750 0.053125 0.084375
19 0.591406 0.320312 0.076563 0.087500
19 0.682031 0.318750 0.073438 0.084375
