8 0.075000 0.086719 0.050000 0.073438
32 0.149219 0.088281 0.070312 0.076563
36 0.235937 0.086719 0.081250 0.073438
36 0.334375 0.086719 0.081250 0.073438
6 0.437500 0.087500 0.084375 0.075000
1 0.528906 0.090625 0.082812 0.081250
35 0.632031 0.086719 0.089063 0.073438
16 0.719531 0.085938 0.067187 0.071875
26 0.808594 0.088281 0.085938 0.076563
26 0.902344 0.086719 0.082812 0.073438
12 0.089063 0.198437 0.078125 0.071875
19 0.177344 0.206250 0.073438 0.087500
9 0.262500 0.198437 0.065625 0.071875
22 0.346875 0.200781 0.084375 0.076563
4 0.444531 0.200781 0.067187 0.076563
14 0.532031 0.199219 0.070312 0.073438
36 0.625000 0.199219 0.081250 0.073438
25 0.709375 0.198437 0.071875 0.071875
0 0.786719 0.199219 0.067187 0.073438
35 0.874219 0.199219 0.089063 0.073438
8 0.076563 0.319531 0.053125 0.076563
31 0.152344 0.317188 0.073438 0.071875
36 0.242188 0.319531 0.084375 0.076563
23 0.333594 0.318750 0.076563 0.075000
3 0.424219 0.321094 0.070312 0.079687
29 0.506250 0.323437 0.053125 0.084375
22 0.592187 0.317969 0.081250 0.073438
0 0.675781 0.319531 0.070312 0.076563
9 0.764062 0.317188 0.065625 0.071875
8 0.845313 0.319531 0.053125 0.076563
28 0.091406 0.440625 0.082812 0.087500
0 0.175781 0.433594 0.067187 0.073438
