8 0.075000 0.086719 0.050000 0.073438
11 0.146875 0.089844 0.071875 0.079687
30 0.237500 0.087500 0.068750 0.075000
9 0.318750 0.087500 0.068750 0.075000
32 0.400781 0.086719 0.067187 0.073438
0 0.480469 0.088281 0.070312 0.076563
25 0.567187 0.085938 0.071875 0.071875
18 0.650781 0.088281 0.076563 0.076563
37 0.737500 0.088281 0.071875 0.076563
37 0.818750 0.086719 0.068750 0.073438
18 0.911719 0.086719 0.073438 0.073438
2 0.085156 0.198437 0.070312 0.075000
27 0.180469 0.202344 0.085938 0.082812
33 0.282813 0.200781 0.075000 0.079687
32 0.367969 0.199219 0.070312 0.076563
7 0.449219 0.198437 0.076563 0.075000
17 0.540625 0.197656 0.068750 0.073438
18 0.621094 0.197656 0.073438 0.073438
11 0.706250 0.199219 0.068750 0.076563
10 0.796875 0.200781 0.071875 0.079687
36 0.884375 0.197656 0.081250 0.073438
10 0.087500 0.316406 0.075000 0.082812
29 0.171875 0.318750 0.053125 0.087500
16 0.247656 0.310937 0.067187 0.071875
22 0.343750 0.311719 0.081250 0.073438
