23 0.086719 0.085938 0.073438 0.071875
19 0.175781 0.092188 0.073438 0.084375
10 0.264062 0.091406 0.075000 0.082812
9 0.348438 0.087500 0.068750 0.075000
28 0.446094 0.095312 0.085938 0.090625
7 0.535156 0.085938 0.073438 0.071875
23 0.628906 0.087500 0.076563 0.075000
9 0.721875 0.085938 0.065625 0.071875
0 0.799219 0.088281 0.070312 0.076563
7 0.894531 0.087500 0.076563 0.075000
33 0.085938 0.210156 0.071875 0.076563
17 0.164062 0.208594 0.068750 0.073438
9 0.245312 0.207813 0.068750 0.071875
9 0.332813 0.209375 0.068750 0.075000
27 0.432031 0.213281 0.085938 0.082812
26 0.527344 0.208594 0.082812 0.073438
27 0.633594 0.214844 0.089063 0.085938
21 0.727344 0.210156 0.079687 0.076563
10 0.812500 0.213281 0.075000 0.082812
3 0.903906 0.211719 0.070312 0.079687
24 0.090625 0.325000 0.081250 0.071875
34 0.179688 0.332031 0.078125 0.085938
7 0.267969 0.326562 0.076563 0.075000
29 0.348438 0.331250 0.053125 0.084375
2 0.428906 0.325000 0.067187 0.071875
