22 0.090625 0.086719 0.081250 0.073438
15 0.185156 0.096094 0.070312 0.092188
30 0.276562 0.087500 0.068750 0.075000
9 0.360938 0.087500 0.068750 0.075000
35 0.449219 0.086719 0.089063 0.073438
7 0.541406 0.087500 0.076563 0.075000
31 0.635156 0.087500 0.076563 0.075000
27 0.728906 0.091406 0.085938 0.082812
32 0.822656 0.086719 0.067187 0.073438
25 0.912500 0.087500 0.075000 0.075000
36 0.092188 0.211719 0.084375 0.076563
0 0.183594 0.211719 0.070312 0.076563
22 0.271875 0.211719 0.084375 0.076563
32 0.364844 0.211719 0.070312 0.076563
23 0.457031 0.209375 0.073438 0.071875
27 0.550781 0.213281 0.082812 0.079687
18 0.650781 0.210156 0.073438 0.073438
15 0.742969 0.219531 0.070312 0.092188
5 0.829688 0.210938 0.084375 0.075000
1 0.091406 0.337500 0.082812 0.081250
15 0.186719 0.342969 0.070312 0.092188
12 0.273438 0.332813 0.078125 0.071875
24 0.367188 0.334375 0.084375 0.075000
2 0.464844 0.334375 0.070312 0.075000
33 0.559375 0.336719 0.075000 0.079687
28 0.657031 0.340625 0.082812 0.087500
19 0.753906 0.339062 0.070312 0.084375
