1 0.089844 0.089063 0.079687 0.078125
22 0.179688 0.088281 0.084375 0.076563
12 0.278125 0.085938 0.078125 0.071875
9 0.365625 0.087500 0.068750 0.075000
22 0.450000 0.088281 0.084375 0.076563
11 0.535937 0.088281 0.068750 0.076563
11 0.614062 0.089844 0.071875 0.079687
0 0.699219 0.088281 0.070312 0.076563
2 0.783594 0.087500 0.070312 0.075000
9 0.864062 0.085938 0.065625 0.071875
22 0.090625 0.197656 0.081250 0.073438
1 0.189844 0.201563 0.082812 0.081250
35 0.291406 0.197656 0.089063 0.073438
16 0.386719 0.198437 0.070312 0.075000
19 0.467969 0.204687 0.073438 0.087500
14 0.547656 0.197656 0.070312 0.073438
37 0.632812 0.199219 0.071875 0.076563
26 0.721094 0.197656 0.082812 0.073438
17 0.814063 0.197656 0.068750 0.073438
25 0.896875 0.198437 0.075000 0.075000
25 0.085938 0.315625 0.071875 0.071875
26 0.175781 0.316406 0.082812 0.073438
18 0.271094 0.316406 0.073438 0.073438
