14 0.086719 0.088281 0.073438 0.076563
4 0.172656 0.089844 0.070312 0.079687
18 0.260156 0.086719 0.073438 0.073438
11 0.350000 0.089844 0.071875 0.079687
5 0.448437 0.085938 0.081250 0.071875
6 0.539062 0.087500 0.084375 0.075000
34 0.640625 0.092969 0.078125 0.085938
27 0.736719 0.091406 0.085938 0.082812
30 0.831250 0.085938 0.065625 0.071875
8 0.910937 0.086719 0.050000 0.073438
12 0.090625 0.204687 0.081250 0.075000
21 0.186719 0.205469 0.079687 0.076563
10 0.282813 0.207031 0.071875 0.079687
5 0.376563 0.204687 0.084375 0.075000
29 0.453125 0.209375 0.050000 0.084375
10 0.535937 0.207031 0.071875 0.079687
7 0.617969 0.204687 0.076563 0.075000
14 0.702344 0.203906 0.070312 0.073438
22 0.800000 0.205469 0.084375 0.076563
34 0.898438 0.208594 0.075000 0.082812
6 0.092188 0.320312 0.084375 0.075000
13 0.181250 0.319531 0.075000 0.073438
12 0.276562 0.320312 0.081250 0.075000
5 0.375000 0.320312 0.081250 0.075000
