15 0.086719 0.096094 0.073438 0.092188
2 0.169531 0.085938 0.067187 0.071875
27 0.264844 0.089844 0.082812 0.079687
7 0.360156 0.085938 0.073438 0.071875
6 0.446875 0.087500 0.081250 0.075000
35 0.542969 0.088281 0.092188 0.076563
34 0.635938 0.091406 0.075000 0.082812
26 0.725781 0.086719 0.082812 0.073438
3 0.813281 0.088281 0.067187 0.076563
31 0.905469 0.085938 0.073438 0.071875
37 0.084375 0.210156 0.068750 0.073438
25 0.173437 0.209375 0.071875 0.071875
21 0.267969 0.211719 0.079687 0.076563
25 0.357812 0.209375 0.071875 0.071875
10 0.443750 0.214844 0.075000 0.082812
24 0.535937 0.210938 0.084375 0.075000
17 0.626563 0.210156 0.068750 0.073438
29 0.707812 0.215625 0.053125 0.084375
29 0.773438 0.217188 0.053125 0.087500
16 0.853906 0.209375 0.067187 0.071875
4 0.083594 0.330469 0.067187 0.076563
4 0.172656 0.330469 0.067187 0.076563
28 0.267969 0.337500 0.085938 0.090625
17 0.359375 0.328906 0.068750 0.073438
7 0.439844 0.329688 0.073438 0.075000
3 0.522656 0.330469 0.067187 0.076563
1 0.603906 0.331250 0.079687 0.078125
