20 0.084375 0.092188 0.068750 0.084375
0 0.171094 0.086719 0.067187 0.073438
4 0.249219 0.089844 0.070312 0.079687
8 0.321875 0.086719 0.050000 0.073438
5 0.400000 0.085938 0.081250 0.071875
3 0.492969 0.088281 0.067187 0.076563
30 0.570312 0.085938 0.068750 0.071875
24 0.665625 0.087500 0.084375 0.075000
32 0.758594 0.086719 0.067187 0.073438
15 0.836719 0.094531 0.067187 0.089063
26 0.091406 0.208594 0.082812 0.076563
30 0.184375 0.207813 0.068750 0.075000
2 0.264844 0.206250 0.067187 0.071875
31 0.353906 0.206250 0.073438 0.071875
4 0.436719 0.210156 0.070312 0.079687
15 0.519531 0.214844 0.067187 0.089063
29 0.600000 0.214062 0.053125 0.087500
16 0.675781 0.206250 0.067187 0.071875
9 0.760938 0.206250 0.065625 0.071875
19 0.836719 0.212500 0.070312 0.084375
1 0.091406 0.331250 0.082812 0.081250
31 0.188281 0.326562 0.073438 0.071875
