25 0.087500 0.087500 0.075000 0.075000
35 0.182031 0.088281 0.089063 0.076563
35 0.289844 0.088281 0.092188 0.076563
28 0.388281 0.095312 0.085938 0.090625
13 0.479687 0.088281 0.078125 0.076563
16 0.563281 0.085938 0.067187 0.071875
37 0.643750 0.086719 0.068750 0.073438
27 0.736719 0.089844 0.082812 0.079687
20 0.826562 0.093750 0.071875 0.087500
32 0.916406 0.086719 0.067187 0.073438
22 0.092188 0.210156 0.084375 0.076563
9 0.190625 0.207813 0.068750 0.071875
23 0.271094 0.207813 0.073438 0.071875
36 0.357812 0.211719 0.084375 0.079687
19 0.455469 0.214062 0.070312 0.084375
37 0.537500 0.208594 0.068750 0.073438
19 0.624219 0.215625 0.073438 0.087500
35 0.725781 0.210156 0.089063 0.076563
5 0.834375 0.209375 0.084375 0.075000
28 0.092969 0.335938 0.085938 0.090625
31 0.189844 0.326562 0.073438 0.071875
25 0.284375 0.326562 0.071875 0.071875
26 0.375781 0.328906 0.082812 0.076563
35 0.480469 0.330469 0.092188 0.079687
19 0.572656 0.332813 0.070312 0.084375
4 0.652344 0.330469 0.070312 0.079687
36 0.750000 0.327344 0.081250 0.073438
