26 0.092969 0.088281 0.085938 0.076563
36 0.187500 0.086719 0.081250 0.073438
18 0.278906 0.086719 0.073438 0.073438
19 0.369531 0.093750 0.073438 0.087500
34 0.465625 0.091406 0.075000 0.082812
24 0.559375 0.087500 0.081250 0.075000
12 0.656250 0.087500 0.081250 0.075000
6 0.746875 0.087500 0.084375 0.075000
11 0.842187 0.088281 0.068750 0.076563
2 0.083594 0.204687 0.067187 0.071875
34 0.165625 0.211719 0.078125 0.085938
24 0.256250 0.206250 0.081250 0.075000
29 0.342187 0.210938 0.050000 0.084375
19 0.416406 0.210938 0.070312 0.084375
24 0.514062 0.204687 0.081250 0.071875
7 0.599219 0.204687 0.073438 0.071875
28 0.696094 0.212500 0.082812 0.087500
32 0.789844 0.207031 0.070312 0.076563
36 0.887500 0.207031 0.084375 0.076563
13 0.089063 0.325781 0.078125 0.076563
9 0.173437 0.323437 0.065625 0.071875
0 0.255469 0.324219 0.067187 0.073438
13 0.350000 0.325781 0.078125 0.076563
14 0.435156 0.324219 0.070312 0.073438
