35 0.096094 0.089844 0.092188 0.079687
27 0.202344 0.089844 0.082812 0.079687
6 0.298438 0.087500 0.081250 0.075000
28 0.394531 0.093750 0.082812 0.087500
6 0.487500 0.087500 0.084375 0.075000
34 0.585938 0.092969 0.081250 0.085938
33 0.679688 0.089844 0.075000 0.079687
29 0.765625 0.093750 0.053125 0.087500
25 0.840625 0.087500 0.075000 0.075000
27 0.091406 0.208594 0.082812 0.079687
34 0.185938 0.210156 0.075000 0.082812
2 0.264844 0.204687 0.067187 0.071875
35 0.364844 0.207031 0.089063 0.076563
37 0.454688 0.205469 0.068750 0.073438
14 0.536719 0.207031 0.073438 0.076563
0 0.614844 0.205469 0.067187 0.073438
0 0.700781 0.205469 0.067187 0.073438
34 0.793750 0.210156 0.075000 0.082812
17 0.882812 0.205469 0.068750 0.073438
36 0.090625 0.319531 0.081250 0.073438
21 0.185156 0.319531 0.076563 0.073438
24 0.287500 0.321875 0.084375 0.078125
16 0.385156 0.318750 0.067187 0.071875
31 0.471094 0.318750 0.073438 0.071875
17 0.553125 0.319531 0.068750 0.073438
5 0.650000 0.320312 0.084375 0.075000
2 0.733594 0.318750 0.067187 0.071875
5 0.817187 0.321875 0.084375 0.078125
30 0.910937 0.318750 0.065625 0.071875
