21 0.088281 0.086719 0.076563 0.073438
31 0.182031 0.085938 0.073438 0.071875
22 0.278125 0.086719 0.081250 0.073438
35 0.372656 0.088281 0.092188 0.076563
36 0.473438 0.088281 0.084375 0.076563
30 0.565625 0.085938 0.065625 0.071875
0 0.652344 0.088281 0.070312 0.076563
3 0.738281 0.088281 0.067187 0.076563
36 0.829688 0.088281 0.084375 0.076563
20 0.084375 0.200000 0.068750 0.084375
22 0.171875 0.194531 0.081250 0.073438
17 0.257812 0.194531 0.068750 0.073438
36 0.351562 0.196094 0.084375 0.076563
35 0.461719 0.196094 0.092188 0.076563
6 0.568750 0.193750 0.081250 0.071875
10 0.659375 0.199219 0.075000 0.082812
17 0.746875 0.194531 0.068750 0.073438
35 0.839844 0.194531 0.089063 0.073438
20 0.084375 0.315625 0.068750 0.084375
34 0.179688 0.316406 0.078125 0.085938
20 0.276562 0.317188 0.075000 0.087500
35 0.378906 0.313281 0.092188 0.079687
2 0.472656 0.310937 0.070312 0.075000
13 0.553125 0.310156 0.075000 0.073438
12 0.642188 0.309375 0.078125 0.071875
18 0.735156 0.310156 0.073438 0.073438
31 0.825781 0.310937 0.076563 0.075000
2 0.908594 0.309375 0.067187 0.071875
31 0.088281 0.429688 0.076563 0.075000
37 0.182812 0.430469 0.071875 0.076563
7 0.267969 0.429688 0.076563 0.075000
19 0.352344 0.434375 0.070312 0.084375
30 0.432812 0.429688 0.068750 0.075000
