19 0.086719 0.093750 0.073438 0.087500
27 0.188281 0.091406 0.085938 0.082812
12 0.284375 0.087500 0.081250 0.075000
8 0.370312 0.086719 0.053125 0.073438
7 0.452344 0.087500 0.073438 0.075000
14 0.536719 0.086719 0.070312 0.073438
30 0.621875 0.087500 0.068750 0.075000
5 0.717187 0.085938 0.081250 0.071875
1 0.819531 0.089063 0.079687 0.078125
24 0.092188 0.206250 0.084375 0.075000
19 0.177344 0.210938 0.070312 0.084375
3 0.255469 0.207031 0.070312 0.076563
19 0.344531 0.212500 0.076563 0.087500
20 0.432812 0.210938 0.068750 0.084375
25 0.520312 0.206250 0.075000 0.075000
0 0.608594 0.205469 0.067187 0.073438
14 0.696094 0.207031 0.073438 0.076563
17 0.782813 0.205469 0.068750 0.073438
35 0.872656 0.205469 0.089063 0.073438
0 0.083594 0.324219 0.067187 0.073438
6 0.181250 0.326562 0.084375 0.078125
