21 0.088281 0.086719 0.076563 0.073438
5 0.176563 0.085938 0.081250 0.071875
25 0.273438 0.085938 0.071875 0.071875
8 0.356250 0.086719 0.050000 0.073438
20 0.428125 0.093750 0.075000 0.087500
26 0.524219 0.089844 0.085938 0.079687
3 0.613281 0.089844 0.070312 0.079687
13 0.704688 0.086719 0.075000 0.073438
4 0.794531 0.089844 0.070312 0.079687
7 0.878906 0.085938 0.073438 0.071875
22 0.090625 0.205469 0.081250 0.073438
16 0.175781 0.204687 0.067187 0.071875
23 0.253906 0.204687 0.073438 0.071875
19 0.342969 0.210938 0.070312 0.084375
11 0.434375 0.207031 0.068750 0.076563
28 0.525781 0.214062 0.085938 0.090625
16 0.619531 0.204687 0.067187 0.071875
15 0.703906 0.214844 0.070312 0.092188
31 0.794531 0.206250 0.076563 0.075000
9 0.873437 0.204687 0.065625 0.071875
28 0.092969 0.337500 0.085938 0.090625
12 0.189062 0.329688 0.081250 0.075000
16 0.286719 0.329688 0.070312 0.075000
13 0.371875 0.328906 0.075000 0.073438
33 0.454688 0.332031 0.075000 0.079687
31 0.544531 0.329688 0.076563 0.075000
31 0.642969 0.329688 0.076563 0.075000
36 0.740625 0.328906 0.081250 0.073438
9 0.831250 0.329688 0.068750 0.075000
