4 0.085156 0.089844 0.070312 0.079687
28 0.172656 0.093750 0.082812 0.087500
0 0.264844 0.086719 0.067187 0.073438
9 0.348438 0.087500 0.068750 0.075000
27 0.438281 0.089844 0.082812 0.079687
12 0.526563 0.085938 0.078125 0.071875
34 0.612500 0.091406 0.075000 0.082812
37 0.706250 0.088281 0.071875 0.076563
5 0.798438 0.087500 0.084375 0.075000
18 0.886719 0.088281 0.076563 0.076563
12 0.090625 0.206250 0.081250 0.075000
5 0.184375 0.206250 0.084375 0.075000
22 0.279687 0.207031 0.084375 0.076563
27 0.378906 0.208594 0.082812 0.079687
16 0.474219 0.206250 0.070312 0.075000
26 0.564844 0.205469 0.082812 0.073438
9 0.648438 0.206250 0.068750 0.075000
6 0.739062 0.204687 0.081250 0.071875
33 0.832812 0.208594 0.075000 0.079687
9 0.082812 0.315625 0.065625 0.071875
4 0.160156 0.317969 0.067187 0.076563
8 0.234375 0.317969 0.053125 0.076563
2 0.313281 0.317188 0.070312 0.075000
19 0.392969 0.323437 0.073438 0.087500
11 0.487500 0.319531 0.071875 0.079687
7 0.583594 0.317188 0.076563 0.075000
2 0.667969 0.317188 0.070312 0.075000
17 0.748437 0.316406 0.068750 0.073438
19 0.828906 0.321875 0.070312 0.084375
4 0.908594 0.319531 0.070312 0.079687
34 0.087500 0.439844 0.075000 0.082812
1 0.183594 0.437500 0.079687 0.078125
30 0.276562 0.434375 0.065625 0.071875
