11 0.085938 0.089844 0.071875 0.079687
19 0.171094 0.092188 0.070312 0.084375
24 0.264062 0.089063 0.084375 0.078125
30 0.353125 0.087500 0.068750 0.075000
20 0.435937 0.092188 0.068750 0.084375
31 0.524219 0.085938 0.073438 0.071875
1 0.621094 0.090625 0.082812 0.081250
34 0.709375 0.091406 0.075000 0.082812
21 0.799219 0.086719 0.076563 0.073438
4 0.882031 0.089844 0.070312 0.079687
14 0.085156 0.202344 0.070312 0.073438
29 0.167187 0.207813 0.050000 0.084375
17 0.245312 0.203906 0.071875 0.076563
6 0.332813 0.201563 0.081250 0.071875
5 0.423438 0.203125 0.084375 0.075000
31 0.525781 0.203125 0.076563 0.075000
30 0.614062 0.201563 0.065625 0.071875
33 0.696875 0.205469 0.075000 0.079687
10 0.793750 0.207031 0.075000 0.082812
33 0.884375 0.203906 0.075000 0.076563
