5 0.092188 0.087500 0.084375 0.075000
2 0.185156 0.085938 0.067187 0.071875
10 0.270313 0.091406 0.075000 0.082812
12 0.364063 0.085938 0.078125 0.071875
12 0.462500 0.087500 0.081250 0.075000
18 0.549219 0.088281 0.076563 0.076563
9 0.634375 0.085938 0.065625 0.071875
29 0.712500 0.092188 0.050000 0.084375
22 0.785937 0.086719 0.081250 0.073438
7 0.877344 0.085938 0.073438 0.071875
4 0.085156 0.205469 0.070312 0.079687
25 0.178125 0.201563 0.071875 0.071875
14 0.258594 0.202344 0.070312 0.073438
17 0.343750 0.202344 0.068750 0.073438
17 0.425000 0.202344 0.068750 0.073438
25 0.515625 0.203125 0.075000 0.075000
34 0.601562 0.208594 0.081250 0.085938
13 0.692187 0.202344 0.075000 0.073438
18 0.785156 0.203906 0.076563 0.076563
37 0.873437 0.203906 0.071875 0.076563
5 0.092188 0.320312 0.084375 0.075000
25 0.179688 0.320312 0.075000 0.075000
6 0.276562 0.318750 0.081250 0.071875
21 0.367969 0.321094 0.079687 0.076563
18 0.463281 0.321094 0.076563 0.076563
