14 0.085156 0.086719 0.070312 0.073438
32 0.171094 0.086719 0.067187 0.073438
30 0.259375 0.085938 0.065625 0.071875
17 0.346875 0.088281 0.071875 0.076563
29 0.421875 0.092188 0.050000 0.084375
1 0.499219 0.090625 0.082812 0.081250
14 0.592969 0.088281 0.073438 0.076563
0 0.683594 0.086719 0.067187 0.073438
14 0.772656 0.088281 0.073438 0.076563
30 0.850000 0.085938 0.065625 0.071875
29 0.076563 0.207813 0.053125 0.084375
11 0.157812 0.203906 0.068750 0.076563
35 0.257031 0.203906 0.092188 0.076563
35 0.363281 0.205469 0.092188 0.079687
11 0.454688 0.203906 0.068750 0.076563
7 0.544531 0.203125 0.076563 0.075000
9 0.628125 0.201563 0.065625 0.071875
17 0.714063 0.202344 0.068750 0.073438
13 0.798438 0.203906 0.078125 0.076563
10 0.887500 0.205469 0.071875 0.079687
28 0.092969 0.326562 0.085938 0.090625
22 0.198437 0.317969 0.081250 0.073438
26 0.294531 0.317969 0.082812 0.073438
20 0.381250 0.325000 0.071875 0.087500
1 0.467969 0.320312 0.079687 0.078125
25 0.553125 0.317188 0.071875 0.071875
19 0.635156 0.323437 0.070312 0.084375
