3 0.083594 0.088281 0.067187 0.076563
3 0.158594 0.088281 0.067187 0.076563
12 0.245312 0.085938 0.078125 0.071875
24 0.337500 0.085938 0.081250 0.071875
30 0.431250 0.085938 0.065625 0.071875
32 0.519531 0.086719 0.067187 0.073438
23 0.600781 0.087500 0.073438 0.075000
6 0.690625 0.087500 0.084375 0.075000
34 0.784375 0.092969 0.078125 0.085938
10 0.882812 0.091406 0.075000 0.082812
28 0.091406 0.210938 0.082812 0.087500
4 0.175781 0.205469 0.067187 0.076563
6 0.265625 0.203125 0.081250 0.071875
0 0.357031 0.205469 0.070312 0.076563
12 0.442188 0.204687 0.081250 0.075000
29 0.529687 0.209375 0.050000 0.084375
26 0.619531 0.205469 0.085938 0.076563
24 0.717187 0.203125 0.081250 0.071875
32 0.811719 0.203906 0.067187 0.073438
34 0.904687 0.210156 0.078125 0.085938
3 0.085156 0.325781 0.070312 0.079687
