25 0.087500 0.087500 0.075000 0.075000
2 0.174219 0.087500 0.070312 0.075000
24 0.257812 0.085938 0.081250 0.071875
1 0.350781 0.090625 0.082812 0.081250
10 0.442188 0.091406 0.075000 0.082812
20 0.526563 0.092188 0.071875 0.084375
9 0.604688 0.087500 0.068750 0.075000
17 0.693750 0.086719 0.071875 0.073438
18 0.777344 0.088281 0.076563 0.076563
17 0.870313 0.086719 0.068750 0.073438
14 0.086719 0.203906 0.073438 0.076563
6 0.179688 0.203125 0.084375 0.075000
37 0.265625 0.202344 0.068750 0.073438
21 0.357031 0.203906 0.076563 0.076563
2 0.446094 0.201563 0.067187 0.071875
15 0.532031 0.211719 0.070312 0.092188
30 0.609375 0.201563 0.068750 0.071875
22 0.703125 0.202344 0.081250 0.073438
1 0.797656 0.204687 0.079687 0.078125
9 0.887500 0.203125 0.068750 0.075000
33 0.085938 0.327344 0.071875 0.076563
8 0.159375 0.327344 0.053125 0.076563
24 0.237500 0.325000 0.081250 0.071875
19 0.325781 0.331250 0.070312 0.084375
5 0.412500 0.325000 0.081250 0.071875
6 0.504687 0.325000 0.081250 0.071875
25 0.598437 0.326562 0.075000 0.075000
13 0.693750 0.325781 0.075000 0.073438
0 0.785156 0.325781 0.067187 0.073438
3 0.861719 0.327344 0.067187 0.076563
15 0.083594 0.449219 0.067187 0.089063
34 0.176563 0.447656 0.078125 0.085938
16 0.269531 0.440625 0.067187 0.071875
