26 0.092969 0.088281 0.085938 0.076563
21 0.183594 0.086719 0.076563 0.073438
23 0.267969 0.087500 0.076563 0.075000
35 0.363281 0.088281 0.092188 0.076563
26 0.472656 0.086719 0.082812 0.073438
12 0.573438 0.087500 0.081250 0.075000
12 0.667188 0.087500 0.081250 0.075000
2 0.755469 0.087500 0.070312 0.075000
28 0.855469 0.095312 0.085938 0.090625
32 0.085156 0.210156 0.070312 0.076563
33 0.178125 0.211719 0.075000 0.079687
1 0.266406 0.212500 0.082812 0.081250
9 0.360938 0.209375 0.068750 0.075000
6 0.456250 0.207813 0.081250 0.071875
1 0.553906 0.212500 0.082812 0.081250
31 0.644531 0.207813 0.073438 0.071875
32 0.724219 0.208594 0.067187 0.073438
34 0.810937 0.214844 0.078125 0.085938
10 0.901563 0.213281 0.075000 0.082812
3 0.083594 0.327344 0.067187 0.076563
31 0.167969 0.325000 0.073438 0.071875
18 0.260156 0.327344 0.076563 0.076563
37 0.345313 0.325781 0.068750 0.073438
4 0.435156 0.327344 0.067187 0.076563
22 0.531250 0.327344 0.084375 0.076563
35 0.628906 0.325781 0.089063 0.073438
7 0.732031 0.326562 0.076563 0.075000
9 0.815625 0.325000 0.065625 0.071875
36 0.092188 0.435156 0.084375 0.076563
35 0.194531 0.436719 0.092188 0.079687
3 0.291406 0.436719 0.070312 0.079687
30 0.367188 0.432812 0.065625 0.071875
