0 0.085156 0.088281 0.070312 0.076563
35 0.175781 0.086719 0.089063 0.073438
16 0.263281 0.085938 0.067187 0.071875
19 0.349219 0.092188 0.070312 0.084375
15 0.432031 0.094531 0.067187 0.089063
16 0.508594 0.085938 0.067187 0.071875
4 0.597656 0.088281 0.067187 0.076563
22 0.684375 0.089844 0.084375 0.079687
4 0.775781 0.088281 0.067187 0.076563
31 0.866406 0.087500 0.076563 0.075000
17 0.085938 0.208594 0.071875 0.076563
2 0.177344 0.206250 0.067187 0.071875
18 0.266406 0.207031 0.073438 0.073438
4 0.349219 0.208594 0.067187 0.076563
0 0.427344 0.207031 0.067187 0.073438
8 0.496875 0.207031 0.053125 0.073438
12 0.579688 0.207813 0.081250 0.075000
19 0.677344 0.214062 0.073438 0.087500
28 0.764844 0.214062 0.082812 0.087500
29 0.851562 0.212500 0.053125 0.084375
17 0.084375 0.325781 0.068750 0.073438
2 0.167969 0.326562 0.070312 0.075000
32 0.257031 0.325781 0.067187 0.073438
26 0.352344 0.327344 0.085938 0.076563
