24 0.090625 0.085938 0.081250 0.071875
22 0.189062 0.088281 0.084375 0.076563
15 0.275781 0.096094 0.073438 0.092188
21 0.364844 0.086719 0.076563 0.073438
16 0.447656 0.085938 0.067187 0.071875
9 0.531250 0.085938 0.068750 0.071875
1 0.621094 0.089063 0.079687 0.078125
27 0.716406 0.092969 0.089063 0.085938
29 0.803125 0.092188 0.050000 0.084375
11 0.881250 0.089844 0.071875 0.079687
1 0.091406 0.214062 0.082812 0.081250
34 0.187500 0.214844 0.075000 0.082812
10 0.270313 0.213281 0.071875 0.079687
16 0.355469 0.210938 0.070312 0.075000
29 0.423438 0.215625 0.050000 0.084375
29 0.485938 0.215625 0.050000 0.084375
0 0.557031 0.210156 0.070312 0.073438
20 0.640625 0.217188 0.071875 0.087500
14 0.728906 0.210156 0.070312 0.073438
36 0.817187 0.210156 0.081250 0.073438
18 0.911719 0.210156 0.073438 0.073438
11 0.085938 0.332031 0.071875 0.079687
16 0.175781 0.328125 0.067187 0.071875
1 0.271094 0.332813 0.082812 0.081250
20 0.356250 0.334375 0.068750 0.084375
18 0.447656 0.330469 0.076563 0.076563
37 0.535937 0.328906 0.071875 0.073438
35 0.628906 0.330469 0.092188 0.076563
17 0.720313 0.330469 0.071875 0.076563
35 0.811719 0.332031 0.092188 0.079687
26 0.091406 0.444531 0.082812 0.073438
6 0.182812 0.445312 0.084375 0.075000
15 0.277344 0.452344 0.067187 0.089063
11 0.354687 0.446094 0.068750 0.076563
