5 0.090625 0.085938 0.081250 0.071875
33 0.181250 0.088281 0.071875 0.076563
31 0.263281 0.087500 0.076563 0.075000
24 0.357812 0.087500 0.084375 0.075000
15 0.453906 0.096094 0.070312 0.092188
27 0.541406 0.089844 0.082812 0.079687
18 0.630469 0.088281 0.076563 0.076563
37 0.725000 0.088281 0.071875 0.076563
10 0.817187 0.091406 0.075000 0.082812
11 0.910937 0.088281 0.068750 0.076563
9 0.082812 0.209375 0.065625 0.071875
35 0.171094 0.211719 0.092188 0.076563
36 0.278125 0.210156 0.081250 0.073438
30 0.375000 0.210938 0.068750 0.075000
32 0.463281 0.211719 0.070312 0.076563
26 0.563281 0.211719 0.085938 0.076563
16 0.653906 0.210938 0.070312 0.075000
31 0.736719 0.209375 0.073438 0.071875
26 0.835156 0.211719 0.085938 0.076563
22 0.090625 0.317969 0.081250 0.073438
