2 0.083594 0.085938 0.067187 0.071875
32 0.158594 0.086719 0.067187 0.073438
14 0.242969 0.086719 0.070312 0.073438
28 0.332031 0.095312 0.085938 0.090625
7 0.425781 0.085938 0.073438 0.071875
22 0.518750 0.086719 0.081250 0.073438
14 0.614844 0.086719 0.070312 0.073438
35 0.702344 0.086719 0.089063 0.073438
5 0.810937 0.087500 0.084375 0.075000
31 0.899219 0.085938 0.073438 0.071875
37 0.084375 0.208594 0.068750 0.073438
2 0.169531 0.207813 0.067187 0.071875
4 0.246094 0.211719 0.070312 0.079687
15 0.336719 0.216406 0.067187 0.089063
19 0.424219 0.215625 0.073438 0.087500
11 0.509375 0.211719 0.071875 0.079687
16 0.589844 0.209375 0.070312 0.075000
33 0.671875 0.211719 0.075000 0.079687
8 0.748437 0.208594 0.053125 0.073438
17 0.825000 0.210156 0.071875 0.076563
1 0.091406 0.332813 0.082812 0.081250
32 0.182031 0.330469 0.070312 0.076563
11 0.270313 0.330469 0.068750 0.076563
7 0.353906 0.328125 0.073438 0.071875
28 0.450781 0.335938 0.082812 0.087500
22 0.550000 0.330469 0.084375 0.076563
18 0.642969 0.328906 0.073438 0.073438
3 0.736719 0.332031 0.070312 0.079687
23 0.817969 0.328125 0.073438 0.071875
25 0.912500 0.328125 0.071875 0.071875
25 0.087500 0.448437 0.075000 0.075000
26 0.185156 0.449219 0.082812 0.076563
0 0.269531 0.449219 0.070312 0.076563
12 0.353125 0.448437 0.081250 0.075000
