32 0.085156 0.088281 0.070312 0.076563
25 0.171875 0.085938 0.071875 0.071875
37 0.262500 0.088281 0.071875 0.076563
18 0.355469 0.088281 0.076563 0.076563
19 0.436719 0.092188 0.070312 0.084375
11 0.517188 0.089844 0.071875 0.079687
11 0.595313 0.088281 0.068750 0.076563
36 0.687500 0.088281 0.084375 0.076563
19 0.778906 0.092188 0.070312 0.084375
35 0.875781 0.086719 0.089063 0.073438
5 0.092188 0.203125 0.084375 0.075000
0 0.191406 0.203906 0.070312 0.076563
37 0.276562 0.203906 0.071875 0.076563
20 0.368750 0.207813 0.068750 0.084375
24 0.451562 0.201563 0.081250 0.071875
29 0.539062 0.209375 0.053125 0.087500
14 0.622656 0.202344 0.070312 0.073438
17 0.714063 0.203906 0.071875 0.076563
13 0.810937 0.203906 0.078125 0.076563
16 0.903906 0.201563 0.067187 0.071875
30 0.084375 0.321875 0.068750 0.075000
23 0.177344 0.321875 0.076563 0.075000
33 0.262500 0.324219 0.075000 0.079687
22 0.360938 0.321094 0.081250 0.073438
0 0.450781 0.321094 0.070312 0.073438
32 0.538281 0.321094 0.067187 0.073438
2 0.625781 0.320312 0.067187 0.071875
7 0.703906 0.320312 0.073438 0.071875
