18 0.086719 0.086719 0.073438 0.073438
5 0.173437 0.085938 0.081250 0.071875
16 0.257031 0.087500 0.070312 0.075000
19 0.344531 0.092188 0.073438 0.084375
5 0.435937 0.087500 0.081250 0.075000
4 0.521094 0.089844 0.070312 0.079687
32 0.600781 0.086719 0.067187 0.073438
0 0.685156 0.086719 0.070312 0.073438
33 0.775000 0.089844 0.075000 0.079687
9 0.856250 0.087500 0.068750 0.075000
32 0.085156 0.203906 0.070312 0.076563
30 0.165625 0.201563 0.065625 0.071875
30 0.242188 0.201563 0.065625 0.071875
24 0.323437 0.201563 0.081250 0.071875
33 0.414062 0.205469 0.075000 0.079687
1 0.500781 0.204687 0.079687 0.078125
21 0.600781 0.202344 0.076563 0.073438
8 0.675000 0.202344 0.053125 0.073438
10 0.759375 0.207031 0.075000 0.082812
22 0.857812 0.205469 0.084375 0.079687
33 0.087500 0.319531 0.075000 0.079687
2 0.180469 0.317188 0.070312 0.075000
3 0.266406 0.319531 0.070312 0.079687
19 0.355469 0.323437 0.073438 0.087500
9 0.448437 0.317188 0.068750 0.075000
0 0.530469 0.316406 0.067187 0.073438
7 0.622656 0.315625 0.073438 0.071875
25 0.715625 0.317188 0.075000 0.075000
