20 0.085938 0.093750 0.071875 0.087500
24 0.182812 0.087500 0.081250 0.075000
12 0.282813 0.085938 0.078125 0.071875
4 0.375781 0.088281 0.067187 0.076563
24 0.460938 0.085938 0.081250 0.071875
14 0.553906 0.086719 0.070312 0.073438
2 0.639844 0.085938 0.067187 0.071875
17 0.721875 0.088281 0.071875 0.076563
9 0.801562 0.085938 0.065625 0.071875
13 0.895312 0.088281 0.078125 0.076563
8 0.075000 0.205469 0.050000 0.073438
10 0.148438 0.208594 0.075000 0.079687
34 0.234375 0.210156 0.075000 0.082812
6 0.323437 0.206250 0.084375 0.075000
22 0.415625 0.207031 0.084375 0.076563
34 0.507812 0.210156 0.075000 0.082812
26 0.603906 0.205469 0.082812 0.073438
4 0.700781 0.208594 0.070312 0.079687
25 0.779687 0.204687 0.071875 0.071875
25 0.867188 0.204687 0.071875 0.071875
34 0.087500 0.324219 0.075000 0.082812
26 0.177344 0.321094 0.085938 0.076563
9 0.273438 0.320312 0.068750 0.075000
29 0.345313 0.326562 0.056250 0.087500
7 0.419531 0.318750 0.073438 0.071875
23 0.516406 0.320312 0.076563 0.075000
28 0.608594 0.328125 0.085938 0.090625
18 0.708594 0.319531 0.073438 0.073438
0 0.794531 0.321094 0.070312 0.076563
30 0.870313 0.318750 0.065625 0.071875
8 0.075000 0.441406 0.050000 0.073438
