19 0.086719 0.093750 0.073438 0.087500
33 0.170313 0.089844 0.075000 0.079687
35 0.266406 0.086719 0.089063 0.073438
10 0.365625 0.091406 0.078125 0.082812
37 0.454688 0.086719 0.068750 0.073438
10 0.539062 0.091406 0.075000 0.082812
26 0.630469 0.088281 0.085938 0.076563
19 0.725781 0.093750 0.073438 0.087500
13 0.817187 0.088281 0.078125 0.076563
21 0.905469 0.086719 0.076563 0.073438
33 0.085938 0.207031 0.071875 0.076563
37 0.176563 0.207031 0.071875 0.076563
9 0.262500 0.204687 0.065625 0.071875
1 0.350781 0.209375 0.082812 0.081250
17 0.434375 0.205469 0.068750 0.073438
37 0.518750 0.207031 0.071875 0.076563
30 0.609375 0.206250 0.068750 0.075000
1 0.707031 0.209375 0.082812 0.081250
20 0.798438 0.212500 0.071875 0.087500
26 0.891406 0.205469 0.082812 0.073438
25 0.085938 0.323437 0.071875 0.071875
2 0.166406 0.323437 0.067187 0.071875
7 0.250781 0.323437 0.073438 0.071875
9 0.339062 0.325000 0.068750 0.075000
24 0.421875 0.323437 0.081250 0.071875
25 0.517188 0.325000 0.075000 0.075000
14 0.610156 0.325781 0.073438 0.076563
2 0.699219 0.325000 0.070312 0.075000
14 0.789844 0.325781 0.073438 0.076563
21 0.878906 0.324219 0.076563 0.073438
6 0.090625 0.431250 0.081250 0.071875
