35 0.094531 0.086719 0.089063 0.073438
2 0.185156 0.087500 0.070312 0.075000
6 0.279687 0.085938 0.081250 0.071875
3 0.367969 0.088281 0.067187 0.076563
8 0.446875 0.086719 0.050000 0.073438
3 0.514844 0.089844 0.070312 0.079687
7 0.610156 0.087500 0.076563 0.075000
9 0.689063 0.085938 0.065625 0.071875
23 0.771094 0.085938 0.073438 0.071875
10 0.864062 0.089844 0.071875 0.079687
23 0.088281 0.198437 0.076563 0.075000
32 0.177344 0.199219 0.070312 0.076563
36 0.276562 0.199219 0.084375 0.076563
8 0.367188 0.197656 0.053125 0.073438
8 0.432812 0.197656 0.050000 0.073438
16 0.500781 0.198437 0.070312 0.075000
36 0.592187 0.197656 0.081250 0.073438
31 0.683594 0.196875 0.073438 0.071875
4 0.772656 0.200781 0.070312 0.079687
0 0.858594 0.197656 0.067187 0.073438
