10 0.085938 0.089844 0.071875 0.079687
13 0.178125 0.086719 0.075000 0.073438
16 0.269531 0.087500 0.070312 0.075000
0 0.350781 0.086719 0.067187 0.073438
7 0.435156 0.087500 0.076563 0.075000
10 0.521875 0.091406 0.075000 0.082812
6 0.614062 0.087500 0.081250 0.075000
1 0.707031 0.090625 0.082812 0.081250
0 0.796094 0.086719 0.070312 0.073438
9 0.885938 0.085938 0.065625 0.071875
4 0.085156 0.203906 0.070312 0.079687
14 0.167969 0.202344 0.073438 0.076563
32 0.255469 0.202344 0.070312 0.076563
3 0.342969 0.202344 0.067187 0.076563
34 0.432812 0.205469 0.075000 0.082812
9 0.523438 0.201563 0.068750 0.075000
37 0.603125 0.200781 0.068750 0.073438
4 0.686719 0.202344 0.067187 0.076563
21 0.777344 0.200781 0.076563 0.073438
6 0.868750 0.200000 0.081250 0.071875
9 0.082812 0.314063 0.065625 0.071875
18 0.174219 0.314844 0.073438 0.073438
