28 0.091406 0.093750 0.082812 0.087500
32 0.178906 0.086719 0.067187 0.073438
26 0.271094 0.088281 0.085938 0.076563
9 0.356250 0.085938 0.065625 0.071875
8 0.423438 0.086719 0.053125 0.073438
10 0.501563 0.089844 0.071875 0.079687
19 0.591406 0.092188 0.070312 0.084375
19 0.682031 0.093750 0.076563 0.087500
25 0.768750 0.085938 0.071875 0.071875
36 0.854688 0.088281 0.084375 0.076563
21 0.088281 0.205469 0.076563 0.073438
6 0.182812 0.206250 0.084375 0.075000
6 0.287500 0.207813 0.084375 0.078125
18 0.386719 0.207031 0.076563 0.076563
35 0.491406 0.207031 0.092188 0.076563
22 0.595313 0.205469 0.081250 0.073438
30 0.687500 0.206250 0.068750 0.075000
21 0.780469 0.205469 0.076563 0.073438
1 0.877344 0.207813 0.079687 0.078125
5 0.092188 0.315625 0.084375 0.075000
21 0.183594 0.314844 0.076563 0.073438
27 0.271094 0.317969 0.082812 0.079687
36 0.368750 0.316406 0.081250 0.076563
4 0.464844 0.317969 0.070312 0.079687
12 0.548438 0.315625 0.081250 0.075000
8 0.623437 0.314844 0.050000 0.073438
35 0.702344 0.314844 0.089063 0.073438
23 0.796094 0.314063 0.073438 0.071875
16 0.880469 0.314063 0.067187 0.071875
6 0.090625 0.425000 0.081250 0.071875
