27 0.091406 0.089844 0.082812 0.079687
35 0.200781 0.089844 0.092188 0.079687
26 0.303906 0.088281 0.085938 0.076563
33 0.404687 0.088281 0.071875 0.076563
24 0.496875 0.087500 0.084375 0.075000
1 0.596094 0.089063 0.079687 0.078125
32 0.680469 0.088281 0.070312 0.076563
26 0.777344 0.086719 0.082812 0.073438
8 0.854688 0.086719 0.050000 0.073438
12 0.090625 0.198437 0.081250 0.075000
12 0.179688 0.196875 0.078125 0.071875
12 0.276562 0.196875 0.078125 0.071875
13 0.373437 0.197656 0.075000 0.073438
4 0.458594 0.199219 0.067187 0.076563
34 0.546875 0.203906 0.078125 0.085938
17 0.642188 0.197656 0.071875 0.073438
24 0.731250 0.198437 0.081250 0.075000
37 0.820312 0.199219 0.071875 0.076563
25 0.901563 0.198437 0.075000 0.075000
27 0.092969 0.319531 0.085938 0.082812
29 0.171875 0.321875 0.053125 0.087500
36 0.251563 0.314844 0.081250 0.073438
24 0.354687 0.315625 0.084375 0.075000
8 0.443750 0.314844 0.050000 0.073438
2 0.511719 0.315625 0.070312 0.075000
4 0.597656 0.316406 0.070312 0.076563
29 0.676562 0.320312 0.053125 0.084375
33 0.751563 0.317969 0.075000 0.079687
33 0.839063 0.316406 0.071875 0.076563
10 0.085938 0.436719 0.071875 0.079687
34 0.181250 0.439844 0.081250 0.085938
31 0.271094 0.432812 0.073438 0.071875
9 0.351562 0.434375 0.068750 0.075000
37 0.432812 0.435156 0.071875 0.076563
