22 0.090625 0.086719 0.081250 0.073438
15 0.175781 0.096094 0.070312 0.092188
5 0.271875 0.087500 0.081250 0.075000
13 0.357812 0.086719 0.075000 0.073438
0 0.436719 0.086719 0.067187 0.073438
34 0.523438 0.091406 0.078125 0.082812
35 0.628906 0.086719 0.089063 0.073438
27 0.728906 0.089844 0.082812 0.079687
32 0.824219 0.086719 0.067187 0.073438
12 0.089063 0.209375 0.078125 0.071875
18 0.175781 0.211719 0.076563 0.076563
22 0.276562 0.211719 0.084375 0.076563
13 0.367188 0.210156 0.075000 0.073438
6 0.454688 0.209375 0.081250 0.071875
6 0.559375 0.212500 0.084375 0.078125
10 0.651563 0.214844 0.075000 0.082812
22 0.750000 0.211719 0.084375 0.076563
0 0.833594 0.210156 0.067187 0.073438
21 0.089844 0.325781 0.079687 0.076563
0 0.174219 0.325781 0.070312 0.076563
2 0.266406 0.325000 0.070312 0.075000
5 0.350000 0.323437 0.081250 0.071875
11 0.437500 0.325781 0.068750 0.076563
8 0.514062 0.324219 0.053125 0.073438
19 0.589844 0.329688 0.070312 0.084375
34 0.684375 0.330469 0.078125 0.085938
15 0.769531 0.333594 0.070312 0.092188
17 0.848437 0.324219 0.068750 0.073438
15 0.085156 0.457031 0.070312 0.092188
