9 0.084375 0.087500 0.068750 0.075000
19 0.175781 0.093750 0.073438 0.087500
16 0.255469 0.087500 0.070312 0.075000
33 0.345313 0.089844 0.075000 0.079687
21 0.428906 0.086719 0.076563 0.073438
33 0.515625 0.089844 0.075000 0.079687
11 0.609375 0.088281 0.071875 0.076563
31 0.703906 0.085938 0.073438 0.071875
4 0.789844 0.088281 0.067187 0.076563
27 0.878906 0.089844 0.082812 0.079687
27 0.091406 0.208594 0.082812 0.079687
0 0.183594 0.205469 0.067187 0.073438
21 0.269531 0.207031 0.076563 0.076563
10 0.362500 0.208594 0.071875 0.079687
16 0.446094 0.206250 0.070312 0.075000
31 0.527344 0.206250 0.076563 0.075000
20 0.615625 0.212500 0.071875 0.087500
8 0.687500 0.205469 0.053125 0.073438
8 0.760938 0.205469 0.050000 0.073438
10 0.840625 0.210156 0.075000 0.082812
0 0.085156 0.325781 0.070312 0.076563
15 0.167969 0.332031 0.070312 0.089063
31 0.250781 0.323437 0.073438 0.071875
7 0.338281 0.323437 0.073438 0.071875
0 0.430469 0.324219 0.067187 0.073438
12 0.525000 0.325000 0.081250 0.075000
33 0.623437 0.327344 0.075000 0.079687
22 0.718750 0.324219 0.081250 0.073438
1 0.813281 0.328125 0.082812 0.081250
17 0.900000 0.324219 0.068750 0.073438
20 0.087500 0.451562 0.075000 0.087500
1 0.174219 0.446875 0.079687 0.078125
7 0.269531 0.443750 0.073438 0.071875
