4 0.083594 0.088281 0.067187 0.076563
17 0.159375 0.086719 0.068750 0.073438
27 0.258594 0.091406 0.085938 0.082812
1 0.358594 0.090625 0.082812 0.081250
11 0.456250 0.088281 0.068750 0.076563
11 0.539062 0.088281 0.068750 0.076563
19 0.627344 0.093750 0.073438 0.087500
6 0.723437 0.085938 0.081250 0.071875
11 0.818750 0.088281 0.068750 0.076563
1 0.902344 0.090625 0.082812 0.081250
30 0.082812 0.204687 0.065625 0.071875
35 0.171094 0.207031 0.092188 0.076563
19 0.275781 0.210938 0.073438 0.084375
29 0.350000 0.210938 0.053125 0.084375
37 0.428125 0.205469 0.068750 0.073438
15 0.507031 0.214844 0.070312 0.092188
0 0.588281 0.205469 0.067187 0.073438
36 0.676562 0.205469 0.081250 0.073438
26 0.772656 0.207031 0.085938 0.076563
9 0.864062 0.206250 0.068750 0.075000
16 0.083594 0.328125 0.067187 0.071875
7 0.164844 0.328125 0.073438 0.071875
6 0.257812 0.328125 0.081250 0.071875
16 0.342969 0.328125 0.067187 0.071875
