3 0.083594 0.088281 0.067187 0.076563
6 0.173437 0.085938 0.081250 0.071875
34 0.271875 0.092969 0.078125 0.085938
36 0.367188 0.088281 0.084375 0.076563
23 0.469531 0.087500 0.076563 0.075000
34 0.565625 0.091406 0.075000 0.082812
13 0.660937 0.086719 0.075000 0.073438
14 0.755469 0.086719 0.070312 0.073438
25 0.840625 0.085938 0.071875 0.071875
9 0.082812 0.203125 0.065625 0.071875
18 0.175781 0.205469 0.076563 0.076563
27 0.275781 0.208594 0.085938 0.082812
15 0.372656 0.211719 0.067187 0.089063
36 0.462500 0.205469 0.084375 0.076563
25 0.556250 0.204687 0.075000 0.075000
29 0.631250 0.209375 0.050000 0.084375
7 0.711719 0.204687 0.076563 0.075000
2 0.800781 0.204687 0.070312 0.075000
5 0.885938 0.204687 0.084375 0.075000
6 0.090625 0.323437 0.081250 0.071875
20 0.182812 0.331250 0.071875 0.087500
