35 0.094531 0.086719 0.089063 0.073438
28 0.191406 0.095312 0.085938 0.090625
4 0.278906 0.088281 0.067187 0.076563
30 0.365625 0.087500 0.068750 0.075000
30 0.453125 0.085938 0.065625 0.071875
15 0.528906 0.096094 0.070312 0.092188
1 0.621094 0.089063 0.079687 0.078125
21 0.717969 0.086719 0.076563 0.073438
14 0.805469 0.088281 0.073438 0.076563
14 0.896094 0.088281 0.073438 0.076563
27 0.091406 0.213281 0.082812 0.079687
19 0.180469 0.215625 0.070312 0.084375
32 0.271094 0.210156 0.067187 0.073438
5 0.362500 0.210938 0.084375 0.075000
34 0.459375 0.214844 0.075000 0.082812
23 0.553906 0.209375 0.073438 0.071875
24 0.650000 0.209375 0.081250 0.071875
16 0.732031 0.209375 0.067187 0.071875
27 0.825781 0.214844 0.085938 0.082812
29 0.906250 0.215625 0.050000 0.084375
20 0.084375 0.331250 0.068750 0.084375
26 0.174219 0.327344 0.082812 0.076563
5 0.267188 0.325000 0.081250 0.071875
