2 0.085156 0.087500 0.070312 0.075000
8 0.154688 0.086719 0.053125 0.073438
1 0.239844 0.089063 0.079687 0.078125
10 0.329688 0.089844 0.071875 0.079687
11 0.414062 0.089844 0.071875 0.079687
37 0.503125 0.086719 0.068750 0.073438
21 0.599219 0.088281 0.079687 0.076563
13 0.690625 0.088281 0.078125 0.076563
0 0.785156 0.086719 0.067187 0.073438
27 0.878906 0.091406 0.085938 0.082812
34 0.087500 0.205469 0.075000 0.082812
37 0.167187 0.200781 0.068750 0.073438
33 0.260937 0.203906 0.075000 0.079687
14 0.342969 0.200781 0.070312 0.073438
30 0.428125 0.200000 0.065625 0.071875
32 0.508594 0.202344 0.070312 0.076563
11 0.587500 0.202344 0.071875 0.076563
27 0.674219 0.205469 0.085938 0.082812
4 0.764844 0.203906 0.070312 0.079687
29 0.842187 0.206250 0.053125 0.084375
31 0.088281 0.317188 0.076563 0.075000
26 0.189844 0.316406 0.082812 0.073438
17 0.279687 0.316406 0.068750 0.073438
35 0.382031 0.317969 0.092188 0.076563
13 0.482812 0.316406 0.075000 0.073438
15 0.575781 0.324219 0.067187 0.089063
