33 0.085938 0.088281 0.071875 0.076563
36 0.176563 0.088281 0.084375 0.076563
32 0.267969 0.086719 0.067187 0.073438
7 0.360156 0.085938 0.073438 0.071875
25 0.450000 0.087500 0.075000 0.075000
12 0.537500 0.085938 0.078125 0.071875
32 0.628906 0.088281 0.070312 0.076563
13 0.717187 0.088281 0.078125 0.076563
4 0.805469 0.088281 0.067187 0.076563
16 0.892969 0.085938 0.067187 0.071875
3 0.083594 0.196094 0.067187 0.076563
18 0.166406 0.196094 0.076563 0.076563
11 0.246875 0.196094 0.068750 0.076563
4 0.335156 0.197656 0.070312 0.079687
30 0.425000 0.195312 0.068750 0.075000
6 0.515625 0.193750 0.081250 0.071875
6 0.606250 0.195312 0.084375 0.075000
20 0.700000 0.200000 0.068750 0.084375
7 0.791406 0.195312 0.076563 0.075000
32 0.885156 0.196094 0.070312 0.076563
27 0.091406 0.313281 0.082812 0.079687
