34 0.089063 0.092969 0.078125 0.085938
8 0.170313 0.086719 0.050000 0.073438
32 0.241406 0.088281 0.070312 0.076563
0 0.327344 0.086719 0.067187 0.073438
32 0.408594 0.086719 0.067187 0.073438
26 0.499219 0.088281 0.085938 0.076563
21 0.591406 0.088281 0.079687 0.076563
3 0.685156 0.088281 0.067187 0.076563
35 0.782031 0.088281 0.092188 0.076563
20 0.875000 0.093750 0.071875 0.087500
35 0.096094 0.208594 0.092188 0.079687
10 0.198437 0.210156 0.075000 0.082812
19 0.280469 0.212500 0.073438 0.087500
19 0.366406 0.210938 0.070312 0.084375
35 0.460156 0.205469 0.089063 0.073438
34 0.553125 0.210156 0.078125 0.082812
16 0.646094 0.204687 0.067187 0.071875
32 0.733594 0.205469 0.067187 0.073438
34 0.828125 0.211719 0.078125 0.085938
31 0.086719 0.323437 0.073438 0.071875
15 0.177344 0.332031 0.067187 0.089063
33 0.257812 0.325781 0.071875 0.076563
20 0.342187 0.329688 0.068750 0.084375
14 0.433594 0.324219 0.070312 0.073438
11 0.514062 0.325781 0.068750 0.076563
25 0.604688 0.325000 0.075000 0.075000
13 0.696875 0.325781 0.078125 0.076563
2 0.778906 0.323437 0.067187 0.071875
37 0.864062 0.324219 0.068750 0.073438
11 0.084375 0.446094 0.068750 0.076563
13 0.164062 0.444531 0.075000 0.073438
