21 0.088281 0.086719 0.076563 0.073438
3 0.178906 0.088281 0.070312 0.076563
17 0.271875 0.088281 0.071875 0.076563
26 0.372656 0.088281 0.085938 0.076563
27 0.474219 0.089844 0.082812 0.079687
29 0.557813 0.093750 0.053125 0.087500
5 0.634375 0.087500 0.084375 0.075000
27 0.725781 0.089844 0.082812 0.079687
12 0.823438 0.087500 0.081250 0.075000
12 0.089063 0.204687 0.078125 0.071875
6 0.185938 0.206250 0.084375 0.075000
4 0.272656 0.208594 0.070312 0.079687
15 0.355469 0.213281 0.067187 0.089063
24 0.439063 0.206250 0.084375 0.075000
36 0.535937 0.205469 0.081250 0.073438
6 0.640625 0.206250 0.084375 0.075000
29 0.731250 0.210938 0.053125 0.084375
24 0.818750 0.204687 0.081250 0.071875
21 0.089844 0.327344 0.079687 0.076563
11 0.185938 0.328906 0.071875 0.079687
8 0.260937 0.325781 0.050000 0.073438
26 0.346094 0.325781 0.082812 0.073438
30 0.428125 0.325000 0.065625 0.071875
15 0.510156 0.333594 0.067187 0.089063
13 0.601562 0.327344 0.078125 0.076563
30 0.684375 0.326562 0.068750 0.075000
1 0.766406 0.328125 0.079687 0.078125
24 0.867188 0.326562 0.084375 0.075000
12 0.090625 0.446875 0.081250 0.075000
7 0.182031 0.445312 0.073438 0.071875
34 0.281250 0.452344 0.081250 0.085938
1 0.371094 0.450000 0.082812 0.081250
