34 0.087500 0.091406 0.075000 0.082812
27 0.189844 0.091406 0.085938 0.082812
21 0.278906 0.086719 0.076563 0.073438
29 0.362500 0.092188 0.053125 0.084375
36 0.443750 0.088281 0.081250 0.076563
0 0.538281 0.088281 0.070312 0.076563
35 0.627344 0.086719 0.089063 0.073438
5 0.726562 0.087500 0.084375 0.075000
10 0.821875 0.091406 0.075000 0.082812
22 0.092188 0.203906 0.084375 0.076563
15 0.185156 0.211719 0.070312 0.092188
35 0.278906 0.202344 0.089063 0.073438
22 0.379688 0.203906 0.084375 0.076563
35 0.477344 0.205469 0.092188 0.079687
6 0.571875 0.201563 0.081250 0.071875
20 0.668750 0.207813 0.068750 0.084375
24 0.765625 0.201563 0.081250 0.071875
13 0.862500 0.203906 0.078125 0.076563
7 0.086719 0.326562 0.073438 0.075000
30 0.175000 0.325000 0.065625 0.071875
3 0.253906 0.327344 0.067187 0.076563
34 0.334375 0.330469 0.075000 0.082812
4 0.422656 0.328906 0.070312 0.079687
28 0.508594 0.332813 0.085938 0.087500
0 0.605469 0.325781 0.067187 0.073438
32 0.683594 0.325781 0.067187 0.073438
16 0.766406 0.325000 0.070312 0.071875
21 0.857031 0.325781 0.076563 0.073438
21 0.088281 0.444531 0.076563 0.073438
4 0.178906 0.446094 0.067187 0.076563
25 0.264062 0.443750 0.071875 0.071875
30 0.345313 0.445312 0.068750 0.075000
35 0.441406 0.444531 0.089063 0.073438
