23 0.086719 0.085938 0.073438 0.071875
20 0.170313 0.092188 0.068750 0.084375
30 0.248438 0.087500 0.068750 0.075000
33 0.335938 0.089844 0.075000 0.079687
1 0.425781 0.089063 0.079687 0.078125
23 0.519531 0.087500 0.076563 0.075000
31 0.610156 0.087500 0.076563 0.075000
23 0.696094 0.085938 0.073438 0.071875
27 0.783594 0.089844 0.082812 0.079687
9 0.876563 0.085938 0.065625 0.071875
20 0.085938 0.209375 0.071875 0.087500
15 0.169531 0.210156 0.070312 0.089063
22 0.264062 0.203906 0.084375 0.076563
19 0.364844 0.209375 0.076563 0.087500
36 0.454688 0.203906 0.084375 0.076563
8 0.535937 0.202344 0.050000 0.073438
30 0.601562 0.201563 0.065625 0.071875
4 0.688281 0.205469 0.070312 0.079687
23 0.777344 0.203125 0.076563 0.075000
1 0.878906 0.207813 0.082812 0.084375
22 0.092188 0.324219 0.084375 0.076563
19 0.183594 0.328125 0.070312 0.084375
5 0.273438 0.323437 0.084375 0.075000
4 0.369531 0.324219 0.067187 0.076563
