30 0.084375 0.087500 0.068750 0.075000
7 0.177344 0.087500 0.076563 0.075000
22 0.279687 0.088281 0.084375 0.076563
26 0.382031 0.086719 0.082812 0.073438
13 0.468750 0.086719 0.075000 0.073438
6 0.562500 0.085938 0.081250 0.071875
14 0.655469 0.086719 0.070312 0.073438
28 0.753906 0.095312 0.085938 0.090625
1 0.852344 0.090625 0.082812 0.081250
6 0.090625 0.207813 0.081250 0.071875
3 0.175781 0.210156 0.067187 0.076563
2 0.260156 0.209375 0.070312 0.075000
32 0.338281 0.210156 0.070312 0.076563
22 0.426563 0.210156 0.081250 0.076563
3 0.513281 0.211719 0.070312 0.079687
9 0.590625 0.207813 0.068750 0.071875
11 0.675000 0.210156 0.071875 0.076563
36 0.764062 0.210156 0.084375 0.076563
35 0.872656 0.208594 0.089063 0.073438
18 0.086719 0.319531 0.073438 0.073438
18 0.175781 0.321094 0.076563 0.076563
3 0.264844 0.322656 0.070312 0.079687
10 0.359375 0.324219 0.075000 0.082812
13 0.448437 0.321094 0.078125 0.076563
31 0.532031 0.318750 0.073438 0.071875
25 0.623437 0.320312 0.075000 0.075000
37 0.704688 0.319531 0.068750 0.073438
34 0.790625 0.324219 0.075000 0.082812
33 0.881250 0.321094 0.071875 0.076563
31 0.088281 0.434375 0.076563 0.075000
33 0.176563 0.435156 0.071875 0.076563
16 0.257031 0.432812 0.070312 0.071875
17 0.342187 0.433594 0.068750 0.073438
