27 0.092969 0.091406 0.085938 0.082812
27 0.200781 0.091406 0.085938 0.082812
12 0.292187 0.085938 0.078125 0.071875
32 0.374219 0.088281 0.070312 0.076563
15 0.453906 0.094531 0.070312 0.089063
27 0.542969 0.091406 0.085938 0.082812
18 0.638281 0.086719 0.073438 0.073438
26 0.725781 0.088281 0.085938 0.076563
30 0.812500 0.085938 0.068750 0.071875
35 0.094531 0.207031 0.089063 0.073438
9 0.193750 0.206250 0.065625 0.071875
1 0.275781 0.209375 0.079687 0.078125
36 0.375000 0.208594 0.084375 0.076563
23 0.477344 0.207813 0.076563 0.075000
7 0.560156 0.206250 0.073438 0.071875
10 0.643750 0.210156 0.071875 0.079687
18 0.733594 0.207031 0.073438 0.073438
22 0.823438 0.208594 0.084375 0.076563
24 0.090625 0.317188 0.081250 0.071875
37 0.184375 0.317969 0.068750 0.073438
34 0.271875 0.324219 0.078125 0.085938
4 0.360156 0.319531 0.067187 0.076563
26 0.447656 0.319531 0.085938 0.076563
27 0.553906 0.322656 0.085938 0.082812
20 0.651563 0.325000 0.075000 0.087500
