24 0.092188 0.087500 0.084375 0.075000
36 0.192188 0.086719 0.081250 0.073438
4 0.283594 0.089844 0.070312 0.079687
8 0.357812 0.086719 0.050000 0.073438
8 0.417187 0.088281 0.053125 0.076563
36 0.507812 0.088281 0.084375 0.076563
3 0.605469 0.089844 0.070312 0.079687
25 0.695312 0.085938 0.071875 0.071875
12 0.781250 0.085938 0.078125 0.071875
34 0.870313 0.092969 0.078125 0.085938
20 0.084375 0.209375 0.068750 0.084375
1 0.171094 0.206250 0.079687 0.078125
1 0.271094 0.206250 0.079687 0.078125
15 0.357031 0.211719 0.067187 0.089063
22 0.450000 0.203906 0.081250 0.073438
11 0.534375 0.207031 0.071875 0.079687
31 0.617969 0.204687 0.076563 0.075000
22 0.709375 0.203906 0.081250 0.073438
14 0.794531 0.203906 0.070312 0.073438
25 0.876563 0.203125 0.071875 0.071875
