28 0.092969 0.095312 0.085938 0.090625
3 0.183594 0.088281 0.067187 0.076563
19 0.263281 0.093750 0.073438 0.087500
8 0.346875 0.088281 0.053125 0.076563
13 0.432812 0.086719 0.075000 0.073438
32 0.513281 0.086719 0.070312 0.073438
33 0.603125 0.089844 0.075000 0.079687
10 0.698438 0.089844 0.071875 0.079687
11 0.782813 0.088281 0.068750 0.076563
32 0.872656 0.086719 0.070312 0.073438
21 0.088281 0.208594 0.076563 0.073438
14 0.174219 0.210156 0.073438 0.076563
30 0.257812 0.209375 0.068750 0.075000
2 0.347656 0.207813 0.067187 0.071875
27 0.430469 0.211719 0.082812 0.079687
14 0.525781 0.208594 0.070312 0.073438
11 0.609375 0.211719 0.071875 0.079687
13 0.706250 0.210156 0.078125 0.076563
14 0.803906 0.210156 0.073438 0.076563
21 0.888281 0.210156 0.079687 0.076563
4 0.085156 0.322656 0.070312 0.079687
9 0.175000 0.318750 0.065625 0.071875
30 0.251563 0.318750 0.065625 0.071875
34 0.345313 0.325781 0.081250 0.085938
13 0.432812 0.319531 0.075000 0.073438
25 0.529687 0.320312 0.075000 0.075000
6 0.621875 0.320312 0.081250 0.075000
6 0.715625 0.318750 0.081250 0.071875
7 0.813281 0.318750 0.073438 0.071875
21 0.903906 0.321094 0.079687 0.076563
