27 0.091406 0.089844 0.082812 0.079687
18 0.189844 0.086719 0.073438 0.073438
18 0.280469 0.086719 0.073438 0.073438
30 0.371875 0.085938 0.065625 0.071875
3 0.453906 0.089844 0.070312 0.079687
7 0.539844 0.085938 0.073438 0.071875
37 0.626563 0.086719 0.068750 0.073438
15 0.713281 0.094531 0.067187 0.089063
6 0.807813 0.085938 0.081250 0.071875
14 0.899219 0.088281 0.073438 0.076563
28 0.092969 0.215625 0.085938 0.090625
35 0.194531 0.210156 0.092188 0.079687
27 0.303906 0.210156 0.082812 0.079687
19 0.397656 0.214062 0.073438 0.087500
30 0.487500 0.206250 0.065625 0.071875
6 0.582812 0.207813 0.084375 0.075000
27 0.683594 0.210156 0.082812 0.079687
18 0.771094 0.207031 0.073438 0.073438
3 0.850781 0.208594 0.067187 0.076563
23 0.088281 0.329688 0.076563 0.075000
5 0.175000 0.328125 0.081250 0.071875
31 0.267969 0.329688 0.076563 0.075000
30 0.357812 0.329688 0.068750 0.075000
2 0.446094 0.328125 0.067187 0.071875
20 0.525000 0.335938 0.071875 0.087500
