34 0.089063 0.092969 0.078125 0.085938
29 0.165625 0.092188 0.053125 0.084375
20 0.245312 0.092188 0.068750 0.084375
17 0.321875 0.086719 0.068750 0.073438
3 0.408594 0.088281 0.070312 0.076563
15 0.494531 0.094531 0.067187 0.089063
28 0.585156 0.095312 0.085938 0.090625
9 0.679688 0.087500 0.068750 0.075000
26 0.775781 0.088281 0.085938 0.076563
7 0.867969 0.087500 0.076563 0.075000
29 0.076563 0.215625 0.053125 0.087500
4 0.144531 0.210156 0.067187 0.076563
10 0.231250 0.213281 0.075000 0.082812
2 0.319531 0.209375 0.070312 0.075000
7 0.408594 0.209375 0.076563 0.075000
8 0.482812 0.210156 0.053125 0.076563
24 0.567187 0.209375 0.084375 0.075000
27 0.672656 0.213281 0.085938 0.082812
14 0.772656 0.210156 0.073438 0.076563
30 0.862500 0.209375 0.068750 0.075000
17 0.085938 0.328906 0.071875 0.076563
10 0.176563 0.332031 0.075000 0.082812
28 0.272656 0.337500 0.089063 0.093750
