27 0.092969 0.092969 0.085938 0.085938
20 0.184375 0.093750 0.071875 0.087500
4 0.263281 0.088281 0.067187 0.076563
12 0.356250 0.087500 0.081250 0.075000
28 0.458594 0.093750 0.082812 0.087500
19 0.544531 0.092188 0.070312 0.084375
16 0.628906 0.087500 0.070312 0.075000
0 0.710156 0.086719 0.067187 0.073438
16 0.799219 0.085938 0.067187 0.071875
2 0.888281 0.085938 0.067187 0.071875
12 0.090625 0.206250 0.081250 0.075000
21 0.178906 0.207031 0.079687 0.076563
23 0.267969 0.204687 0.073438 0.071875
10 0.348438 0.208594 0.071875 0.079687
23 0.430469 0.204687 0.073438 0.071875
32 0.521094 0.205469 0.067187 0.073438
36 0.607812 0.207031 0.084375 0.076563
23 0.697656 0.206250 0.076563 0.075000
26 0.794531 0.207031 0.085938 0.076563
12 0.887500 0.204687 0.078125 0.071875
27 0.092969 0.321094 0.085938 0.082812
37 0.182812 0.316406 0.068750 0.073438
23 0.274219 0.315625 0.073438 0.071875
7 0.363281 0.315625 0.073438 0.071875
28 0.455469 0.323437 0.082812 0.087500
33 0.546875 0.317969 0.071875 0.076563
