32 0.083594 0.086719 0.067187 0.073438
2 0.161719 0.087500 0.070312 0.075000
36 0.257812 0.086719 0.081250 0.073438
25 0.350000 0.087500 0.075000 0.075000
20 0.439063 0.093750 0.071875 0.087500
19 0.530469 0.093750 0.073438 0.087500
36 0.620313 0.086719 0.081250 0.073438
12 0.721875 0.085938 0.078125 0.071875
16 0.816406 0.085938 0.067187 0.071875
34 0.907813 0.091406 0.075000 0.082812
32 0.085156 0.207031 0.070312 0.076563
15 0.166406 0.214844 0.073438 0.092188
17 0.253125 0.207031 0.071875 0.076563
10 0.345313 0.208594 0.075000 0.079687
0 0.436719 0.205469 0.067187 0.073438
32 0.517969 0.207031 0.070312 0.076563
9 0.593750 0.204687 0.065625 0.071875
23 0.680469 0.204687 0.073438 0.071875
5 0.765625 0.204687 0.081250 0.071875
0 0.850781 0.205469 0.070312 0.073438
35 0.096094 0.330469 0.092188 0.076563
35 0.202344 0.328906 0.089063 0.073438
37 0.300000 0.330469 0.071875 0.076563
30 0.392188 0.329688 0.068750 0.075000
29 0.465625 0.334375 0.050000 0.084375
