27 0.091406 0.089844 0.082812 0.079687
29 0.168750 0.092188 0.050000 0.084375
16 0.242969 0.085938 0.067187 0.071875
37 0.325000 0.086719 0.068750 0.073438
35 0.422656 0.086719 0.089063 0.073438
13 0.515625 0.088281 0.078125 0.076563
24 0.618750 0.089063 0.084375 0.078125
2 0.717969 0.087500 0.070312 0.075000
30 0.804688 0.085938 0.065625 0.071875
15 0.892969 0.094531 0.070312 0.089063
4 0.083594 0.208594 0.067187 0.076563
19 0.171094 0.212500 0.070312 0.084375
6 0.265625 0.206250 0.081250 0.071875
22 0.357812 0.207031 0.081250 0.073438
0 0.446094 0.207031 0.067187 0.073438
36 0.543750 0.210156 0.084375 0.079687
7 0.646094 0.207813 0.076563 0.075000
30 0.725000 0.206250 0.065625 0.071875
34 0.809375 0.213281 0.078125 0.085938
10 0.903125 0.210156 0.071875 0.079687
21 0.089844 0.325781 0.079687 0.076563
17 0.185938 0.325781 0.071875 0.076563
14 0.271094 0.325781 0.073438 0.076563
8 0.343750 0.324219 0.050000 0.073438
11 0.421875 0.325781 0.068750 0.076563
8 0.490625 0.324219 0.053125 0.073438
1 0.566406 0.326562 0.079687 0.078125
13 0.659375 0.324219 0.075000 0.073438
10 0.742188 0.327344 0.071875 0.079687
3 0.832031 0.325781 0.067187 0.076563
19 0.910156 0.329688 0.073438 0.084375
