36 0.092188 0.088281 0.084375 0.076563
20 0.187500 0.093750 0.071875 0.087500
20 0.273438 0.092188 0.071875 0.084375
3 0.358594 0.089844 0.070312 0.079687
34 0.442188 0.091406 0.075000 0.082812
6 0.540625 0.085938 0.081250 0.071875
5 0.634375 0.085938 0.081250 0.071875
33 0.720313 0.088281 0.071875 0.076563
24 0.818750 0.087500 0.084375 0.075000
15 0.907031 0.096094 0.070312 0.092188
37 0.084375 0.210156 0.068750 0.073438
10 0.173437 0.213281 0.071875 0.079687
30 0.260937 0.210938 0.068750 0.075000
11 0.342187 0.213281 0.071875 0.079687
1 0.430469 0.212500 0.079687 0.078125
31 0.527344 0.210938 0.076563 0.075000
2 0.619531 0.209375 0.067187 0.071875
20 0.701562 0.217188 0.071875 0.087500
12 0.787500 0.209375 0.078125 0.071875
16 0.869531 0.209375 0.067187 0.071875
19 0.086719 0.334375 0.073438 0.084375
21 0.185156 0.330469 0.079687 0.076563
29 0.264062 0.334375 0.053125 0.084375
20 0.346875 0.334375 0.071875 0.084375
13 0.431250 0.328906 0.075000 0.073438
32 0.517969 0.330469 0.070312 0.076563
16 0.602344 0.329688 0.070312 0.075000
1 0.696094 0.331250 0.079687 0.078125
