22 0.090625 0.086719 0.081250 0.073438
5 0.182812 0.085938 0.081250 0.071875
8 0.268750 0.086719 0.053125 0.073438
33 0.354687 0.089844 0.075000 0.079687
24 0.456250 0.087500 0.084375 0.075000
16 0.542969 0.085938 0.067187 0.071875
5 0.634375 0.087500 0.084375 0.075000
33 0.721875 0.088281 0.071875 0.076563
13 0.806250 0.086719 0.075000 0.073438
16 0.888281 0.085938 0.070312 0.071875
36 0.092188 0.199219 0.084375 0.076563
13 0.187500 0.199219 0.078125 0.076563
32 0.275781 0.199219 0.070312 0.076563
31 0.369531 0.198437 0.076563 0.075000
18 0.466406 0.197656 0.073438 0.073438
14 0.558594 0.197656 0.070312 0.073438
12 0.650000 0.198437 0.081250 0.075000
0 0.739844 0.199219 0.070312 0.076563
27 0.836719 0.200781 0.082812 0.079687
34 0.087500 0.313281 0.075000 0.082812
