11 0.085938 0.089844 0.071875 0.079687
37 0.176563 0.088281 0.071875 0.076563
18 0.269531 0.086719 0.073438 0.073438
35 0.371094 0.088281 0.092188 0.076563
5 0.479687 0.085938 0.081250 0.071875
10 0.575000 0.089844 0.071875 0.079687
25 0.656250 0.087500 0.075000 0.075000
0 0.735156 0.086719 0.067187 0.073438
8 0.810937 0.086719 0.053125 0.073438
11 0.893750 0.088281 0.068750 0.076563
33 0.085938 0.199219 0.071875 0.076563
16 0.163281 0.196875 0.067187 0.071875
37 0.254688 0.199219 0.071875 0.076563
6 0.345313 0.198437 0.081250 0.075000
15 0.441406 0.205469 0.067187 0.089063
37 0.528125 0.199219 0.071875 0.076563
26 0.616406 0.197656 0.082812 0.073438
2 0.707031 0.198437 0.070312 0.075000
5 0.798438 0.198437 0.084375 0.075000
30 0.885938 0.196875 0.065625 0.071875
23 0.088281 0.318750 0.076563 0.075000
15 0.174219 0.325781 0.067187 0.089063
27 0.266406 0.322656 0.085938 0.082812
