4 0.083594 0.088281 0.067187 0.076563
22 0.173437 0.088281 0.084375 0.076563
4 0.266406 0.089844 0.070312 0.079687
22 0.364063 0.086719 0.081250 0.073438
34 0.459375 0.091406 0.075000 0.082812
9 0.548438 0.087500 0.068750 0.075000
15 0.633594 0.096094 0.070312 0.092188
13 0.715625 0.086719 0.075000 0.073438
34 0.803125 0.091406 0.075000 0.082812
27 0.897656 0.089844 0.082812 0.079687
10 0.085938 0.213281 0.071875 0.079687
13 0.173437 0.210156 0.075000 0.073438
26 0.272656 0.210156 0.082812 0.073438
35 0.371094 0.211719 0.092188 0.076563
37 0.468750 0.210156 0.068750 0.073438
7 0.557031 0.209375 0.073438 0.071875
34 0.646875 0.216406 0.078125 0.085938
1 0.746094 0.214062 0.082812 0.081250
32 0.828906 0.210156 0.067187 0.073438
29 0.909375 0.215625 0.050000 0.084375
8 0.075000 0.327344 0.050000 0.073438
31 0.157031 0.326562 0.073438 0.071875
