12 0.089063 0.085938 0.078125 0.071875
0 0.183594 0.088281 0.070312 0.076563
34 0.267188 0.091406 0.075000 0.082812
33 0.360938 0.088281 0.071875 0.076563
30 0.445312 0.085938 0.065625 0.071875
37 0.521875 0.088281 0.071875 0.076563
1 0.614844 0.089063 0.079687 0.078125
3 0.702344 0.088281 0.070312 0.076563
6 0.798438 0.087500 0.084375 0.075000
28 0.894531 0.093750 0.082812 0.087500
21 0.088281 0.205469 0.076563 0.073438
4 0.180469 0.207031 0.067187 0.076563
4 0.257031 0.208594 0.070312 0.079687
23 0.338281 0.204687 0.073438 0.071875
15 0.419531 0.213281 0.067187 0.089063
23 0.511719 0.206250 0.076563 0.075000
24 0.600000 0.206250 0.084375 0.075000
25 0.696875 0.206250 0.075000 0.075000
8 0.782813 0.205469 0.053125 0.073438
20 0.865625 0.210938 0.071875 0.084375
33 0.087500 0.328906 0.075000 0.079687
24 0.181250 0.326562 0.084375 0.075000
11 0.276562 0.328906 0.071875 0.079687
29 0.359375 0.331250 0.053125 0.084375
8 0.432812 0.327344 0.053125 0.076563
9 0.506250 0.325000 0.065625 0.071875
29 0.584375 0.331250 0.053125 0.084375
18 0.660156 0.325781 0.073438 0.073438
0 0.752344 0.327344 0.070312 0.076563
2 0.836719 0.325000 0.067187 0.071875
4 0.083594 0.442969 0.067187 0.076563
35 0.172656 0.442969 0.092188 0.076563
