24 0.090625 0.085938 0.081250 0.071875
20 0.187500 0.092188 0.068750 0.084375
23 0.278906 0.085938 0.073438 0.071875
5 0.373437 0.087500 0.084375 0.075000
35 0.469531 0.086719 0.089063 0.073438
20 0.567187 0.092188 0.068750 0.084375
24 0.659375 0.089063 0.084375 0.078125
35 0.757031 0.088281 0.089063 0.076563
7 0.855469 0.085938 0.073438 0.071875
34 0.089063 0.208594 0.078125 0.085938
4 0.174219 0.203906 0.067187 0.076563
28 0.260156 0.209375 0.082812 0.087500
13 0.360938 0.203906 0.078125 0.076563
25 0.453125 0.203125 0.075000 0.075000
31 0.549219 0.201563 0.073438 0.071875
14 0.638281 0.202344 0.070312 0.073438
21 0.733594 0.202344 0.076563 0.073438
23 0.817969 0.203125 0.076563 0.075000
37 0.910937 0.203906 0.071875 0.076563
3 0.085156 0.324219 0.070312 0.079687
26 0.172656 0.322656 0.085938 0.076563
30 0.257812 0.320312 0.065625 0.071875
8 0.334375 0.322656 0.053125 0.076563
14 0.408594 0.321094 0.070312 0.073438
21 0.497656 0.322656 0.079687 0.076563
36 0.601562 0.324219 0.084375 0.079687
10 0.700000 0.324219 0.071875 0.079687
35 0.800781 0.322656 0.092188 0.076563
