27 0.091406 0.089844 0.082812 0.079687
17 0.176563 0.086719 0.068750 0.073438
10 0.260937 0.091406 0.075000 0.082812
19 0.347656 0.093750 0.073438 0.087500
36 0.439063 0.088281 0.084375 0.076563
26 0.535156 0.088281 0.085938 0.076563
36 0.632812 0.086719 0.081250 0.073438
3 0.730469 0.089844 0.070312 0.079687
4 0.813281 0.088281 0.067187 0.076563
4 0.899219 0.088281 0.070312 0.076563
10 0.085938 0.208594 0.071875 0.079687
32 0.172656 0.205469 0.067187 0.073438
26 0.264844 0.205469 0.082812 0.073438
9 0.350000 0.204687 0.065625 0.071875
16 0.433594 0.204687 0.067187 0.071875
2 0.510156 0.206250 0.070312 0.075000
13 0.598437 0.205469 0.075000 0.073438
19 0.688281 0.212500 0.073438 0.087500
5 0.781250 0.204687 0.081250 0.071875
13 0.881250 0.207031 0.078125 0.076563
19 0.085156 0.329688 0.070312 0.084375
31 0.164844 0.323437 0.073438 0.071875
5 0.260937 0.325000 0.081250 0.075000
