0 0.083594 0.086719 0.067187 0.073438
12 0.170313 0.085938 0.078125 0.071875
34 0.265625 0.091406 0.078125 0.082812
9 0.351562 0.085938 0.065625 0.071875
15 0.439844 0.094531 0.067187 0.089063
12 0.520312 0.085938 0.078125 0.071875
2 0.605469 0.085938 0.067187 0.071875
7 0.686719 0.085938 0.073438 0.071875
2 0.772656 0.085938 0.067187 0.071875
29 0.840625 0.092188 0.053125 0.084375
19 0.086719 0.212500 0.073438 0.084375
13 0.181250 0.208594 0.078125 0.076563
13 0.265625 0.207031 0.075000 0.073438
36 0.359375 0.208594 0.084375 0.076563
30 0.446875 0.207813 0.068750 0.075000
34 0.528125 0.211719 0.075000 0.082812
1 0.627344 0.210938 0.082812 0.081250
35 0.733594 0.208594 0.092188 0.076563
30 0.825000 0.206250 0.068750 0.071875
14 0.902344 0.207031 0.070312 0.073438
