30 0.082812 0.085938 0.065625 0.071875
21 0.175781 0.088281 0.079687 0.076563
24 0.264062 0.085938 0.081250 0.071875
20 0.348438 0.092188 0.068750 0.084375
2 0.433594 0.085938 0.070312 0.071875
29 0.509375 0.092188 0.053125 0.084375
24 0.585938 0.085938 0.081250 0.071875
21 0.683594 0.088281 0.076563 0.076563
12 0.779687 0.085938 0.078125 0.071875
26 0.871094 0.088281 0.085938 0.076563
32 0.085156 0.203906 0.070312 0.076563
36 0.173437 0.203906 0.084375 0.076563
36 0.273438 0.203906 0.081250 0.076563
10 0.370312 0.207031 0.075000 0.082812
26 0.471094 0.202344 0.082812 0.073438
18 0.572656 0.203906 0.076563 0.076563
23 0.658594 0.201563 0.073438 0.071875
31 0.747656 0.201563 0.073438 0.071875
27 0.835156 0.205469 0.082812 0.079687
27 0.091406 0.319531 0.082812 0.079687
2 0.178906 0.317188 0.070312 0.075000
17 0.260937 0.316406 0.068750 0.073438
15 0.342969 0.325781 0.073438 0.092188
8 0.421875 0.316406 0.050000 0.073438
21 0.499219 0.316406 0.076563 0.073438
3 0.591406 0.317969 0.067187 0.076563
29 0.667188 0.323437 0.056250 0.087500
3 0.739844 0.319531 0.070312 0.079687
