16 0.085156 0.087500 0.070312 0.075000
27 0.177344 0.091406 0.085938 0.082812
36 0.276562 0.086719 0.081250 0.073438
16 0.374219 0.087500 0.070312 0.075000
27 0.467969 0.091406 0.085938 0.082812
23 0.567969 0.085938 0.073438 0.071875
18 0.653906 0.088281 0.076563 0.076563
25 0.742188 0.085938 0.071875 0.071875
32 0.819531 0.086719 0.067187 0.073438
17 0.910937 0.088281 0.071875 0.076563
26 0.092969 0.202344 0.085938 0.076563
31 0.191406 0.200000 0.073438 0.071875
29 0.275000 0.206250 0.050000 0.084375
33 0.359375 0.203906 0.075000 0.079687
35 0.450781 0.203906 0.092188 0.079687
27 0.557031 0.203906 0.082812 0.079687
23 0.649219 0.201563 0.076563 0.075000
10 0.734375 0.205469 0.075000 0.082812
25 0.820312 0.201563 0.075000 0.075000
10 0.087500 0.321094 0.075000 0.082812
16 0.175781 0.315625 0.067187 0.071875
