9 0.082812 0.085938 0.065625 0.071875
3 0.160156 0.088281 0.070312 0.076563
29 0.242188 0.092188 0.053125 0.084375
22 0.317188 0.086719 0.081250 0.073438
19 0.403906 0.092188 0.070312 0.084375
33 0.496875 0.089844 0.075000 0.079687
23 0.583594 0.085938 0.073438 0.071875
17 0.667188 0.086719 0.068750 0.073438
24 0.762500 0.085938 0.081250 0.071875
17 0.857812 0.086719 0.068750 0.073438
9 0.082812 0.201563 0.065625 0.071875
10 0.173437 0.207031 0.075000 0.082812
30 0.260937 0.201563 0.065625 0.071875
8 0.332813 0.202344 0.050000 0.073438
22 0.412500 0.203906 0.084375 0.076563
7 0.500781 0.203125 0.076563 0.075000
10 0.589063 0.205469 0.071875 0.079687
27 0.688281 0.207031 0.085938 0.082812
1 0.786719 0.207813 0.082812 0.084375
36 0.885938 0.205469 0.084375 0.079687
13 0.089063 0.319531 0.078125 0.076563
5 0.176563 0.317188 0.081250 0.071875
