20 0.087500 0.093750 0.075000 0.087500
12 0.178125 0.087500 0.081250 0.075000
33 0.278125 0.089844 0.075000 0.079687
34 0.376563 0.092969 0.078125 0.085938
24 0.467187 0.085938 0.081250 0.071875
33 0.557813 0.088281 0.071875 0.076563
31 0.652344 0.085938 0.073438 0.071875
23 0.735156 0.087500 0.076563 0.075000
37 0.826562 0.086719 0.068750 0.073438
21 0.089844 0.207031 0.079687 0.076563
34 0.189062 0.210156 0.075000 0.082812
15 0.274219 0.213281 0.067187 0.089063
3 0.357031 0.207031 0.067187 0.076563
1 0.452344 0.209375 0.082812 0.081250
8 0.531250 0.205469 0.050000 0.073438
27 0.608594 0.210156 0.085938 0.082812
2 0.708594 0.206250 0.070312 0.075000
28 0.794531 0.214062 0.085938 0.090625
36 0.896875 0.207031 0.084375 0.076563
3 0.085156 0.330469 0.070312 0.079687
31 0.172656 0.326562 0.073438 0.071875
19 0.261719 0.332813 0.070312 0.084375
1 0.346094 0.329688 0.079687 0.078125
29 0.426563 0.334375 0.056250 0.087500
13 0.514062 0.328906 0.078125 0.076563
7 0.607031 0.326562 0.073438 0.071875
15 0.694531 0.335156 0.067187 0.089063
30 0.771875 0.328125 0.068750 0.075000
15 0.853906 0.336719 0.070312 0.092188
22 0.092188 0.452344 0.084375 0.076563
26 0.192969 0.452344 0.085938 0.076563
1 0.291406 0.453125 0.079687 0.078125
