11 0.084375 0.088281 0.068750 0.076563
5 0.170313 0.085938 0.081250 0.071875
20 0.254688 0.092188 0.068750 0.084375
30 0.342187 0.085938 0.065625 0.071875
24 0.437500 0.085938 0.081250 0.071875
21 0.525781 0.088281 0.079687 0.076563
19 0.617969 0.093750 0.073438 0.087500
11 0.704688 0.089844 0.071875 0.079687
19 0.788281 0.093750 0.073438 0.087500
5 0.889062 0.087500 0.084375 0.075000
27 0.091406 0.208594 0.082812 0.079687
33 0.181250 0.207031 0.071875 0.076563
11 0.259375 0.207031 0.068750 0.076563
13 0.346875 0.207031 0.078125 0.076563
21 0.435156 0.205469 0.076563 0.073438
0 0.519531 0.207031 0.070312 0.076563
1 0.613281 0.207813 0.079687 0.078125
29 0.700000 0.210938 0.053125 0.084375
33 0.771875 0.207031 0.071875 0.076563
17 0.859375 0.205469 0.068750 0.073438
