33 0.085938 0.088281 0.071875 0.076563
35 0.175781 0.086719 0.089063 0.073438
23 0.267969 0.085938 0.073438 0.071875
31 0.353906 0.087500 0.076563 0.075000
29 0.426563 0.092188 0.050000 0.084375
1 0.499219 0.089063 0.079687 0.078125
12 0.600000 0.087500 0.081250 0.075000
27 0.700781 0.091406 0.082812 0.082812
10 0.793750 0.089844 0.071875 0.079687
27 0.880469 0.091406 0.085938 0.082812
26 0.092969 0.203906 0.085938 0.076563
36 0.198437 0.202344 0.081250 0.073438
25 0.282813 0.201563 0.071875 0.071875
0 0.366406 0.203906 0.070312 0.076563
35 0.463281 0.203906 0.089063 0.076563
25 0.553125 0.203125 0.075000 0.075000
35 0.650781 0.202344 0.089063 0.073438
31 0.741406 0.203125 0.076563 0.075000
4 0.828906 0.203906 0.067187 0.076563
14 0.914844 0.202344 0.070312 0.073438
32 0.083594 0.310156 0.067187 0.073438
23 0.172656 0.309375 0.073438 0.071875
1 0.269531 0.314063 0.082812 0.081250
19 0.366406 0.317188 0.073438 0.087500
12 0.459375 0.310937 0.081250 0.075000
19 0.547656 0.315625 0.070312 0.084375
30 0.631250 0.309375 0.065625 0.071875
30 0.709375 0.310937 0.068750 0.075000
22 0.800000 0.310156 0.081250 0.073438
