28 0.092969 0.095312 0.085938 0.090625
9 0.189062 0.085938 0.065625 0.071875
3 0.275781 0.089844 0.070312 0.079687
3 0.367969 0.089844 0.070312 0.079687
22 0.459375 0.088281 0.084375 0.076563
33 0.554688 0.089844 0.075000 0.079687
3 0.636719 0.089844 0.070312 0.079687
22 0.732812 0.089844 0.084375 0.079687
21 0.830469 0.086719 0.076563 0.073438
2 0.083594 0.207813 0.067187 0.071875
26 0.174219 0.210156 0.085938 0.076563
18 0.269531 0.208594 0.073438 0.073438
31 0.364844 0.207813 0.073438 0.071875
19 0.453906 0.214062 0.073438 0.084375
34 0.545312 0.213281 0.075000 0.082812
34 0.640625 0.213281 0.075000 0.082812
1 0.736719 0.212500 0.082812 0.081250
7 0.832031 0.209375 0.076563 0.075000
3 0.916406 0.210156 0.067187 0.076563
10 0.085938 0.327344 0.071875 0.079687
4 0.167969 0.327344 0.070312 0.079687
36 0.264062 0.327344 0.084375 0.079687
2 0.357031 0.323437 0.067187 0.071875
3 0.433594 0.327344 0.070312 0.079687
3 0.521094 0.327344 0.070312 0.079687
9 0.604688 0.323437 0.065625 0.071875
13 0.690625 0.324219 0.075000 0.073438
8 0.768750 0.324219 0.050000 0.073438
23 0.841406 0.323437 0.073438 0.071875
