19 0.086719 0.093750 0.073438 0.087500
19 0.166406 0.092188 0.070312 0.084375
11 0.256250 0.088281 0.068750 0.076563
6 0.353125 0.087500 0.084375 0.075000
18 0.452344 0.088281 0.076563 0.076563
37 0.543750 0.086719 0.068750 0.073438
34 0.635938 0.092969 0.078125 0.085938
23 0.728906 0.085938 0.073438 0.071875
37 0.812500 0.086719 0.068750 0.073438
1 0.897656 0.090625 0.082812 0.081250
8 0.076563 0.205469 0.053125 0.073438
27 0.160156 0.210156 0.085938 0.082812
34 0.254688 0.210156 0.075000 0.082812
36 0.343750 0.207031 0.084375 0.076563
28 0.439844 0.214062 0.085938 0.090625
7 0.535156 0.204687 0.073438 0.071875
25 0.618750 0.206250 0.075000 0.075000
0 0.705469 0.207031 0.070312 0.076563
34 0.800000 0.210156 0.075000 0.082812
14 0.891406 0.205469 0.070312 0.073438
26 0.092969 0.328906 0.085938 0.076563
15 0.183594 0.335156 0.067187 0.089063
18 0.263281 0.327344 0.073438 0.073438
22 0.350000 0.327344 0.081250 0.073438
30 0.432812 0.326562 0.065625 0.071875
3 0.511719 0.330469 0.070312 0.079687
5 0.598437 0.326562 0.081250 0.071875
18 0.683594 0.327344 0.073438 0.073438
36 0.770312 0.327344 0.081250 0.073438
23 0.863281 0.326562 0.073438 0.071875
34 0.089063 0.453906 0.078125 0.085938
