33 0.085938 0.088281 0.071875 0.076563
25 0.168750 0.087500 0.075000 0.075000
7 0.261719 0.087500 0.076563 0.075000
6 0.348438 0.085938 0.081250 0.071875
26 0.444531 0.088281 0.085938 0.076563
0 0.539844 0.088281 0.070312 0.076563
27 0.627344 0.089844 0.082812 0.079687
28 0.725781 0.096875 0.089063 0.093750
34 0.826562 0.092969 0.078125 0.085938
30 0.906250 0.085938 0.065625 0.071875
11 0.085938 0.213281 0.071875 0.076563
14 0.169531 0.211719 0.070312 0.073438
10 0.260937 0.216406 0.075000 0.082812
1 0.350781 0.214062 0.079687 0.078125
13 0.450000 0.211719 0.075000 0.073438
32 0.530469 0.213281 0.070312 0.076563
27 0.628906 0.216406 0.085938 0.082812
28 0.728906 0.220312 0.085938 0.090625
21 0.832031 0.213281 0.079687 0.076563
13 0.087500 0.333594 0.075000 0.073438
17 0.178125 0.335156 0.071875 0.076563
11 0.262500 0.336719 0.071875 0.079687
32 0.346094 0.333594 0.067187 0.073438
23 0.438281 0.332813 0.073438 0.071875
17 0.521875 0.335156 0.071875 0.076563
15 0.602344 0.341406 0.070312 0.089063
37 0.684375 0.335156 0.071875 0.076563
2 0.775781 0.332813 0.067187 0.071875
21 0.866406 0.333594 0.076563 0.073438
23 0.088281 0.454688 0.076563 0.075000
3 0.167969 0.455469 0.067187 0.076563
24 0.256250 0.453125 0.081250 0.071875
17 0.351562 0.453906 0.068750 0.073438
