2 0.085156 0.087500 0.070312 0.075000
7 0.172656 0.085938 0.073438 0.071875
33 0.262500 0.088281 0.071875 0.076563
11 0.348438 0.088281 0.068750 0.076563
0 0.427344 0.086719 0.070312 0.073438
28 0.521094 0.093750 0.082812 0.087500
10 0.610938 0.091406 0.075000 0.082812
12 0.701562 0.085938 0.078125 0.071875
23 0.794531 0.087500 0.076563 0.075000
12 0.893750 0.087500 0.078125 0.075000
8 0.075000 0.205469 0.050000 0.073438
16 0.142969 0.206250 0.070312 0.075000
16 0.227344 0.206250 0.070312 0.075000
12 0.310937 0.204687 0.078125 0.071875
3 0.403906 0.207031 0.067187 0.076563
26 0.499219 0.207031 0.085938 0.076563
8 0.579688 0.207031 0.053125 0.076563
18 0.663281 0.207031 0.076563 0.076563
10 0.748437 0.210156 0.075000 0.082812
9 0.828125 0.204687 0.065625 0.071875
3 0.911719 0.207031 0.067187 0.076563
9 0.082812 0.318750 0.065625 0.071875
4 0.158594 0.322656 0.070312 0.079687
28 0.242969 0.326562 0.082812 0.087500
