28 0.091406 0.093750 0.082812 0.087500
3 0.182031 0.088281 0.067187 0.076563
22 0.264062 0.086719 0.081250 0.073438
1 0.366406 0.089063 0.079687 0.078125
21 0.453906 0.088281 0.079687 0.076563
7 0.541406 0.087500 0.076563 0.075000
4 0.628906 0.088281 0.067187 0.076563
20 0.720313 0.093750 0.075000 0.087500
4 0.810156 0.088281 0.067187 0.076563
37 0.890625 0.088281 0.071875 0.076563
8 0.075000 0.205469 0.050000 0.073438
14 0.153906 0.207031 0.073438 0.076563
33 0.237500 0.207031 0.071875 0.076563
5 0.335938 0.206250 0.081250 0.075000
31 0.433594 0.206250 0.076563 0.075000
15 0.521094 0.213281 0.067187 0.089063
7 0.610156 0.204687 0.073438 0.071875
24 0.710938 0.206250 0.084375 0.075000
4 0.810156 0.208594 0.070312 0.079687
10 0.890625 0.210156 0.075000 0.082812
22 0.090625 0.327344 0.081250 0.076563
6 0.193750 0.326562 0.084375 0.075000
23 0.283594 0.326562 0.076563 0.075000
26 0.372656 0.327344 0.085938 0.076563
8 0.451562 0.325781 0.050000 0.073438
33 0.531250 0.328906 0.075000 0.079687
18 0.616406 0.327344 0.076563 0.076563
29 0.689063 0.332813 0.053125 0.087500
