19 0.085156 0.092188 0.070312 0.084375
33 0.178125 0.089844 0.075000 0.079687
26 0.267969 0.088281 0.085938 0.076563
27 0.361719 0.091406 0.085938 0.082812
10 0.448437 0.089844 0.071875 0.079687
15 0.536719 0.094531 0.067187 0.089063
23 0.628906 0.085938 0.073438 0.071875
30 0.714063 0.085938 0.065625 0.071875
16 0.800781 0.087500 0.070312 0.075000
17 0.892188 0.088281 0.071875 0.076563
12 0.090625 0.207813 0.081250 0.075000
12 0.190625 0.207813 0.081250 0.075000
5 0.287500 0.206250 0.081250 0.071875
14 0.380469 0.208594 0.073438 0.076563
8 0.454688 0.208594 0.053125 0.076563
0 0.533594 0.208594 0.070312 0.076563
25 0.614062 0.206250 0.071875 0.071875
4 0.692969 0.210156 0.070312 0.079687
24 0.781250 0.206250 0.081250 0.071875
7 0.872656 0.206250 0.073438 0.071875
2 0.083594 0.317188 0.067187 0.071875
15 0.169531 0.325781 0.067187 0.089063
17 0.250000 0.319531 0.071875 0.076563
12 0.342187 0.317188 0.078125 0.071875
1 0.441406 0.320312 0.079687 0.078125
12 0.532813 0.318750 0.081250 0.075000
31 0.622656 0.317188 0.073438 0.071875
28 0.711719 0.325000 0.082812 0.087500
14 0.803906 0.317969 0.070312 0.073438
20 0.889062 0.325000 0.071875 0.087500
20 0.084375 0.443750 0.068750 0.084375
24 0.171875 0.437500 0.081250 0.071875
4 0.253906 0.439844 0.067187 0.076563
13 0.345313 0.438281 0.075000 0.073438
