17 0.085938 0.088281 0.071875 0.076563
0 0.172656 0.086719 0.070312 0.073438
26 0.271094 0.086719 0.082812 0.073438
15 0.367969 0.094531 0.070312 0.089063
9 0.457813 0.085938 0.068750 0.071875
6 0.542188 0.085938 0.081250 0.071875
30 0.629687 0.087500 0.068750 0.075000
15 0.717969 0.094531 0.070312 0.089063
33 0.801562 0.088281 0.071875 0.076563
11 0.887500 0.088281 0.068750 0.076563
15 0.085156 0.216406 0.070312 0.092188
2 0.164844 0.207813 0.070312 0.075000
30 0.242188 0.206250 0.065625 0.071875
3 0.324219 0.208594 0.067187 0.076563
30 0.410938 0.206250 0.065625 0.071875
4 0.492969 0.210156 0.070312 0.079687
0 0.580469 0.207031 0.067187 0.073438
5 0.668750 0.207813 0.084375 0.075000
17 0.762500 0.207031 0.068750 0.073438
36 0.860938 0.208594 0.084375 0.076563
