37 0.084375 0.086719 0.068750 0.073438
12 0.176563 0.087500 0.081250 0.075000
11 0.262500 0.088281 0.068750 0.076563
19 0.346094 0.093750 0.073438 0.087500
18 0.435156 0.086719 0.073438 0.073438
24 0.525000 0.089063 0.084375 0.078125
8 0.607812 0.086719 0.050000 0.073438
6 0.682813 0.087500 0.084375 0.075000
22 0.784375 0.088281 0.084375 0.076563
18 0.883594 0.088281 0.076563 0.076563
4 0.085156 0.208594 0.070312 0.079687
14 0.177344 0.207031 0.073438 0.076563
34 0.264062 0.211719 0.078125 0.085938
35 0.367969 0.208594 0.092188 0.079687
24 0.465625 0.206250 0.084375 0.075000
27 0.572656 0.210156 0.085938 0.082812
12 0.667188 0.206250 0.078125 0.075000
35 0.767969 0.205469 0.089063 0.073438
19 0.864844 0.212500 0.073438 0.087500
14 0.085156 0.324219 0.070312 0.073438
31 0.169531 0.325000 0.076563 0.075000
24 0.271875 0.325000 0.084375 0.075000
31 0.371094 0.323437 0.073438 0.071875
26 0.464844 0.325781 0.085938 0.076563
