11 0.084375 0.088281 0.068750 0.076563
15 0.175781 0.094531 0.070312 0.089063
0 0.253906 0.088281 0.070312 0.076563
11 0.337500 0.088281 0.068750 0.076563
35 0.424219 0.086719 0.089063 0.073438
6 0.526563 0.087500 0.084375 0.075000
3 0.614844 0.089844 0.070312 0.079687
25 0.706250 0.087500 0.075000 0.075000
22 0.807813 0.088281 0.084375 0.076563
11 0.893750 0.088281 0.068750 0.076563
3 0.083594 0.208594 0.067187 0.076563
24 0.171875 0.206250 0.081250 0.071875
9 0.256250 0.206250 0.065625 0.071875
17 0.334375 0.208594 0.071875 0.076563
12 0.428125 0.207813 0.081250 0.075000
10 0.515625 0.211719 0.075000 0.082812
20 0.606250 0.212500 0.068750 0.084375
11 0.696875 0.208594 0.068750 0.076563
4 0.786719 0.208594 0.067187 0.076563
16 0.874219 0.206250 0.067187 0.071875
12 0.090625 0.323437 0.081250 0.075000
29 0.171875 0.328125 0.053125 0.084375
12 0.257812 0.321875 0.078125 0.071875
17 0.346875 0.322656 0.068750 0.073438
12 0.429688 0.321875 0.078125 0.071875
0 0.514844 0.324219 0.070312 0.076563
9 0.603125 0.321875 0.065625 0.071875
22 0.684375 0.322656 0.081250 0.073438
