37 0.084375 0.086719 0.068750 0.073438
17 0.165625 0.086719 0.071875 0.073438
19 0.252344 0.092188 0.073438 0.084375
32 0.342969 0.086719 0.067187 0.073438
34 0.421875 0.091406 0.075000 0.082812
21 0.513281 0.088281 0.079687 0.076563
1 0.605469 0.090625 0.082812 0.081250
2 0.700781 0.087500 0.070312 0.075000
13 0.787500 0.088281 0.078125 0.076563
1 0.888281 0.090625 0.082812 0.081250
21 0.088281 0.202344 0.076563 0.073438
24 0.189062 0.203125 0.084375 0.075000
11 0.282813 0.205469 0.071875 0.079687
7 0.364844 0.201563 0.073438 0.071875
30 0.445312 0.201563 0.065625 0.071875
0 0.533594 0.202344 0.067187 0.073438
26 0.630469 0.203906 0.085938 0.076563
27 0.733594 0.205469 0.082812 0.079687
22 0.834375 0.202344 0.081250 0.073438
6 0.092188 0.315625 0.084375 0.078125
4 0.178906 0.314844 0.067187 0.076563
7 0.258594 0.312500 0.073438 0.071875
16 0.341406 0.314063 0.070312 0.075000
4 0.422656 0.314844 0.067187 0.076563
30 0.509375 0.312500 0.065625 0.071875
7 0.589844 0.312500 0.073438 0.071875
6 0.678125 0.312500 0.081250 0.071875
30 0.773438 0.312500 0.065625 0.071875
23 0.863281 0.314063 0.076563 0.075000
