30 0.084375 0.087500 0.068750 0.075000
2 0.174219 0.085938 0.067187 0.071875
29 0.242188 0.092188 0.050000 0.084375
36 0.325000 0.086719 0.081250 0.073438
11 0.410938 0.088281 0.068750 0.076563
16 0.500781 0.085938 0.067187 0.071875
37 0.579688 0.086719 0.068750 0.073438
8 0.653125 0.086719 0.050000 0.073438
34 0.735938 0.091406 0.075000 0.082812
26 0.832031 0.089844 0.085938 0.079687
9 0.082812 0.201563 0.065625 0.071875
33 0.167187 0.205469 0.075000 0.079687
2 0.258594 0.203125 0.070312 0.075000
13 0.350000 0.203906 0.078125 0.076563
30 0.432812 0.203125 0.068750 0.075000
13 0.520312 0.203906 0.078125 0.076563
14 0.608594 0.202344 0.070312 0.073438
28 0.705469 0.210938 0.085938 0.090625
22 0.807813 0.203906 0.084375 0.076563
13 0.895312 0.202344 0.075000 0.073438
7 0.088281 0.325000 0.076563 0.075000
29 0.162500 0.329688 0.050000 0.084375
26 0.244531 0.325781 0.082812 0.076563
2 0.327344 0.323437 0.067187 0.071875
23 0.407031 0.323437 0.073438 0.071875
21 0.492969 0.325781 0.079687 0.076563
