12 0.090625 0.087500 0.081250 0.075000
0 0.174219 0.086719 0.067187 0.073438
32 0.263281 0.088281 0.070312 0.076563
11 0.342187 0.089844 0.071875 0.079687
26 0.433594 0.088281 0.085938 0.076563
21 0.538281 0.088281 0.079687 0.076563
2 0.624219 0.085938 0.067187 0.071875
13 0.704688 0.086719 0.075000 0.073438
26 0.803906 0.086719 0.082812 0.073438
27 0.897656 0.091406 0.082812 0.082812
21 0.089844 0.202344 0.079687 0.076563
28 0.186719 0.210938 0.089063 0.093750
35 0.285156 0.202344 0.092188 0.076563
4 0.383594 0.202344 0.067187 0.076563
1 0.466406 0.204687 0.082812 0.081250
22 0.562500 0.202344 0.084375 0.076563
25 0.654687 0.200000 0.071875 0.071875
11 0.737500 0.203906 0.071875 0.079687
2 0.824219 0.200000 0.067187 0.071875
10 0.087500 0.330469 0.075000 0.082812
32 0.171094 0.325781 0.067187 0.073438
16 0.253906 0.325000 0.067187 0.071875
20 0.335938 0.332813 0.071875 0.087500
5 0.425000 0.325000 0.081250 0.071875
17 0.514062 0.325781 0.068750 0.073438
27 0.608594 0.328906 0.082812 0.079687
21 0.707031 0.327344 0.079687 0.076563
16 0.799219 0.325000 0.067187 0.071875
27 0.891406 0.328906 0.082812 0.079687
32 0.083594 0.444531 0.067187 0.073438
25 0.167187 0.445312 0.075000 0.075000
19 0.258594 0.450000 0.070312 0.084375
34 0.350000 0.450781 0.078125 0.085938
12 0.439063 0.443750 0.078125 0.071875
