8 0.075000 0.086719 0.050000 0.073438
4 0.153906 0.089844 0.070312 0.079687
3 0.233594 0.088281 0.067187 0.076563
19 0.316406 0.093750 0.076563 0.087500
35 0.421094 0.086719 0.089063 0.073438
14 0.511719 0.088281 0.073438 0.076563
10 0.598437 0.091406 0.075000 0.082812
24 0.693750 0.085938 0.081250 0.071875
32 0.788281 0.086719 0.067187 0.073438
17 0.871875 0.088281 0.071875 0.076563
15 0.085156 0.214844 0.070312 0.092188
4 0.164844 0.208594 0.070312 0.079687
20 0.248438 0.210938 0.068750 0.084375
29 0.323437 0.210938 0.050000 0.084375
20 0.398438 0.212500 0.071875 0.087500
11 0.478125 0.208594 0.071875 0.079687
5 0.565625 0.206250 0.084375 0.075000
34 0.659375 0.210156 0.075000 0.082812
32 0.747656 0.207031 0.070312 0.076563
8 0.828125 0.205469 0.053125 0.073438
8 0.898438 0.205469 0.050000 0.073438
4 0.083594 0.330469 0.067187 0.076563
2 0.163281 0.328125 0.067187 0.071875
5 0.246875 0.329688 0.084375 0.075000
19 0.342969 0.334375 0.070312 0.084375
32 0.424219 0.330469 0.070312 0.076563
21 0.514844 0.330469 0.079687 0.076563
29 0.589063 0.334375 0.053125 0.084375
28 0.675781 0.337500 0.085938 0.090625
25 0.771875 0.328125 0.071875 0.071875
32 0.850781 0.330469 0.070312 0.076563
17 0.084375 0.450781 0.068750 0.073438
2 0.161719 0.450000 0.067187 0.071875
