35 0.094531 0.086719 0.089063 0.073438
29 0.185938 0.092188 0.053125 0.084375
6 0.264062 0.087500 0.084375 0.075000
4 0.360156 0.089844 0.070312 0.079687
37 0.442188 0.086719 0.068750 0.073438
19 0.533594 0.092188 0.070312 0.084375
11 0.617188 0.089844 0.071875 0.079687
32 0.702344 0.088281 0.070312 0.076563
10 0.789062 0.089844 0.071875 0.079687
19 0.880469 0.093750 0.073438 0.087500
23 0.088281 0.206250 0.076563 0.075000
7 0.185156 0.206250 0.076563 0.075000
14 0.269531 0.205469 0.073438 0.073438
36 0.368750 0.205469 0.081250 0.073438
35 0.467969 0.205469 0.089063 0.073438
7 0.558594 0.206250 0.073438 0.075000
17 0.639062 0.207031 0.071875 0.076563
0 0.721094 0.205469 0.067187 0.073438
27 0.810156 0.208594 0.082812 0.079687
17 0.896875 0.205469 0.068750 0.073438
8 0.075000 0.316406 0.050000 0.073438
16 0.157031 0.315625 0.070312 0.071875
11 0.237500 0.317969 0.068750 0.076563
19 0.327344 0.323437 0.073438 0.087500
8 0.401562 0.317969 0.053125 0.076563
24 0.484375 0.317188 0.084375 0.075000
32 0.575781 0.316406 0.067187 0.073438
20 0.665625 0.321875 0.068750 0.084375
22 0.759375 0.317969 0.084375 0.076563
25 0.845313 0.315625 0.071875 0.071875
