33 0.087500 0.089844 0.075000 0.079687
10 0.176563 0.089844 0.071875 0.079687
6 0.273438 0.085938 0.081250 0.071875
34 0.370312 0.091406 0.075000 0.082812
7 0.453906 0.085938 0.073438 0.071875
29 0.539062 0.092188 0.053125 0.084375
21 0.613281 0.086719 0.076563 0.073438
28 0.713281 0.093750 0.082812 0.087500
1 0.811719 0.090625 0.082812 0.081250
11 0.906250 0.089844 0.071875 0.079687
17 0.085938 0.205469 0.071875 0.073438
7 0.167969 0.204687 0.073438 0.071875
36 0.262500 0.207031 0.084375 0.076563
23 0.352344 0.206250 0.076563 0.075000
10 0.448437 0.210156 0.075000 0.082812
19 0.533594 0.212500 0.076563 0.087500
20 0.625000 0.210938 0.068750 0.084375
9 0.712500 0.206250 0.068750 0.075000
12 0.803125 0.204687 0.078125 0.071875
26 0.905469 0.205469 0.082812 0.073438
20 0.084375 0.329688 0.068750 0.084375
