27 0.091406 0.089844 0.082812 0.079687
34 0.190625 0.091406 0.075000 0.082812
36 0.289062 0.088281 0.084375 0.076563
19 0.385156 0.092188 0.070312 0.084375
30 0.471875 0.087500 0.068750 0.075000
14 0.561719 0.086719 0.070312 0.073438
13 0.643750 0.088281 0.078125 0.076563
14 0.728906 0.088281 0.073438 0.076563
6 0.817187 0.085938 0.081250 0.071875
36 0.092188 0.203906 0.084375 0.076563
35 0.189844 0.202344 0.089063 0.073438
3 0.283594 0.203906 0.067187 0.076563
17 0.365625 0.202344 0.071875 0.073438
33 0.456250 0.203906 0.071875 0.076563
34 0.550000 0.207031 0.075000 0.082812
10 0.640625 0.205469 0.071875 0.079687
7 0.725781 0.201563 0.073438 0.071875
9 0.814063 0.203125 0.068750 0.075000
8 0.895312 0.202344 0.053125 0.073438
28 0.092969 0.323437 0.085938 0.087500
1 0.188281 0.321875 0.082812 0.084375
28 0.283594 0.325000 0.085938 0.090625
37 0.368750 0.316406 0.068750 0.073438
5 0.453125 0.317188 0.084375 0.075000
21 0.553906 0.317969 0.079687 0.076563
19 0.646094 0.321875 0.070312 0.084375
30 0.734375 0.315625 0.065625 0.071875
2 0.821094 0.315625 0.067187 0.071875
0 0.910156 0.316406 0.067187 0.073438
19 0.085156 0.443750 0.070312 0.084375
