1 0.091406 0.090625 0.082812 0.081250
22 0.184375 0.086719 0.081250 0.073438
6 0.285938 0.089063 0.084375 0.078125
2 0.378906 0.085938 0.067187 0.071875
20 0.456250 0.092188 0.068750 0.084375
8 0.532813 0.086719 0.050000 0.073438
37 0.607812 0.088281 0.071875 0.076563
4 0.699219 0.088281 0.067187 0.076563
5 0.782813 0.085938 0.081250 0.071875
16 0.867969 0.087500 0.070312 0.075000
20 0.085938 0.209375 0.071875 0.087500
9 0.176563 0.203125 0.068750 0.075000
12 0.273438 0.203125 0.081250 0.075000
16 0.358594 0.201563 0.067187 0.071875
30 0.445312 0.201563 0.065625 0.071875
9 0.520312 0.201563 0.065625 0.071875
1 0.608594 0.206250 0.082812 0.081250
36 0.707812 0.202344 0.081250 0.073438
30 0.795312 0.201563 0.065625 0.071875
29 0.870313 0.207813 0.053125 0.084375
17 0.085938 0.322656 0.071875 0.076563
24 0.184375 0.320312 0.081250 0.071875
10 0.273438 0.324219 0.071875 0.079687
29 0.353125 0.326562 0.053125 0.084375
24 0.431250 0.320312 0.081250 0.071875
15 0.516406 0.328906 0.067187 0.089063
15 0.597656 0.330469 0.073438 0.092188
17 0.689063 0.321094 0.071875 0.073438
15 0.778906 0.330469 0.070312 0.092188
2 0.867969 0.321875 0.070312 0.075000
22 0.092188 0.446094 0.084375 0.076563
22 0.196875 0.446094 0.084375 0.076563
