16 0.083594 0.085938 0.067187 0.071875
5 0.168750 0.085938 0.081250 0.071875
1 0.267969 0.089063 0.079687 0.078125
9 0.353125 0.087500 0.068750 0.075000
26 0.442969 0.088281 0.082812 0.076563
11 0.540625 0.088281 0.068750 0.076563
33 0.625000 0.089844 0.075000 0.079687
13 0.707812 0.086719 0.075000 0.073438
5 0.793750 0.085938 0.081250 0.071875
21 0.882031 0.088281 0.079687 0.076563
19 0.086719 0.204687 0.073438 0.087500
27 0.178906 0.202344 0.085938 0.082812
2 0.266406 0.198437 0.070312 0.075000
2 0.358594 0.198437 0.070312 0.075000
12 0.450000 0.196875 0.078125 0.071875
32 0.532031 0.197656 0.067187 0.073438
34 0.623437 0.203906 0.081250 0.085938
28 0.719531 0.206250 0.085938 0.090625
1 0.813281 0.200000 0.079687 0.078125
16 0.908594 0.196875 0.067187 0.071875
11 0.085938 0.322656 0.071875 0.079687
25 0.168750 0.318750 0.071875 0.071875
16 0.252344 0.318750 0.067187 0.071875
35 0.350781 0.321094 0.089063 0.076563
29 0.439063 0.325000 0.050000 0.084375
15 0.516406 0.328906 0.070312 0.092188
32 0.596094 0.319531 0.067187 0.073438
