34 0.087500 0.091406 0.075000 0.082812
13 0.176563 0.086719 0.075000 0.073438
9 0.260937 0.087500 0.068750 0.075000
12 0.357812 0.087500 0.081250 0.075000
1 0.450781 0.090625 0.082812 0.081250
4 0.541406 0.089844 0.070312 0.079687
24 0.625000 0.085938 0.081250 0.071875
2 0.713281 0.085938 0.067187 0.071875
3 0.794531 0.088281 0.067187 0.076563
13 0.876563 0.086719 0.075000 0.073438
8 0.076563 0.200781 0.053125 0.073438
6 0.157812 0.201563 0.084375 0.075000
29 0.243750 0.207813 0.056250 0.087500
5 0.326562 0.201563 0.084375 0.075000
29 0.410938 0.206250 0.050000 0.084375
29 0.479687 0.207813 0.056250 0.087500
15 0.550781 0.208594 0.067187 0.089063
30 0.628125 0.200000 0.068750 0.071875
12 0.720313 0.201563 0.078125 0.075000
35 0.813281 0.202344 0.092188 0.076563
1 0.910156 0.203125 0.079687 0.078125
8 0.075000 0.321094 0.050000 0.073438
26 0.164844 0.322656 0.085938 0.076563
37 0.254688 0.322656 0.071875 0.076563
