6 0.092188 0.087500 0.084375 0.075000
17 0.178125 0.086719 0.068750 0.073438
17 0.268750 0.086719 0.068750 0.073438
1 0.350781 0.089063 0.079687 0.078125
27 0.450781 0.091406 0.085938 0.082812
4 0.547656 0.089844 0.070312 0.079687
18 0.636719 0.086719 0.073438 0.073438
3 0.719531 0.089844 0.070312 0.079687
9 0.804688 0.085938 0.068750 0.071875
32 0.883594 0.086719 0.067187 0.073438
21 0.088281 0.200781 0.076563 0.073438
24 0.189062 0.201563 0.084375 0.075000
30 0.284375 0.200000 0.068750 0.071875
6 0.368750 0.200000 0.081250 0.071875
1 0.471094 0.203125 0.079687 0.078125
11 0.565625 0.203906 0.071875 0.079687
35 0.660156 0.200781 0.089063 0.073438
4 0.761719 0.202344 0.070312 0.076563
23 0.852344 0.201563 0.076563 0.075000
32 0.085156 0.311719 0.070312 0.073438
24 0.173437 0.312500 0.084375 0.075000
34 0.262500 0.316406 0.075000 0.082812
13 0.354687 0.311719 0.075000 0.073438
34 0.453125 0.317969 0.078125 0.085938
7 0.542969 0.310937 0.073438 0.071875
20 0.632812 0.317188 0.068750 0.084375
14 0.724219 0.313281 0.073438 0.076563
