28 0.091406 0.093750 0.082812 0.087500
0 0.183594 0.086719 0.070312 0.073438
29 0.260937 0.092188 0.050000 0.084375
9 0.339062 0.085938 0.065625 0.071875
22 0.428125 0.088281 0.084375 0.076563
16 0.517969 0.085938 0.067187 0.071875
25 0.609375 0.087500 0.075000 0.075000
19 0.696094 0.092188 0.073438 0.084375
10 0.787500 0.089844 0.071875 0.079687
26 0.875781 0.086719 0.082812 0.073438
5 0.090625 0.206250 0.081250 0.075000
25 0.185938 0.204687 0.071875 0.071875
4 0.271094 0.208594 0.070312 0.079687
15 0.361719 0.214844 0.070312 0.092188
4 0.444531 0.208594 0.070312 0.079687
19 0.532031 0.210938 0.073438 0.084375
28 0.622656 0.214062 0.085938 0.090625
25 0.720313 0.204687 0.071875 0.071875
18 0.816406 0.207031 0.076563 0.076563
14 0.910156 0.207031 0.073438 0.076563
11 0.085938 0.330469 0.071875 0.076563
25 0.178125 0.329688 0.075000 0.075000
0 0.272656 0.328906 0.070312 0.073438
