18 0.088281 0.088281 0.076563 0.076563
19 0.171094 0.092188 0.073438 0.084375
20 0.254688 0.092188 0.071875 0.084375
25 0.345313 0.085938 0.071875 0.071875
22 0.434375 0.086719 0.081250 0.073438
1 0.536719 0.089063 0.079687 0.078125
6 0.639062 0.085938 0.081250 0.071875
5 0.743750 0.087500 0.084375 0.075000
36 0.842187 0.086719 0.081250 0.073438
24 0.092188 0.203125 0.084375 0.075000
9 0.185938 0.201563 0.065625 0.071875
35 0.275781 0.202344 0.089063 0.073438
12 0.368750 0.203125 0.081250 0.075000
31 0.457031 0.201563 0.073438 0.071875
20 0.539062 0.207813 0.071875 0.084375
22 0.623437 0.202344 0.081250 0.073438
10 0.714063 0.207031 0.075000 0.082812
31 0.797656 0.203125 0.076563 0.075000
10 0.892188 0.207031 0.075000 0.082812
25 0.087500 0.318750 0.075000 0.075000
3 0.172656 0.319531 0.067187 0.076563
20 0.260937 0.323437 0.068750 0.084375
3 0.341406 0.319531 0.070312 0.076563
1 0.427344 0.321875 0.082812 0.081250
37 0.523438 0.319531 0.071875 0.076563
23 0.610156 0.318750 0.076563 0.075000
