6 0.090625 0.085938 0.081250 0.071875
7 0.189844 0.087500 0.076563 0.075000
22 0.281250 0.088281 0.084375 0.076563
4 0.372656 0.089844 0.070312 0.079687
5 0.464062 0.087500 0.084375 0.075000
4 0.553906 0.088281 0.067187 0.076563
15 0.642969 0.094531 0.070312 0.089063
3 0.732031 0.089844 0.070312 0.079687
28 0.822656 0.096875 0.089063 0.093750
32 0.085156 0.213281 0.070312 0.076563
24 0.179688 0.212500 0.084375 0.075000
28 0.271094 0.218750 0.082812 0.087500
2 0.360156 0.210938 0.067187 0.071875
28 0.449219 0.218750 0.082812 0.087500
15 0.546094 0.221094 0.073438 0.092188
8 0.618750 0.211719 0.053125 0.073438
8 0.685937 0.213281 0.053125 0.076563
25 0.765625 0.212500 0.075000 0.075000
6 0.857812 0.210938 0.081250 0.071875
8 0.075000 0.335156 0.050000 0.073438
37 0.151562 0.336719 0.071875 0.076563
16 0.232031 0.334375 0.067187 0.071875
11 0.310937 0.336719 0.068750 0.076563
18 0.394531 0.336719 0.076563 0.076563
12 0.487500 0.335938 0.081250 0.075000
12 0.589063 0.335938 0.081250 0.075000
34 0.679688 0.341406 0.078125 0.085938
37 0.760938 0.335156 0.068750 0.073438
32 0.846094 0.336719 0.070312 0.076563
12 0.089063 0.451562 0.078125 0.071875
16 0.178906 0.451562 0.070312 0.071875
12 0.262500 0.453125 0.081250 0.075000
9 0.345313 0.451562 0.065625 0.071875
2 0.422656 0.453125 0.070312 0.075000
