22 0.092188 0.088281 0.084375 0.076563
5 0.196875 0.085938 0.081250 0.071875
28 0.300781 0.096875 0.089063 0.093750
27 0.399219 0.089844 0.082812 0.079687
15 0.489844 0.094531 0.070312 0.089063
17 0.581250 0.088281 0.071875 0.076563
25 0.668750 0.085938 0.071875 0.071875
18 0.763281 0.088281 0.076563 0.076563
2 0.857031 0.087500 0.070312 0.075000
32 0.083594 0.211719 0.067187 0.073438
36 0.173437 0.213281 0.084375 0.076563
14 0.274219 0.213281 0.073438 0.076563
22 0.362500 0.213281 0.084375 0.076563
16 0.458594 0.210938 0.067187 0.071875
8 0.531250 0.211719 0.053125 0.073438
3 0.610156 0.214844 0.070312 0.079687
7 0.700781 0.212500 0.076563 0.075000
23 0.789844 0.212500 0.076563 0.075000
35 0.882031 0.213281 0.089063 0.076563
18 0.086719 0.322656 0.073438 0.073438
10 0.170313 0.325781 0.071875 0.079687
12 0.264062 0.321875 0.078125 0.071875
20 0.350000 0.328125 0.068750 0.084375
24 0.435937 0.323437 0.084375 0.075000
16 0.530469 0.323437 0.070312 0.075000
17 0.617188 0.322656 0.068750 0.073438
8 0.698438 0.324219 0.053125 0.076563
15 0.775781 0.330469 0.070312 0.089063
14 0.860156 0.322656 0.070312 0.073438
2 0.085156 0.443750 0.070312 0.075000
37 0.162500 0.442969 0.068750 0.073438
36 0.253125 0.444531 0.084375 0.076563
3 0.341406 0.446094 0.070312 0.079687
17 0.423438 0.444531 0.071875 0.076563
