27 0.091406 0.089844 0.082812 0.079687
15 0.178906 0.094531 0.067187 0.089063
19 0.269531 0.092188 0.070312 0.084375
27 0.367969 0.091406 0.085938 0.082812
6 0.460938 0.085938 0.081250 0.071875
35 0.560156 0.089844 0.092188 0.079687
24 0.656250 0.085938 0.081250 0.071875
25 0.754687 0.085938 0.071875 0.071875
34 0.837500 0.092969 0.078125 0.085938
12 0.090625 0.207813 0.081250 0.075000
31 0.178906 0.206250 0.073438 0.071875
18 0.267969 0.208594 0.076563 0.076563
30 0.360938 0.207813 0.068750 0.075000
14 0.442969 0.208594 0.073438 0.076563
23 0.536719 0.207813 0.076563 0.075000
29 0.623437 0.212500 0.053125 0.084375
19 0.703906 0.214062 0.073438 0.087500
15 0.786719 0.214844 0.067187 0.089063
36 0.878125 0.208594 0.084375 0.076563
2 0.083594 0.326562 0.067187 0.071875
