8 0.075000 0.086719 0.050000 0.073438
3 0.150781 0.088281 0.067187 0.076563
1 0.238281 0.089063 0.079687 0.078125
14 0.322656 0.086719 0.070312 0.073438
1 0.407031 0.090625 0.082812 0.081250
29 0.490625 0.092188 0.053125 0.084375
12 0.571875 0.085938 0.078125 0.071875
7 0.663281 0.085938 0.073438 0.071875
10 0.754687 0.091406 0.075000 0.082812
2 0.842969 0.087500 0.070312 0.075000
28 0.091406 0.209375 0.082812 0.087500
37 0.181250 0.202344 0.068750 0.073438
32 0.258594 0.202344 0.067187 0.073438
23 0.338281 0.201563 0.073438 0.071875
22 0.426563 0.203906 0.084375 0.076563
12 0.515625 0.201563 0.078125 0.071875
9 0.595313 0.201563 0.065625 0.071875
8 0.671875 0.202344 0.050000 0.073438
15 0.750781 0.210156 0.067187 0.089063
14 0.839844 0.202344 0.070312 0.073438
28 0.091406 0.329688 0.082812 0.087500
