20 0.084375 0.092188 0.068750 0.084375
12 0.175000 0.085938 0.078125 0.071875
5 0.268750 0.085938 0.081250 0.071875
25 0.368750 0.087500 0.075000 0.075000
3 0.463281 0.088281 0.070312 0.076563
19 0.552344 0.093750 0.076563 0.087500
19 0.644531 0.093750 0.073438 0.087500
18 0.733594 0.086719 0.073438 0.073438
32 0.817969 0.088281 0.070312 0.076563
4 0.903906 0.088281 0.067187 0.076563
14 0.085156 0.205469 0.070312 0.073438
3 0.172656 0.207031 0.067187 0.076563
21 0.258594 0.205469 0.076563 0.073438
20 0.339062 0.210938 0.068750 0.084375
31 0.427344 0.204687 0.073438 0.071875
13 0.509375 0.205469 0.075000 0.073438
19 0.605469 0.212500 0.076563 0.087500
8 0.682813 0.207031 0.053125 0.076563
34 0.765625 0.211719 0.078125 0.085938
32 0.858594 0.205469 0.067187 0.073438
19 0.085156 0.329688 0.070312 0.084375
14 0.163281 0.324219 0.070312 0.073438
24 0.251563 0.325000 0.084375 0.075000
1 0.346094 0.328125 0.082812 0.081250
25 0.445312 0.323437 0.071875 0.071875
17 0.528125 0.324219 0.068750 0.073438
10 0.612500 0.327344 0.071875 0.079687
21 0.705469 0.325781 0.079687 0.076563
