13 0.089063 0.088281 0.078125 0.076563
27 0.192969 0.091406 0.085938 0.082812
3 0.285156 0.089844 0.070312 0.079687
36 0.382812 0.088281 0.084375 0.076563
32 0.471094 0.086719 0.067187 0.073438
8 0.550000 0.086719 0.050000 0.073438
17 0.632812 0.088281 0.071875 0.076563
20 0.714063 0.093750 0.071875 0.087500
9 0.806250 0.087500 0.068750 0.075000
24 0.893750 0.085938 0.081250 0.071875
4 0.085156 0.207031 0.070312 0.076563
16 0.172656 0.206250 0.070312 0.075000
32 0.250781 0.207031 0.070312 0.076563
12 0.343750 0.204687 0.078125 0.071875
24 0.431250 0.204687 0.081250 0.071875
36 0.528125 0.207031 0.084375 0.076563
17 0.620313 0.207031 0.071875 0.076563
19 0.713281 0.210938 0.070312 0.084375
34 0.795312 0.211719 0.078125 0.085938
10 0.885938 0.210156 0.075000 0.082812
5 0.090625 0.323437 0.081250 0.075000
37 0.181250 0.322656 0.071875 0.073438
23 0.271094 0.321875 0.073438 0.071875
1 0.367969 0.325000 0.079687 0.078125
34 0.462500 0.327344 0.075000 0.082812
31 0.558594 0.323437 0.076563 0.075000
6 0.656250 0.323437 0.084375 0.075000
9 0.742188 0.321875 0.065625 0.071875
19 0.824219 0.328125 0.070312 0.084375
27 0.091406 0.441406 0.082812 0.079687
5 0.195312 0.437500 0.081250 0.071875
8 0.273438 0.438281 0.050000 0.073438
