34 0.089063 0.092969 0.078125 0.085938
31 0.178906 0.085938 0.073438 0.071875
31 0.269531 0.087500 0.076563 0.075000
22 0.365625 0.088281 0.084375 0.076563
20 0.457813 0.092188 0.068750 0.084375
4 0.538281 0.088281 0.067187 0.076563
17 0.615625 0.086719 0.071875 0.073438
16 0.707031 0.087500 0.070312 0.075000
32 0.796094 0.088281 0.070312 0.076563
28 0.888281 0.093750 0.082812 0.087500
29 0.075000 0.210938 0.050000 0.084375
21 0.152344 0.207031 0.079687 0.076563
14 0.246094 0.205469 0.070312 0.073438
30 0.331250 0.204687 0.068750 0.071875
35 0.421094 0.205469 0.089063 0.073438
3 0.519531 0.207031 0.067187 0.076563
9 0.593750 0.204687 0.065625 0.071875
20 0.673438 0.210938 0.068750 0.084375
21 0.763281 0.205469 0.076563 0.073438
9 0.848437 0.204687 0.065625 0.071875
