12 0.089063 0.085938 0.078125 0.071875
14 0.177344 0.088281 0.073438 0.076563
11 0.257812 0.089844 0.071875 0.079687
28 0.352344 0.093750 0.082812 0.087500
19 0.450781 0.093750 0.073438 0.087500
8 0.521875 0.086719 0.053125 0.073438
26 0.611719 0.088281 0.085938 0.076563
15 0.699219 0.096094 0.073438 0.092188
19 0.792969 0.092188 0.070312 0.084375
12 0.889062 0.087500 0.081250 0.075000
30 0.084375 0.210938 0.068750 0.075000
32 0.169531 0.211719 0.070312 0.076563
12 0.253125 0.209375 0.078125 0.071875
28 0.346094 0.218750 0.085938 0.090625
17 0.443750 0.210156 0.068750 0.073438
6 0.534375 0.209375 0.081250 0.071875
19 0.628906 0.215625 0.070312 0.084375
0 0.707031 0.210156 0.067187 0.073438
37 0.795312 0.211719 0.071875 0.076563
37 0.889062 0.211719 0.071875 0.076563
5 0.090625 0.332813 0.081250 0.075000
