24 0.092188 0.087500 0.084375 0.075000
12 0.193750 0.085938 0.078125 0.071875
9 0.289062 0.087500 0.068750 0.075000
19 0.372656 0.092188 0.073438 0.084375
1 0.463281 0.089063 0.079687 0.078125
0 0.558594 0.088281 0.070312 0.076563
6 0.656250 0.089063 0.084375 0.078125
34 0.751563 0.092969 0.078125 0.085938
33 0.850000 0.089844 0.075000 0.079687
17 0.085938 0.205469 0.071875 0.076563
6 0.175000 0.204687 0.084375 0.075000
15 0.274219 0.213281 0.073438 0.092188
25 0.357812 0.204687 0.075000 0.075000
15 0.439844 0.211719 0.067187 0.089063
28 0.533594 0.212500 0.085938 0.090625
28 0.633594 0.210938 0.082812 0.087500
18 0.733594 0.203906 0.073438 0.073438
36 0.829688 0.203906 0.081250 0.073438
30 0.084375 0.328125 0.068750 0.075000
5 0.171875 0.326562 0.081250 0.071875
12 0.271875 0.326562 0.078125 0.071875
0 0.366406 0.327344 0.067187 0.073438
14 0.458594 0.328906 0.073438 0.076563
29 0.534375 0.332813 0.053125 0.084375
