24 0.092188 0.089063 0.084375 0.078125
17 0.190625 0.086719 0.068750 0.073438
24 0.278125 0.087500 0.084375 0.075000
37 0.373437 0.088281 0.071875 0.076563
22 0.457813 0.086719 0.081250 0.073438
23 0.550781 0.087500 0.076563 0.075000
28 0.639844 0.093750 0.082812 0.087500
24 0.739062 0.085938 0.081250 0.071875
30 0.825000 0.085938 0.065625 0.071875
4 0.910156 0.089844 0.070312 0.079687
10 0.085938 0.208594 0.071875 0.079687
18 0.166406 0.205469 0.073438 0.073438
12 0.256250 0.204687 0.078125 0.071875
37 0.350000 0.205469 0.068750 0.073438
6 0.445312 0.204687 0.081250 0.071875
31 0.533594 0.206250 0.076563 0.075000
13 0.625000 0.207031 0.078125 0.076563
25 0.714063 0.206250 0.075000 0.075000
15 0.803906 0.213281 0.070312 0.089063
1 0.896094 0.209375 0.082812 0.081250
