8 0.075000 0.086719 0.050000 0.073438
12 0.159375 0.085938 0.078125 0.071875
33 0.256250 0.089844 0.075000 0.079687
17 0.337500 0.086719 0.068750 0.073438
37 0.418750 0.088281 0.071875 0.076563
33 0.501563 0.089844 0.075000 0.079687
15 0.594531 0.094531 0.067187 0.089063
7 0.672656 0.085938 0.073438 0.071875
4 0.764844 0.089844 0.070312 0.079687
17 0.856250 0.086719 0.068750 0.073438
18 0.086719 0.207031 0.073438 0.073438
37 0.178125 0.207031 0.068750 0.073438
25 0.262500 0.206250 0.071875 0.071875
7 0.350781 0.206250 0.073438 0.071875
4 0.442969 0.210156 0.070312 0.079687
23 0.522656 0.206250 0.073438 0.071875
2 0.607031 0.206250 0.067187 0.071875
1 0.689844 0.212500 0.082812 0.084375
1 0.782031 0.210938 0.082812 0.081250
12 0.878125 0.207813 0.081250 0.075000
19 0.085156 0.328125 0.070312 0.084375
29 0.167187 0.328125 0.050000 0.084375
29 0.237500 0.328125 0.053125 0.084375
20 0.307812 0.328125 0.068750 0.084375
22 0.400000 0.322656 0.081250 0.073438
5 0.501563 0.321875 0.081250 0.071875
4 0.596094 0.325781 0.070312 0.079687
