35 0.094531 0.086719 0.089063 0.073438
8 0.173437 0.086719 0.053125 0.073438
37 0.251563 0.088281 0.071875 0.076563
7 0.336719 0.087500 0.076563 0.075000
22 0.426563 0.086719 0.081250 0.073438
4 0.517969 0.089844 0.070312 0.079687
10 0.604688 0.091406 0.075000 0.082812
23 0.694531 0.087500 0.076563 0.075000
11 0.787500 0.089844 0.071875 0.079687
18 0.880469 0.086719 0.073438 0.073438
22 0.092188 0.202344 0.084375 0.076563
33 0.185938 0.203906 0.075000 0.079687
8 0.262500 0.200781 0.050000 0.073438
30 0.334375 0.201563 0.068750 0.075000
10 0.417187 0.203906 0.071875 0.079687
34 0.506250 0.205469 0.075000 0.082812
22 0.595313 0.200781 0.081250 0.073438
27 0.689844 0.203906 0.082812 0.079687
7 0.791406 0.201563 0.076563 0.075000
16 0.874219 0.201563 0.070312 0.075000
27 0.091406 0.319531 0.082812 0.082812
16 0.177344 0.314063 0.067187 0.071875
21 0.271094 0.316406 0.079687 0.076563
15 0.367969 0.324219 0.070312 0.092188
33 0.460938 0.317969 0.075000 0.079687
