33 0.085938 0.088281 0.071875 0.076563
14 0.171094 0.086719 0.070312 0.073438
0 0.257031 0.088281 0.070312 0.076563
13 0.348438 0.086719 0.075000 0.073438
19 0.435156 0.092188 0.070312 0.084375
10 0.520312 0.091406 0.075000 0.082812
23 0.611719 0.085938 0.073438 0.071875
22 0.706250 0.086719 0.081250 0.073438
34 0.801562 0.092969 0.078125 0.085938
9 0.893750 0.087500 0.068750 0.075000
37 0.085938 0.205469 0.071875 0.076563
5 0.175000 0.203125 0.081250 0.071875
33 0.264062 0.207031 0.075000 0.079687
14 0.349219 0.205469 0.073438 0.076563
3 0.441406 0.205469 0.067187 0.076563
17 0.525000 0.203906 0.068750 0.073438
7 0.613281 0.204687 0.076563 0.075000
4 0.707031 0.205469 0.067187 0.076563
13 0.787500 0.205469 0.078125 0.076563
29 0.871875 0.209375 0.053125 0.084375
22 0.092188 0.322656 0.084375 0.079687
15 0.180469 0.328906 0.073438 0.092188
19 0.277344 0.326562 0.076563 0.087500
