9 0.082812 0.085938 0.065625 0.071875
23 0.172656 0.087500 0.076563 0.075000
12 0.271875 0.087500 0.081250 0.075000
21 0.358594 0.086719 0.076563 0.073438
8 0.443750 0.086719 0.050000 0.073438
19 0.527344 0.093750 0.073438 0.087500
2 0.611719 0.087500 0.070312 0.075000
28 0.702344 0.095312 0.085938 0.090625
29 0.790625 0.092188 0.050000 0.084375
16 0.860156 0.085938 0.067187 0.071875
14 0.086719 0.210156 0.073438 0.076563
32 0.174219 0.208594 0.067187 0.073438
17 0.259375 0.210156 0.071875 0.076563
20 0.350000 0.215625 0.075000 0.087500
37 0.432812 0.210156 0.071875 0.076563
17 0.515625 0.208594 0.068750 0.073438
31 0.605469 0.209375 0.076563 0.075000
34 0.689063 0.213281 0.075000 0.082812
29 0.759375 0.214062 0.050000 0.084375
31 0.828906 0.207813 0.073438 0.071875
13 0.089063 0.328906 0.078125 0.076563
4 0.182031 0.328906 0.067187 0.076563
26 0.275781 0.330469 0.085938 0.079687
8 0.360938 0.328906 0.053125 0.076563
32 0.430469 0.327344 0.067187 0.073438
19 0.524219 0.334375 0.076563 0.087500
13 0.617188 0.328906 0.075000 0.076563
