26 0.091406 0.086719 0.082812 0.073438
30 0.179688 0.085938 0.065625 0.071875
1 0.274219 0.089063 0.079687 0.078125
19 0.357031 0.092188 0.070312 0.084375
22 0.446875 0.088281 0.084375 0.076563
5 0.537500 0.085938 0.081250 0.071875
8 0.612500 0.088281 0.053125 0.076563
12 0.685937 0.085938 0.078125 0.071875
32 0.782031 0.086719 0.070312 0.073438
6 0.873437 0.087500 0.081250 0.075000
37 0.085938 0.203906 0.071875 0.076563
18 0.178906 0.203906 0.076563 0.076563
21 0.275781 0.203906 0.079687 0.076563
4 0.369531 0.203906 0.067187 0.076563
30 0.451562 0.203125 0.068750 0.075000
32 0.536719 0.202344 0.067187 0.073438
16 0.616406 0.201563 0.067187 0.071875
35 0.713281 0.202344 0.089063 0.073438
6 0.814063 0.201563 0.081250 0.071875
16 0.910156 0.201563 0.067187 0.071875
16 0.083594 0.309375 0.067187 0.071875
2 0.167969 0.310937 0.070312 0.075000
23 0.253906 0.310937 0.076563 0.075000
13 0.342187 0.310156 0.075000 0.073438
21 0.428906 0.311719 0.076563 0.076563
22 0.521875 0.311719 0.084375 0.076563
24 0.628125 0.310937 0.084375 0.075000
34 0.726562 0.314844 0.078125 0.082812
8 0.814063 0.310156 0.053125 0.073438
