12 0.089063 0.085938 0.078125 0.071875
7 0.185156 0.085938 0.073438 0.071875
16 0.263281 0.085938 0.067187 0.071875
33 0.350000 0.088281 0.071875 0.076563
4 0.438281 0.089844 0.070312 0.079687
7 0.527344 0.087500 0.076563 0.075000
8 0.614062 0.086719 0.053125 0.073438
4 0.682031 0.088281 0.067187 0.076563
9 0.764062 0.085938 0.065625 0.071875
15 0.846094 0.094531 0.070312 0.089063
17 0.085938 0.207031 0.071875 0.073438
8 0.168750 0.208594 0.053125 0.076563
33 0.246875 0.210156 0.075000 0.079687
15 0.342969 0.216406 0.073438 0.092188
10 0.431250 0.210156 0.075000 0.079687
10 0.517188 0.211719 0.075000 0.082812
7 0.600781 0.206250 0.073438 0.071875
20 0.681250 0.212500 0.068750 0.084375
14 0.774219 0.208594 0.073438 0.076563
27 0.861719 0.211719 0.085938 0.082812
