8 0.075000 0.086719 0.050000 0.073438
37 0.157812 0.088281 0.071875 0.076563
37 0.248438 0.086719 0.068750 0.073438
37 0.326562 0.086719 0.068750 0.073438
29 0.404687 0.093750 0.056250 0.087500
8 0.481250 0.086719 0.053125 0.073438
3 0.552344 0.089844 0.070312 0.079687
26 0.647656 0.088281 0.085938 0.076563
34 0.740625 0.092969 0.078125 0.085938
29 0.825000 0.092188 0.050000 0.084375
16 0.905469 0.085938 0.067187 0.071875
18 0.086719 0.205469 0.073438 0.073438
7 0.183594 0.206250 0.076563 0.075000
8 0.259375 0.205469 0.050000 0.073438
20 0.340625 0.210938 0.068750 0.084375
29 0.423438 0.210938 0.053125 0.084375
20 0.503125 0.210938 0.068750 0.084375
28 0.586719 0.212500 0.082812 0.087500
0 0.672656 0.205469 0.067187 0.073438
26 0.766406 0.205469 0.082812 0.073438
31 0.861719 0.206250 0.076563 0.075000
4 0.083594 0.325781 0.067187 0.076563
9 0.162500 0.325000 0.068750 0.075000
