21 0.089844 0.088281 0.079687 0.076563
9 0.178125 0.085938 0.065625 0.071875
6 0.271875 0.087500 0.084375 0.075000
9 0.367188 0.087500 0.068750 0.075000
33 0.460938 0.088281 0.075000 0.076563
25 0.545312 0.085938 0.071875 0.071875
14 0.625781 0.088281 0.073438 0.076563
9 0.714063 0.087500 0.068750 0.075000
19 0.802344 0.092188 0.070312 0.084375
24 0.892188 0.085938 0.081250 0.071875
18 0.088281 0.203906 0.076563 0.076563
26 0.175781 0.203906 0.082812 0.076563
5 0.271875 0.201563 0.081250 0.071875
13 0.359375 0.202344 0.075000 0.073438
33 0.440625 0.203906 0.071875 0.076563
16 0.525781 0.201563 0.067187 0.071875
16 0.616406 0.203125 0.070312 0.075000
12 0.701562 0.201563 0.078125 0.071875
24 0.801562 0.203125 0.081250 0.075000
23 0.899219 0.203125 0.076563 0.075000
29 0.076563 0.315625 0.053125 0.084375
22 0.160938 0.311719 0.084375 0.076563
32 0.250781 0.311719 0.070312 0.076563
23 0.338281 0.309375 0.073438 0.071875
31 0.432031 0.309375 0.073438 0.071875
36 0.526563 0.311719 0.084375 0.076563
5 0.629687 0.309375 0.081250 0.071875
