23 0.086719 0.085938 0.073438 0.071875
17 0.168750 0.088281 0.071875 0.076563
14 0.252344 0.086719 0.070312 0.073438
16 0.342969 0.087500 0.070312 0.075000
33 0.431250 0.088281 0.075000 0.076563
5 0.525000 0.087500 0.084375 0.075000
17 0.623437 0.086719 0.068750 0.073438
8 0.690625 0.086719 0.050000 0.073438
13 0.768750 0.086719 0.075000 0.073438
5 0.857812 0.087500 0.084375 0.075000
9 0.084375 0.195312 0.068750 0.075000
26 0.171094 0.194531 0.082812 0.073438
3 0.266406 0.196094 0.067187 0.076563
0 0.347656 0.194531 0.067187 0.073438
15 0.430469 0.203906 0.073438 0.092188
7 0.517969 0.193750 0.073438 0.071875
2 0.611719 0.195312 0.070312 0.075000
17 0.689063 0.194531 0.068750 0.073438
21 0.778906 0.194531 0.076563 0.073438
33 0.875000 0.196094 0.071875 0.076563
