17 0.084375 0.086719 0.068750 0.073438
36 0.173437 0.086719 0.081250 0.073438
31 0.272656 0.085938 0.073438 0.071875
11 0.357812 0.089844 0.071875 0.079687
28 0.447656 0.095312 0.085938 0.090625
35 0.552344 0.089844 0.092188 0.079687
29 0.632812 0.093750 0.053125 0.087500
34 0.707812 0.092969 0.078125 0.085938
15 0.791406 0.096094 0.070312 0.092188
17 0.882812 0.086719 0.068750 0.073438
15 0.085156 0.217969 0.070312 0.089063
29 0.160938 0.217188 0.056250 0.087500
12 0.237500 0.210938 0.081250 0.075000
37 0.332813 0.210156 0.068750 0.073438
15 0.419531 0.219531 0.070312 0.092188
26 0.513281 0.211719 0.085938 0.076563
29 0.595313 0.215625 0.050000 0.084375
26 0.672656 0.211719 0.085938 0.076563
20 0.760938 0.215625 0.068750 0.084375
28 0.860156 0.218750 0.085938 0.090625
34 0.090625 0.339844 0.081250 0.085938
33 0.187500 0.335156 0.071875 0.076563
33 0.273438 0.336719 0.075000 0.079687
30 0.354687 0.334375 0.068750 0.075000
4 0.432031 0.336719 0.070312 0.079687
30 0.514062 0.334375 0.068750 0.075000
30 0.598437 0.334375 0.068750 0.075000
14 0.678906 0.333594 0.070312 0.073438
23 0.764844 0.332813 0.073438 0.071875
20 0.845313 0.339062 0.068750 0.084375
32 0.083594 0.450781 0.067187 0.073438
