18 0.088281 0.088281 0.076563 0.076563
34 0.181250 0.091406 0.075000 0.082812
21 0.275781 0.088281 0.079687 0.076563
21 0.364844 0.088281 0.079687 0.076563
9 0.445312 0.085938 0.065625 0.071875
10 0.535937 0.091406 0.075000 0.082812
3 0.622656 0.088281 0.067187 0.076563
1 0.716406 0.090625 0.082812 0.081250
33 0.810937 0.088281 0.071875 0.076563
36 0.904687 0.088281 0.081250 0.076563
1 0.089844 0.203125 0.079687 0.078125
27 0.178906 0.203906 0.082812 0.079687
8 0.259375 0.200781 0.050000 0.073438
33 0.332813 0.203906 0.075000 0.079687
28 0.419531 0.207813 0.082812 0.087500
30 0.512500 0.200000 0.065625 0.071875
10 0.589063 0.203906 0.071875 0.079687
31 0.683594 0.200000 0.073438 0.071875
4 0.774219 0.202344 0.070312 0.076563
20 0.856250 0.206250 0.068750 0.084375
34 0.087500 0.324219 0.075000 0.082812
1 0.174219 0.321875 0.079687 0.078125
26 0.264844 0.319531 0.082812 0.073438
6 0.368750 0.320312 0.084375 0.075000
23 0.463281 0.320312 0.076563 0.075000
25 0.554688 0.320312 0.075000 0.075000
36 0.654687 0.319531 0.081250 0.073438
2 0.738281 0.318750 0.067187 0.071875
1 0.833594 0.323437 0.079687 0.081250
23 0.086719 0.432812 0.073438 0.071875
8 0.170313 0.433594 0.050000 0.073438
13 0.248438 0.433594 0.075000 0.073438
16 0.330469 0.434375 0.070312 0.075000
12 0.418750 0.434375 0.081250 0.075000
