14 0.085156 0.086719 0.070312 0.073438
4 0.175781 0.089844 0.070312 0.079687
23 0.257031 0.085938 0.073438 0.071875
19 0.350781 0.093750 0.073438 0.087500
16 0.439844 0.087500 0.070312 0.075000
10 0.529687 0.089844 0.071875 0.079687
29 0.607812 0.092188 0.053125 0.084375
25 0.685937 0.087500 0.075000 0.075000
36 0.782813 0.088281 0.084375 0.076563
30 0.867188 0.087500 0.068750 0.075000
11 0.084375 0.207031 0.068750 0.076563
26 0.177344 0.207031 0.085938 0.076563
36 0.278125 0.205469 0.081250 0.073438
18 0.369531 0.205469 0.073438 0.073438
10 0.462500 0.208594 0.071875 0.079687
16 0.553906 0.206250 0.070312 0.075000
8 0.625000 0.205469 0.050000 0.073438
17 0.701562 0.205469 0.068750 0.073438
16 0.786719 0.206250 0.070312 0.075000
33 0.868750 0.208594 0.075000 0.079687
15 0.085156 0.324219 0.070312 0.089063
6 0.173437 0.315625 0.081250 0.071875
3 0.257031 0.317969 0.067187 0.076563
31 0.338281 0.317188 0.076563 0.075000
22 0.426563 0.317969 0.084375 0.076563
19 0.522656 0.321875 0.070312 0.084375
