10 0.087500 0.091406 0.075000 0.082812
19 0.177344 0.092188 0.070312 0.084375
6 0.268750 0.087500 0.084375 0.075000
17 0.357812 0.088281 0.071875 0.076563
32 0.450781 0.088281 0.070312 0.076563
17 0.535937 0.086719 0.068750 0.073438
33 0.617188 0.089844 0.075000 0.079687
35 0.721094 0.088281 0.092188 0.076563
13 0.821875 0.088281 0.078125 0.076563
22 0.092188 0.203906 0.084375 0.076563
25 0.192188 0.203125 0.075000 0.075000
11 0.275000 0.203906 0.068750 0.076563
11 0.356250 0.205469 0.071875 0.079687
15 0.444531 0.210156 0.067187 0.089063
0 0.522656 0.202344 0.067187 0.073438
2 0.599219 0.201563 0.067187 0.071875
31 0.683594 0.201563 0.073438 0.071875
37 0.771875 0.202344 0.068750 0.073438
29 0.843750 0.207813 0.053125 0.084375
1 0.089844 0.325000 0.079687 0.078125
23 0.177344 0.323437 0.076563 0.075000
12 0.262500 0.321875 0.078125 0.071875
7 0.357031 0.323437 0.076563 0.075000
6 0.453125 0.323437 0.084375 0.075000
29 0.529687 0.328125 0.050000 0.084375
24 0.607812 0.323437 0.084375 0.075000
