2 0.085156 0.087500 0.070312 0.075000
2 0.161719 0.085938 0.067187 0.071875
8 0.237500 0.088281 0.053125 0.076563
19 0.313281 0.092188 0.070312 0.084375
6 0.406250 0.087500 0.084375 0.075000
13 0.506250 0.088281 0.078125 0.076563
11 0.603125 0.089844 0.071875 0.079687
7 0.699219 0.087500 0.076563 0.075000
0 0.778906 0.086719 0.067187 0.073438
18 0.861719 0.088281 0.076563 0.076563
14 0.086719 0.203906 0.073438 0.076563
37 0.170313 0.203906 0.071875 0.076563
31 0.258594 0.201563 0.073438 0.071875
8 0.343750 0.203906 0.053125 0.076563
4 0.422656 0.203906 0.067187 0.076563
11 0.509375 0.203906 0.068750 0.076563
8 0.589063 0.202344 0.053125 0.073438
8 0.650000 0.202344 0.050000 0.073438
18 0.727344 0.203906 0.076563 0.076563
36 0.828125 0.202344 0.081250 0.073438
9 0.084375 0.309375 0.068750 0.071875
33 0.167187 0.313281 0.075000 0.079687
24 0.253125 0.309375 0.081250 0.071875
32 0.339844 0.311719 0.070312 0.076563
21 0.433594 0.310156 0.076563 0.073438
7 0.517969 0.310937 0.076563 0.075000
