18 0.088281 0.088281 0.076563 0.076563
31 0.174219 0.085938 0.073438 0.071875
0 0.266406 0.086719 0.067187 0.073438
30 0.345313 0.087500 0.068750 0.075000
30 0.426563 0.085938 0.065625 0.071875
25 0.506250 0.087500 0.075000 0.075000
21 0.605469 0.088281 0.079687 0.076563
22 0.703125 0.086719 0.081250 0.073438
13 0.798438 0.088281 0.078125 0.076563
2 0.891406 0.087500 0.070312 0.075000
9 0.082812 0.193750 0.065625 0.071875
35 0.175781 0.194531 0.089063 0.073438
26 0.271094 0.194531 0.082812 0.073438
30 0.359375 0.193750 0.065625 0.071875
29 0.429688 0.200000 0.053125 0.084375
17 0.498437 0.194531 0.068750 0.073438
21 0.591406 0.194531 0.076563 0.073438
36 0.692187 0.194531 0.081250 0.073438
26 0.791406 0.194531 0.082812 0.073438
13 0.893750 0.196094 0.078125 0.076563
35 0.096094 0.311719 0.092188 0.076563
7 0.194531 0.309375 0.073438 0.071875
11 0.287500 0.313281 0.071875 0.079687
4 0.374219 0.313281 0.070312 0.079687
36 0.468750 0.311719 0.081250 0.076563
18 0.567969 0.310156 0.073438 0.073438
25 0.651563 0.310937 0.075000 0.075000
