17 0.084375 0.086719 0.068750 0.073438
5 0.170313 0.085938 0.081250 0.071875
22 0.259375 0.086719 0.081250 0.073438
14 0.352344 0.088281 0.073438 0.076563
5 0.450000 0.087500 0.084375 0.075000
29 0.534375 0.093750 0.056250 0.087500
4 0.611719 0.088281 0.067187 0.076563
27 0.699219 0.089844 0.082812 0.079687
24 0.790625 0.085938 0.081250 0.071875
24 0.885938 0.085938 0.081250 0.071875
17 0.084375 0.205469 0.068750 0.073438
1 0.174219 0.209375 0.082812 0.081250
29 0.262500 0.210938 0.053125 0.084375
25 0.335938 0.206250 0.075000 0.075000
0 0.430469 0.207031 0.070312 0.076563
21 0.522656 0.207031 0.079687 0.076563
34 0.623437 0.211719 0.081250 0.085938
17 0.707812 0.207031 0.071875 0.076563
27 0.797656 0.208594 0.082812 0.079687
11 0.885938 0.207031 0.068750 0.076563
28 0.092969 0.331250 0.085938 0.090625
1 0.183594 0.325000 0.079687 0.078125
1 0.271094 0.325000 0.079687 0.078125
21 0.363281 0.322656 0.076563 0.073438
9 0.445312 0.321875 0.065625 0.071875
16 0.535156 0.323437 0.070312 0.075000
29 0.607812 0.329688 0.056250 0.087500
0 0.678906 0.322656 0.067187 0.073438
28 0.771094 0.329688 0.082812 0.087500
12 0.867188 0.321875 0.078125 0.071875
30 0.084375 0.445312 0.068750 0.075000
