8 0.075000 0.086719 0.050000 0.073438
36 0.164062 0.088281 0.084375 0.076563
6 0.268750 0.087500 0.084375 0.075000
24 0.367188 0.087500 0.081250 0.075000
29 0.453125 0.092188 0.053125 0.084375
34 0.528125 0.091406 0.075000 0.082812
1 0.614844 0.089063 0.079687 0.078125
35 0.716406 0.088281 0.092188 0.076563
29 0.807813 0.092188 0.050000 0.084375
25 0.884375 0.085938 0.071875 0.071875
30 0.084375 0.203125 0.068750 0.075000
5 0.173437 0.201563 0.081250 0.071875
17 0.268750 0.202344 0.071875 0.073438
29 0.343750 0.207813 0.050000 0.084375
12 0.426563 0.201563 0.078125 0.071875
25 0.520312 0.201563 0.071875 0.071875
25 0.615625 0.203125 0.075000 0.075000
5 0.707812 0.201563 0.081250 0.071875
8 0.793750 0.202344 0.050000 0.073438
14 0.877344 0.203906 0.073438 0.076563
24 0.090625 0.317188 0.081250 0.071875
32 0.185156 0.319531 0.070312 0.076563
19 0.266406 0.325000 0.076563 0.087500
22 0.365625 0.319531 0.084375 0.076563
14 0.461719 0.319531 0.073438 0.076563
11 0.545312 0.319531 0.068750 0.076563
