16 0.085156 0.087500 0.070312 0.075000
11 0.176563 0.089844 0.071875 0.079687
19 0.267969 0.092188 0.070312 0.084375
18 0.358594 0.086719 0.073438 0.073438
26 0.447656 0.086719 0.082812 0.073438
8 0.531250 0.088281 0.053125 0.076563
34 0.609375 0.092969 0.078125 0.085938
37 0.704688 0.088281 0.071875 0.076563
10 0.789062 0.089844 0.071875 0.079687
20 0.878125 0.092188 0.068750 0.084375
6 0.092188 0.204687 0.084375 0.075000
28 0.191406 0.210938 0.082812 0.087500
23 0.283594 0.204687 0.076563 0.075000
2 0.371094 0.203125 0.067187 0.071875
0 0.455469 0.203906 0.070312 0.073438
22 0.545312 0.203906 0.081250 0.073438
11 0.631250 0.205469 0.068750 0.076563
30 0.707812 0.203125 0.065625 0.071875
14 0.789844 0.205469 0.073438 0.076563
9 0.868750 0.203125 0.065625 0.071875
27 0.092969 0.327344 0.085938 0.082812
