14 0.086719 0.086719 0.073438 0.073438
19 0.177344 0.093750 0.073438 0.087500
30 0.268750 0.085938 0.065625 0.071875
4 0.352344 0.088281 0.067187 0.076563
22 0.440625 0.086719 0.081250 0.073438
32 0.536719 0.086719 0.067187 0.073438
26 0.633594 0.086719 0.082812 0.073438
28 0.725781 0.093750 0.082812 0.087500
15 0.822656 0.094531 0.067187 0.089063
22 0.906250 0.086719 0.081250 0.073438
18 0.086719 0.207031 0.073438 0.073438
15 0.174219 0.214844 0.067187 0.089063
25 0.267188 0.207813 0.075000 0.075000
28 0.353906 0.214062 0.082812 0.087500
19 0.447656 0.212500 0.070312 0.084375
4 0.536719 0.210156 0.070312 0.079687
5 0.634375 0.206250 0.081250 0.071875
23 0.732031 0.207813 0.076563 0.075000
12 0.828125 0.206250 0.078125 0.071875
9 0.915625 0.207813 0.068750 0.075000
29 0.076563 0.332813 0.053125 0.084375
28 0.161719 0.334375 0.082812 0.087500
29 0.246875 0.332813 0.050000 0.084375
17 0.321875 0.328906 0.071875 0.076563
29 0.395313 0.332813 0.050000 0.084375
0 0.474219 0.328906 0.070312 0.076563
17 0.554688 0.327344 0.068750 0.073438
8 0.635938 0.327344 0.050000 0.073438
37 0.718750 0.328906 0.071875 0.076563
