35 0.096094 0.088281 0.092188 0.076563
0 0.185156 0.086719 0.067187 0.073438
11 0.264062 0.089844 0.071875 0.079687
27 0.352344 0.089844 0.082812 0.079687
1 0.447656 0.089063 0.079687 0.078125
4 0.536719 0.089844 0.070312 0.079687
14 0.617969 0.086719 0.070312 0.073438
21 0.711719 0.086719 0.076563 0.073438
15 0.797656 0.094531 0.067187 0.089063
30 0.879687 0.085938 0.068750 0.071875
13 0.087500 0.207031 0.075000 0.073438
12 0.181250 0.207813 0.081250 0.075000
8 0.257812 0.207031 0.053125 0.073438
2 0.333594 0.206250 0.067187 0.071875
8 0.415625 0.207031 0.053125 0.073438
34 0.487500 0.211719 0.075000 0.082812
34 0.579688 0.213281 0.078125 0.085938
22 0.676562 0.208594 0.081250 0.076563
11 0.768750 0.210156 0.071875 0.079687
35 0.866406 0.210156 0.092188 0.079687
24 0.092188 0.325000 0.084375 0.075000
10 0.189062 0.327344 0.071875 0.079687
21 0.280469 0.325781 0.079687 0.076563
4 0.366406 0.327344 0.070312 0.079687
9 0.443750 0.325000 0.068750 0.075000
