21 0.088281 0.086719 0.076563 0.073438
36 0.187500 0.088281 0.084375 0.076563
10 0.276562 0.091406 0.075000 0.082812
8 0.350000 0.086719 0.050000 0.073438
4 0.428906 0.088281 0.070312 0.076563
36 0.520312 0.086719 0.081250 0.073438
13 0.615625 0.086719 0.075000 0.073438
19 0.710156 0.093750 0.073438 0.087500
9 0.800000 0.085938 0.065625 0.071875
15 0.886719 0.096094 0.073438 0.092188
10 0.087500 0.214844 0.075000 0.082812
0 0.172656 0.210156 0.070312 0.073438
37 0.260937 0.210156 0.068750 0.073438
13 0.346875 0.210156 0.075000 0.073438
11 0.431250 0.211719 0.068750 0.076563
13 0.526563 0.211719 0.078125 0.076563
13 0.614062 0.211719 0.078125 0.076563
18 0.700781 0.211719 0.076563 0.076563
37 0.796875 0.210156 0.071875 0.073438
21 0.886719 0.210156 0.076563 0.073438
3 0.085156 0.327344 0.070312 0.079687
