19 0.085156 0.092188 0.070312 0.084375
18 0.171094 0.086719 0.073438 0.073438
16 0.253906 0.085938 0.067187 0.071875
14 0.341406 0.088281 0.073438 0.076563
34 0.432812 0.092969 0.078125 0.085938
26 0.535156 0.086719 0.082812 0.073438
15 0.621094 0.094531 0.067187 0.089063
1 0.708594 0.089063 0.079687 0.078125
26 0.802344 0.088281 0.085938 0.076563
32 0.899219 0.088281 0.070312 0.076563
7 0.088281 0.207813 0.076563 0.075000
34 0.173437 0.213281 0.078125 0.085938
12 0.264062 0.206250 0.078125 0.071875
9 0.357812 0.207813 0.068750 0.075000
34 0.450000 0.211719 0.075000 0.082812
29 0.528125 0.212500 0.050000 0.084375
10 0.607812 0.211719 0.075000 0.082812
17 0.696875 0.207031 0.068750 0.073438
24 0.782813 0.207813 0.081250 0.075000
12 0.881250 0.206250 0.078125 0.071875
8 0.075000 0.324219 0.050000 0.073438
35 0.160156 0.325781 0.092188 0.076563
30 0.246875 0.323437 0.065625 0.071875
10 0.325000 0.328906 0.075000 0.082812
30 0.407813 0.325000 0.068750 0.075000
21 0.488281 0.324219 0.076563 0.073438
19 0.583594 0.329688 0.070312 0.084375
9 0.673438 0.323437 0.065625 0.071875
