25 0.087500 0.087500 0.075000 0.075000
3 0.177344 0.088281 0.067187 0.076563
31 0.258594 0.087500 0.076563 0.075000
22 0.348438 0.086719 0.081250 0.073438
24 0.443750 0.085938 0.081250 0.071875
30 0.531250 0.085938 0.065625 0.071875
29 0.609375 0.092188 0.050000 0.084375
0 0.685156 0.088281 0.070312 0.076563
20 0.778125 0.092188 0.071875 0.084375
34 0.870313 0.092969 0.078125 0.085938
20 0.084375 0.209375 0.068750 0.084375
16 0.167969 0.204687 0.070312 0.075000
4 0.252344 0.205469 0.067187 0.076563
28 0.338281 0.212500 0.085938 0.090625
21 0.435156 0.203906 0.076563 0.073438
11 0.529687 0.207031 0.071875 0.079687
37 0.617188 0.205469 0.071875 0.076563
12 0.714063 0.203125 0.078125 0.071875
11 0.804688 0.207031 0.071875 0.079687
7 0.891406 0.204687 0.076563 0.075000
8 0.076563 0.325781 0.053125 0.073438
34 0.151562 0.330469 0.075000 0.082812
17 0.242188 0.325781 0.068750 0.073438
37 0.321875 0.325781 0.068750 0.073438
23 0.408594 0.326562 0.076563 0.075000
20 0.496875 0.332813 0.075000 0.087500
24 0.587500 0.325000 0.081250 0.071875
3 0.671094 0.328906 0.070312 0.079687
37 0.759375 0.327344 0.071875 0.076563
32 0.842969 0.325781 0.067187 0.073438
31 0.086719 0.443750 0.073438 0.071875
