23 0.086719 0.085938 0.073438 0.071875
7 0.180469 0.085938 0.073438 0.071875
16 0.260156 0.085938 0.067187 0.071875
33 0.346875 0.088281 0.071875 0.076563
25 0.429688 0.087500 0.075000 0.075000
12 0.525000 0.087500 0.081250 0.075000
36 0.621875 0.088281 0.084375 0.076563
17 0.715625 0.088281 0.071875 0.076563
9 0.795312 0.087500 0.068750 0.075000
27 0.891406 0.091406 0.085938 0.082812
9 0.082812 0.200000 0.065625 0.071875
10 0.175000 0.205469 0.075000 0.082812
28 0.264844 0.207813 0.082812 0.087500
23 0.352344 0.201563 0.073438 0.075000
37 0.432812 0.200781 0.068750 0.073438
21 0.527344 0.200781 0.076563 0.073438
31 0.610156 0.200000 0.073438 0.071875
35 0.705469 0.200781 0.089063 0.073438
8 0.787500 0.200781 0.053125 0.073438
27 0.866406 0.205469 0.085938 0.082812
