37 0.084375 0.086719 0.068750 0.073438
28 0.177344 0.095312 0.085938 0.090625
26 0.269531 0.086719 0.082812 0.073438
30 0.364063 0.085938 0.065625 0.071875
29 0.432812 0.093750 0.056250 0.087500
7 0.508594 0.087500 0.076563 0.075000
3 0.589844 0.089844 0.070312 0.079687
32 0.667969 0.088281 0.070312 0.076563
12 0.750000 0.085938 0.078125 0.071875
5 0.846875 0.085938 0.081250 0.071875
31 0.088281 0.209375 0.076563 0.075000
5 0.182812 0.209375 0.081250 0.075000
18 0.271094 0.210156 0.076563 0.076563
2 0.353906 0.207813 0.067187 0.071875
22 0.448437 0.211719 0.084375 0.079687
5 0.545312 0.209375 0.084375 0.075000
17 0.632812 0.208594 0.068750 0.073438
35 0.721094 0.211719 0.092188 0.079687
21 0.827344 0.208594 0.076563 0.073438
20 0.910937 0.214062 0.068750 0.084375
23 0.088281 0.325000 0.076563 0.075000
30 0.179688 0.325000 0.068750 0.075000
