0 0.083594 0.086719 0.067187 0.073438
21 0.169531 0.088281 0.079687 0.076563
5 0.259375 0.085938 0.081250 0.071875
0 0.357031 0.088281 0.070312 0.076563
5 0.443750 0.085938 0.081250 0.071875
25 0.531250 0.085938 0.071875 0.071875
19 0.610156 0.092188 0.070312 0.084375
9 0.695312 0.085938 0.065625 0.071875
15 0.778906 0.096094 0.073438 0.092188
34 0.876563 0.091406 0.078125 0.082812
33 0.085938 0.211719 0.071875 0.076563
4 0.164844 0.213281 0.070312 0.079687
14 0.244531 0.210156 0.070312 0.073438
12 0.334375 0.209375 0.078125 0.071875
20 0.425000 0.217188 0.075000 0.087500
33 0.512500 0.213281 0.075000 0.079687
15 0.599219 0.217969 0.067187 0.089063
35 0.686719 0.210156 0.089063 0.073438
12 0.789062 0.210938 0.081250 0.075000
25 0.884375 0.210938 0.075000 0.075000
34 0.089063 0.336719 0.078125 0.085938
24 0.178125 0.329688 0.081250 0.071875
14 0.269531 0.332031 0.073438 0.076563
19 0.352344 0.337500 0.073438 0.087500
33 0.435937 0.332031 0.071875 0.076563
