24 0.092188 0.087500 0.084375 0.075000
15 0.183594 0.094531 0.067187 0.089063
33 0.273438 0.089844 0.075000 0.079687
2 0.361719 0.087500 0.070312 0.075000
27 0.452344 0.089844 0.082812 0.079687
8 0.535937 0.086719 0.053125 0.073438
1 0.622656 0.089063 0.079687 0.078125
32 0.714844 0.088281 0.070312 0.076563
5 0.801562 0.087500 0.084375 0.075000
15 0.891406 0.094531 0.070312 0.089063
31 0.086719 0.206250 0.073438 0.071875
26 0.178906 0.207031 0.082812 0.073438
36 0.278125 0.208594 0.084375 0.076563
35 0.382031 0.208594 0.089063 0.076563
15 0.477344 0.214844 0.067187 0.089063
1 0.561719 0.209375 0.079687 0.078125
15 0.650781 0.214844 0.067187 0.089063
35 0.739844 0.208594 0.089063 0.076563
15 0.835156 0.214844 0.070312 0.089063
37 0.084375 0.327344 0.068750 0.073438
18 0.164844 0.328906 0.076563 0.076563
11 0.246875 0.328906 0.068750 0.076563
21 0.333594 0.327344 0.076563 0.073438
27 0.428906 0.330469 0.082812 0.079687
3 0.524219 0.328906 0.067187 0.076563
1 0.608594 0.329688 0.079687 0.078125
10 0.703125 0.330469 0.071875 0.079687
22 0.787500 0.327344 0.081250 0.073438
30 0.879687 0.326562 0.065625 0.071875
22 0.092188 0.439844 0.084375 0.076563
12 0.182812 0.439063 0.081250 0.075000
25 0.276562 0.439063 0.075000 0.075000
