21 0.088281 0.086719 0.076563 0.073438
23 0.175781 0.087500 0.076563 0.075000
25 0.270313 0.087500 0.075000 0.075000
3 0.355469 0.088281 0.067187 0.076563
1 0.444531 0.090625 0.082812 0.081250
6 0.535937 0.087500 0.084375 0.075000
33 0.637500 0.089844 0.075000 0.079687
32 0.728906 0.086719 0.067187 0.073438
20 0.818750 0.093750 0.071875 0.087500
13 0.089063 0.207031 0.078125 0.076563
35 0.182031 0.205469 0.089063 0.073438
31 0.282031 0.206250 0.076563 0.075000
35 0.378906 0.207031 0.092188 0.076563
29 0.470313 0.210938 0.053125 0.084375
32 0.542969 0.205469 0.067187 0.073438
12 0.631250 0.204687 0.078125 0.071875
20 0.728125 0.212500 0.071875 0.087500
16 0.808594 0.206250 0.070312 0.075000
12 0.898438 0.204687 0.078125 0.071875
5 0.090625 0.323437 0.081250 0.071875
16 0.185156 0.323437 0.067187 0.071875
37 0.264062 0.324219 0.068750 0.073438
2 0.349219 0.325000 0.070312 0.075000
6 0.440625 0.325000 0.084375 0.075000
21 0.532031 0.325781 0.079687 0.076563
9 0.626563 0.325000 0.068750 0.075000
4 0.708594 0.327344 0.070312 0.079687
24 0.806250 0.325000 0.084375 0.075000
