2 0.085156 0.087500 0.070312 0.075000
35 0.172656 0.086719 0.089063 0.073438
14 0.266406 0.088281 0.073438 0.076563
2 0.346094 0.087500 0.070312 0.075000
29 0.418750 0.092188 0.050000 0.084375
11 0.485938 0.088281 0.068750 0.076563
36 0.584375 0.088281 0.084375 0.076563
35 0.692969 0.086719 0.089063 0.073438
10 0.782813 0.089844 0.071875 0.079687
1 0.874219 0.089063 0.079687 0.078125
5 0.092188 0.203125 0.084375 0.075000
8 0.170313 0.202344 0.050000 0.073438
34 0.250000 0.208594 0.078125 0.085938
8 0.326562 0.203906 0.053125 0.076563
14 0.407031 0.203906 0.073438 0.076563
0 0.485156 0.202344 0.067187 0.073438
4 0.575781 0.203906 0.070312 0.076563
1 0.669531 0.206250 0.082812 0.081250
18 0.757031 0.203906 0.076563 0.076563
18 0.853906 0.202344 0.073438 0.073438
14 0.086719 0.321094 0.073438 0.076563
21 0.174219 0.321094 0.079687 0.076563
6 0.270313 0.318750 0.081250 0.071875
37 0.368750 0.321094 0.071875 0.076563
9 0.460938 0.320312 0.068750 0.075000
8 0.537500 0.321094 0.053125 0.076563
