26 0.092969 0.088281 0.085938 0.076563
35 0.192969 0.088281 0.092188 0.076563
36 0.290625 0.089844 0.084375 0.079687
20 0.385937 0.092188 0.068750 0.084375
31 0.469531 0.085938 0.073438 0.071875
14 0.549219 0.086719 0.070312 0.073438
15 0.628906 0.094531 0.067187 0.089063
26 0.713281 0.086719 0.082812 0.073438
1 0.805469 0.090625 0.082812 0.081250
36 0.906250 0.089844 0.084375 0.079687
17 0.084375 0.207031 0.068750 0.073438
15 0.174219 0.214844 0.067187 0.089063
29 0.245312 0.212500 0.050000 0.084375
21 0.325781 0.208594 0.079687 0.076563
1 0.422656 0.210938 0.082812 0.081250
32 0.511719 0.208594 0.070312 0.076563
6 0.596875 0.207813 0.084375 0.075000
20 0.696875 0.214062 0.071875 0.087500
13 0.784375 0.207031 0.075000 0.073438
31 0.867969 0.206250 0.073438 0.071875
33 0.087500 0.330469 0.075000 0.079687
14 0.175781 0.327344 0.070312 0.073438
