19 0.085156 0.092188 0.070312 0.084375
30 0.176563 0.087500 0.068750 0.075000
7 0.261719 0.085938 0.073438 0.071875
6 0.348438 0.087500 0.084375 0.075000
13 0.443750 0.086719 0.075000 0.073438
25 0.529687 0.087500 0.075000 0.075000
28 0.622656 0.095312 0.085938 0.090625
2 0.708594 0.085938 0.067187 0.071875
25 0.798438 0.085938 0.071875 0.071875
20 0.889062 0.092188 0.068750 0.084375
14 0.086719 0.208594 0.073438 0.073438
27 0.186719 0.213281 0.085938 0.082812
0 0.277344 0.208594 0.067187 0.073438
12 0.371875 0.209375 0.081250 0.075000
3 0.458594 0.210156 0.067187 0.076563
5 0.542188 0.209375 0.084375 0.075000
0 0.633594 0.208594 0.067187 0.073438
34 0.723437 0.213281 0.075000 0.082812
15 0.816406 0.217969 0.070312 0.092188
37 0.896875 0.208594 0.068750 0.073438
29 0.075000 0.337500 0.050000 0.084375
29 0.140625 0.339062 0.053125 0.087500
29 0.209375 0.337500 0.053125 0.084375
16 0.288281 0.331250 0.070312 0.071875
