1 0.089844 0.089063 0.079687 0.078125
30 0.184375 0.087500 0.068750 0.075000
16 0.272656 0.087500 0.070312 0.075000
25 0.354687 0.085938 0.071875 0.071875
36 0.448437 0.086719 0.081250 0.073438
32 0.539844 0.088281 0.070312 0.076563
17 0.618750 0.088281 0.071875 0.076563
20 0.712500 0.092188 0.071875 0.084375
26 0.799219 0.088281 0.085938 0.076563
29 0.876563 0.092188 0.050000 0.084375
37 0.085938 0.203906 0.071875 0.076563
34 0.179688 0.208594 0.078125 0.085938
36 0.278125 0.205469 0.084375 0.079687
30 0.376563 0.203125 0.068750 0.075000
27 0.466406 0.207031 0.085938 0.082812
8 0.556250 0.202344 0.053125 0.073438
9 0.634375 0.201563 0.065625 0.071875
18 0.717969 0.202344 0.073438 0.073438
30 0.798438 0.203125 0.068750 0.075000
9 0.887500 0.203125 0.068750 0.075000
1 0.091406 0.325000 0.082812 0.084375
15 0.186719 0.327344 0.067187 0.089063
15 0.269531 0.327344 0.067187 0.089063
13 0.353125 0.319531 0.075000 0.073438
25 0.442188 0.318750 0.071875 0.071875
15 0.532031 0.327344 0.067187 0.089063
