25 0.085938 0.085938 0.071875 0.071875
30 0.168750 0.085938 0.065625 0.071875
14 0.250781 0.088281 0.073438 0.076563
15 0.336719 0.096094 0.070312 0.092188
28 0.435156 0.093750 0.082812 0.087500
32 0.517969 0.086719 0.067187 0.073438
0 0.603906 0.086719 0.070312 0.073438
4 0.682031 0.089844 0.070312 0.079687
34 0.770312 0.091406 0.075000 0.082812
11 0.856250 0.088281 0.068750 0.076563
27 0.092969 0.214844 0.085938 0.082812
14 0.180469 0.210156 0.070312 0.073438
6 0.275000 0.212500 0.084375 0.078125
10 0.367188 0.214844 0.075000 0.082812
35 0.463281 0.210156 0.089063 0.073438
7 0.566406 0.209375 0.073438 0.071875
16 0.658594 0.209375 0.067187 0.071875
25 0.735938 0.209375 0.071875 0.071875
4 0.816406 0.213281 0.070312 0.079687
23 0.911719 0.210938 0.076563 0.075000
22 0.092188 0.325781 0.084375 0.076563
