4 0.083594 0.088281 0.067187 0.076563
34 0.178125 0.092969 0.078125 0.085938
7 0.271094 0.085938 0.073438 0.071875
25 0.357812 0.087500 0.075000 0.075000
25 0.451562 0.087500 0.075000 0.075000
37 0.540625 0.086719 0.068750 0.073438
5 0.635938 0.089063 0.084375 0.078125
15 0.728906 0.096094 0.073438 0.092188
34 0.810937 0.091406 0.075000 0.082812
6 0.900000 0.085938 0.081250 0.071875
29 0.075000 0.215625 0.050000 0.084375
7 0.157031 0.209375 0.073438 0.071875
28 0.253906 0.218750 0.085938 0.090625
36 0.346875 0.211719 0.084375 0.076563
18 0.439844 0.211719 0.076563 0.076563
19 0.525781 0.217188 0.073438 0.087500
22 0.621875 0.210156 0.081250 0.073438
20 0.710938 0.217188 0.075000 0.087500
23 0.805469 0.209375 0.073438 0.071875
23 0.900781 0.210938 0.076563 0.075000
6 0.090625 0.331250 0.081250 0.071875
13 0.189062 0.333594 0.078125 0.076563
31 0.280469 0.332813 0.076563 0.075000
19 0.363281 0.337500 0.073438 0.084375
14 0.444531 0.332031 0.070312 0.073438
1 0.535156 0.335938 0.082812 0.081250
37 0.621875 0.333594 0.071875 0.076563
29 0.695312 0.337500 0.053125 0.084375
