9 0.082812 0.085938 0.065625 0.071875
10 0.175000 0.091406 0.075000 0.082812
4 0.260156 0.089844 0.070312 0.079687
22 0.353125 0.086719 0.081250 0.073438
7 0.441406 0.087500 0.076563 0.075000
20 0.534375 0.092188 0.071875 0.084375
9 0.620313 0.087500 0.068750 0.075000
7 0.703906 0.085938 0.073438 0.071875
3 0.791406 0.089844 0.070312 0.079687
17 0.873437 0.088281 0.071875 0.076563
2 0.083594 0.201563 0.067187 0.071875
29 0.167187 0.209375 0.056250 0.087500
27 0.252344 0.205469 0.082812 0.079687
0 0.342969 0.203906 0.070312 0.076563
37 0.425000 0.203906 0.071875 0.076563
9 0.507812 0.201563 0.065625 0.071875
28 0.597656 0.210938 0.085938 0.090625
21 0.700781 0.203906 0.079687 0.076563
19 0.786719 0.207813 0.070312 0.084375
36 0.873437 0.203906 0.084375 0.076563
30 0.084375 0.323437 0.068750 0.071875
1 0.178906 0.326562 0.079687 0.078125
6 0.282813 0.326562 0.084375 0.078125
21 0.380469 0.325781 0.079687 0.076563
1 0.482031 0.328125 0.082812 0.081250
