9 0.082812 0.085938 0.065625 0.071875
28 0.178906 0.093750 0.082812 0.087500
10 0.273438 0.089844 0.071875 0.079687
32 0.352344 0.088281 0.070312 0.076563
35 0.442969 0.086719 0.089063 0.073438
4 0.535156 0.089844 0.070312 0.079687
20 0.618750 0.093750 0.075000 0.087500
29 0.692187 0.092188 0.053125 0.084375
8 0.751563 0.086719 0.050000 0.073438
30 0.820312 0.087500 0.068750 0.075000
1 0.091406 0.209375 0.082812 0.081250
17 0.187500 0.207031 0.071875 0.076563
1 0.271094 0.207813 0.079687 0.078125
29 0.354687 0.210938 0.053125 0.084375
12 0.437500 0.204687 0.078125 0.071875
18 0.528906 0.207031 0.076563 0.076563
20 0.615625 0.210938 0.071875 0.084375
9 0.696875 0.204687 0.065625 0.071875
24 0.792188 0.206250 0.084375 0.075000
26 0.886719 0.205469 0.082812 0.073438
31 0.088281 0.321875 0.076563 0.075000
36 0.181250 0.321094 0.081250 0.073438
6 0.282813 0.320312 0.081250 0.071875
25 0.381250 0.321875 0.075000 0.075000
13 0.468750 0.322656 0.078125 0.076563
4 0.557031 0.322656 0.067187 0.076563
36 0.646875 0.322656 0.084375 0.076563
7 0.744531 0.320312 0.073438 0.071875
6 0.843750 0.321875 0.081250 0.075000
31 0.086719 0.428125 0.073438 0.071875
