2 0.085156 0.087500 0.070312 0.075000
33 0.171875 0.088281 0.071875 0.076563
37 0.254688 0.088281 0.071875 0.076563
28 0.341406 0.095312 0.085938 0.090625
20 0.429688 0.092188 0.071875 0.084375
20 0.521875 0.092188 0.071875 0.084375
1 0.614844 0.090625 0.082812 0.081250
35 0.722656 0.088281 0.089063 0.076563
31 0.821094 0.087500 0.076563 0.075000
12 0.906250 0.087500 0.078125 0.075000
14 0.085156 0.208594 0.070312 0.073438
26 0.180469 0.208594 0.082812 0.073438
36 0.273438 0.210156 0.084375 0.076563
37 0.359375 0.210156 0.071875 0.076563
26 0.446094 0.208594 0.082812 0.073438
14 0.533594 0.210156 0.073438 0.076563
35 0.635156 0.210156 0.092188 0.076563
37 0.739062 0.208594 0.071875 0.073438
13 0.826562 0.208594 0.075000 0.073438
28 0.091406 0.323437 0.082812 0.087500
