4 0.085156 0.089844 0.070312 0.079687
9 0.160938 0.085938 0.065625 0.071875
10 0.240625 0.089844 0.071875 0.079687
16 0.321094 0.085938 0.067187 0.071875
31 0.407031 0.087500 0.076563 0.075000
31 0.492969 0.087500 0.076563 0.075000
18 0.582031 0.086719 0.073438 0.073438
15 0.669531 0.094531 0.070312 0.089063
17 0.759375 0.088281 0.071875 0.076563
0 0.838281 0.088281 0.070312 0.076563
23 0.088281 0.207813 0.076563 0.075000
10 0.175000 0.210156 0.071875 0.079687
10 0.259375 0.210156 0.071875 0.079687
3 0.346094 0.210156 0.070312 0.079687
12 0.437500 0.207813 0.081250 0.075000
4 0.524219 0.208594 0.067187 0.076563
36 0.609375 0.207031 0.081250 0.073438
21 0.697656 0.207031 0.076563 0.073438
11 0.779687 0.208594 0.068750 0.076563
34 0.871875 0.211719 0.075000 0.082812
2 0.085156 0.321875 0.070312 0.075000
34 0.181250 0.327344 0.078125 0.085938
37 0.268750 0.321094 0.068750 0.073438
14 0.352344 0.322656 0.073438 0.076563
14 0.444531 0.322656 0.073438 0.076563
3 0.530469 0.324219 0.070312 0.079687
6 0.620313 0.320312 0.081250 0.071875
1 0.717969 0.325000 0.079687 0.081250
19 0.805469 0.326562 0.070312 0.084375
28 0.905469 0.329688 0.085938 0.090625
2 0.085156 0.443750 0.070312 0.075000
28 0.182031 0.451562 0.085938 0.090625
4 0.266406 0.444531 0.067187 0.076563
9 0.348438 0.442188 0.065625 0.071875
