34 0.089063 0.092969 0.078125 0.085938
24 0.181250 0.087500 0.084375 0.075000
32 0.274219 0.086719 0.067187 0.073438
4 0.357031 0.088281 0.067187 0.076563
2 0.444531 0.085938 0.067187 0.071875
11 0.531250 0.088281 0.068750 0.076563
4 0.621094 0.088281 0.067187 0.076563
2 0.702344 0.085938 0.067187 0.071875
19 0.780469 0.093750 0.073438 0.087500
36 0.878125 0.086719 0.081250 0.073438
1 0.089844 0.207813 0.079687 0.078125
2 0.175781 0.204687 0.067187 0.071875
2 0.263281 0.204687 0.067187 0.071875
6 0.351562 0.206250 0.084375 0.075000
5 0.456250 0.206250 0.084375 0.075000
24 0.548438 0.204687 0.081250 0.071875
7 0.633594 0.204687 0.073438 0.071875
30 0.717187 0.204687 0.065625 0.071875
32 0.791406 0.205469 0.067187 0.073438
13 0.870313 0.205469 0.075000 0.073438
1 0.089844 0.317188 0.079687 0.078125
34 0.182812 0.319531 0.075000 0.082812
19 0.267969 0.320312 0.070312 0.084375
3 0.355469 0.316406 0.067187 0.076563
1 0.442969 0.318750 0.082812 0.081250
24 0.534375 0.315625 0.084375 0.075000
37 0.618750 0.314844 0.068750 0.073438
36 0.712500 0.314844 0.081250 0.073438
10 0.798438 0.319531 0.075000 0.082812
30 0.889062 0.314063 0.065625 0.071875
10 0.085938 0.433594 0.071875 0.079687
13 0.167187 0.430469 0.075000 0.073438
28 0.269531 0.439063 0.085938 0.090625
