12 0.090625 0.087500 0.081250 0.075000
25 0.179688 0.085938 0.071875 0.071875
37 0.260937 0.086719 0.068750 0.073438
23 0.346094 0.085938 0.073438 0.071875
13 0.429688 0.088281 0.078125 0.076563
12 0.531250 0.087500 0.081250 0.075000
2 0.613281 0.085938 0.067187 0.071875
11 0.701562 0.088281 0.068750 0.076563
30 0.782813 0.085938 0.065625 0.071875
7 0.867969 0.085938 0.073438 0.071875
18 0.088281 0.196094 0.076563 0.076563
14 0.172656 0.196094 0.073438 0.076563
30 0.262500 0.195312 0.068750 0.075000
24 0.353125 0.193750 0.081250 0.071875
13 0.454688 0.196094 0.078125 0.076563
36 0.556250 0.196094 0.081250 0.076563
10 0.654687 0.197656 0.075000 0.079687
17 0.745313 0.196094 0.071875 0.076563
23 0.841406 0.195312 0.076563 0.075000
24 0.092188 0.306250 0.084375 0.075000
13 0.189062 0.307031 0.078125 0.076563
9 0.281250 0.306250 0.068750 0.075000
25 0.362500 0.304688 0.071875 0.071875
8 0.443750 0.305469 0.050000 0.073438
