3 0.083594 0.088281 0.067187 0.076563
20 0.162500 0.092188 0.071875 0.084375
34 0.248438 0.092969 0.078125 0.085938
27 0.349219 0.089844 0.082812 0.079687
24 0.453125 0.085938 0.081250 0.071875
7 0.547656 0.085938 0.073438 0.071875
15 0.638281 0.096094 0.073438 0.092188
3 0.727344 0.088281 0.067187 0.076563
21 0.819531 0.088281 0.079687 0.076563
4 0.913281 0.088281 0.067187 0.076563
21 0.089844 0.211719 0.079687 0.076563
18 0.175781 0.210156 0.073438 0.073438
8 0.253125 0.210156 0.053125 0.073438
36 0.328125 0.210156 0.081250 0.073438
2 0.417969 0.209375 0.067187 0.071875
4 0.500781 0.211719 0.067187 0.076563
25 0.578125 0.209375 0.071875 0.071875
16 0.663281 0.209375 0.067187 0.071875
4 0.742969 0.213281 0.070312 0.079687
29 0.821875 0.215625 0.053125 0.084375
32 0.892969 0.211719 0.070312 0.076563
22 0.092188 0.327344 0.084375 0.076563
14 0.189844 0.327344 0.073438 0.076563
15 0.271094 0.333594 0.067187 0.089063
13 0.359375 0.325781 0.075000 0.073438
34 0.451562 0.332031 0.078125 0.085938
22 0.540625 0.327344 0.084375 0.076563
36 0.639062 0.327344 0.084375 0.076563
21 0.739844 0.325781 0.076563 0.073438
1 0.833594 0.331250 0.082812 0.084375
0 0.083594 0.446094 0.067187 0.073438
26 0.169531 0.447656 0.085938 0.076563
