32 0.083594 0.086719 0.067187 0.073438
21 0.177344 0.088281 0.079687 0.076563
30 0.265625 0.085938 0.068750 0.071875
23 0.353906 0.087500 0.076563 0.075000
12 0.450000 0.087500 0.081250 0.075000
33 0.537500 0.089844 0.075000 0.079687
14 0.621094 0.086719 0.070312 0.073438
36 0.712500 0.088281 0.084375 0.076563
36 0.806250 0.086719 0.081250 0.073438
22 0.904687 0.086719 0.081250 0.073438
28 0.091406 0.204687 0.082812 0.087500
1 0.189844 0.201563 0.082812 0.081250
1 0.289844 0.201563 0.079687 0.081250
31 0.378906 0.196875 0.073438 0.071875
12 0.475000 0.196875 0.078125 0.071875
1 0.564844 0.201563 0.082812 0.081250
20 0.660937 0.203125 0.068750 0.084375
4 0.750781 0.200781 0.070312 0.079687
18 0.841406 0.197656 0.073438 0.073438
17 0.085938 0.317969 0.071875 0.076563
0 0.169531 0.317969 0.070312 0.076563
