35 0.094531 0.088281 0.089063 0.076563
28 0.188281 0.093750 0.082812 0.087500
24 0.279687 0.087500 0.084375 0.075000
2 0.371094 0.087500 0.070312 0.075000
26 0.464844 0.086719 0.082812 0.073438
31 0.553906 0.087500 0.076563 0.075000
16 0.647656 0.085938 0.067187 0.071875
24 0.740625 0.085938 0.081250 0.071875
3 0.830469 0.088281 0.067187 0.076563
16 0.916406 0.085938 0.067187 0.071875
33 0.087500 0.208594 0.075000 0.079687
36 0.179688 0.205469 0.081250 0.073438
26 0.277344 0.205469 0.082812 0.073438
37 0.368750 0.207031 0.071875 0.076563
3 0.461719 0.208594 0.070312 0.079687
35 0.560156 0.205469 0.089063 0.073438
26 0.663281 0.207031 0.085938 0.076563
20 0.757812 0.212500 0.075000 0.087500
9 0.839063 0.204687 0.065625 0.071875
15 0.085156 0.332031 0.070312 0.089063
15 0.169531 0.332031 0.070312 0.089063
0 0.247656 0.325781 0.070312 0.076563
35 0.342969 0.324219 0.089063 0.073438
26 0.436719 0.324219 0.082812 0.073438
4 0.519531 0.325781 0.067187 0.076563
19 0.607031 0.331250 0.076563 0.087500
14 0.699219 0.324219 0.070312 0.073438
17 0.785937 0.324219 0.068750 0.073438
11 0.864062 0.327344 0.071875 0.079687
24 0.090625 0.443750 0.081250 0.071875
4 0.178906 0.447656 0.070312 0.079687
32 0.266406 0.446094 0.070312 0.076563
3 0.344531 0.447656 0.070312 0.079687
1 0.427344 0.446875 0.079687 0.078125
