29 0.076563 0.092188 0.053125 0.084375
1 0.153906 0.089063 0.079687 0.078125
19 0.249219 0.093750 0.076563 0.087500
1 0.339844 0.089063 0.079687 0.078125
22 0.440625 0.088281 0.084375 0.076563
9 0.534375 0.087500 0.068750 0.075000
26 0.625781 0.086719 0.082812 0.073438
10 0.717187 0.091406 0.075000 0.082812
18 0.802344 0.088281 0.076563 0.076563
12 0.903125 0.087500 0.081250 0.075000
9 0.084375 0.206250 0.068750 0.075000
14 0.175781 0.205469 0.070312 0.073438
9 0.251563 0.204687 0.065625 0.071875
11 0.331250 0.207031 0.071875 0.076563
25 0.421875 0.206250 0.075000 0.075000
10 0.512500 0.208594 0.071875 0.079687
21 0.603906 0.207031 0.079687 0.076563
24 0.695312 0.204687 0.081250 0.071875
31 0.791406 0.206250 0.076563 0.075000
2 0.880469 0.204687 0.070312 0.071875
10 0.087500 0.321094 0.075000 0.082812
2 0.167969 0.315625 0.067187 0.071875
5 0.250000 0.315625 0.081250 0.071875
17 0.339062 0.317969 0.071875 0.076563
37 0.420312 0.317969 0.071875 0.076563
