26 0.091406 0.086719 0.082812 0.073438
19 0.180469 0.093750 0.073438 0.087500
4 0.261719 0.088281 0.067187 0.076563
14 0.344531 0.088281 0.073438 0.076563
26 0.439844 0.088281 0.085938 0.076563
4 0.532031 0.089844 0.070312 0.079687
7 0.622656 0.085938 0.073438 0.071875
18 0.714844 0.088281 0.076563 0.076563
7 0.810156 0.087500 0.076563 0.075000
18 0.899219 0.086719 0.073438 0.073438
6 0.092188 0.206250 0.084375 0.075000
34 0.189062 0.210156 0.075000 0.082812
35 0.283594 0.207031 0.089063 0.076563
22 0.381250 0.205469 0.081250 0.073438
23 0.469531 0.204687 0.073438 0.071875
16 0.552344 0.204687 0.067187 0.071875
0 0.639844 0.205469 0.067187 0.073438
1 0.722656 0.209375 0.082812 0.081250
18 0.822656 0.205469 0.073438 0.073438
30 0.906250 0.204687 0.065625 0.071875
22 0.092188 0.321094 0.084375 0.076563
24 0.182812 0.318750 0.081250 0.071875
3 0.274219 0.322656 0.070312 0.079687
26 0.367969 0.319531 0.082812 0.073438
32 0.466406 0.321094 0.070312 0.076563
31 0.546094 0.318750 0.073438 0.071875
12 0.631250 0.320312 0.081250 0.075000
1 0.721094 0.321875 0.079687 0.078125
10 0.804688 0.322656 0.071875 0.079687
36 0.896875 0.321094 0.081250 0.076563
21 0.089844 0.432031 0.079687 0.076563
28 0.180469 0.437500 0.082812 0.087500
8 0.260937 0.432031 0.053125 0.076563
30 0.329688 0.429688 0.065625 0.071875
