9 0.084375 0.085938 0.068750 0.071875
4 0.172656 0.088281 0.067187 0.076563
23 0.258594 0.087500 0.076563 0.075000
29 0.340625 0.092188 0.050000 0.084375
22 0.420312 0.086719 0.081250 0.073438
3 0.514844 0.088281 0.067187 0.076563
11 0.595313 0.088281 0.071875 0.076563
23 0.688281 0.085938 0.073438 0.071875
12 0.782813 0.087500 0.081250 0.075000
35 0.885156 0.086719 0.089063 0.073438
2 0.085156 0.201563 0.070312 0.071875
33 0.175000 0.203906 0.071875 0.076563
0 0.257031 0.202344 0.067187 0.073438
10 0.342187 0.205469 0.075000 0.079687
7 0.432031 0.203125 0.076563 0.075000
0 0.514844 0.202344 0.067187 0.073438
5 0.604688 0.203125 0.084375 0.075000
34 0.698438 0.207031 0.075000 0.082812
21 0.785156 0.203906 0.079687 0.076563
9 0.873437 0.201563 0.065625 0.071875
