35 0.094531 0.086719 0.089063 0.073438
14 0.188281 0.086719 0.070312 0.073438
11 0.278125 0.088281 0.068750 0.076563
36 0.367188 0.086719 0.081250 0.073438
24 0.462500 0.085938 0.081250 0.071875
36 0.556250 0.088281 0.084375 0.076563
11 0.654687 0.088281 0.068750 0.076563
17 0.732812 0.088281 0.071875 0.076563
1 0.821094 0.090625 0.079687 0.081250
11 0.909375 0.088281 0.068750 0.076563
27 0.092969 0.203906 0.085938 0.082812
23 0.183594 0.200000 0.076563 0.075000
18 0.277344 0.200781 0.076563 0.076563
19 0.369531 0.206250 0.076563 0.087500
7 0.460156 0.198437 0.073438 0.071875
5 0.548438 0.200000 0.081250 0.075000
6 0.637500 0.198437 0.081250 0.071875
31 0.736719 0.198437 0.073438 0.071875
22 0.835938 0.199219 0.081250 0.073438
9 0.084375 0.318750 0.068750 0.075000
13 0.173437 0.317969 0.075000 0.073438
33 0.257812 0.319531 0.071875 0.076563
35 0.347656 0.321094 0.092188 0.079687
37 0.445312 0.317969 0.071875 0.073438
35 0.533594 0.317969 0.089063 0.073438
16 0.633594 0.317188 0.067187 0.071875
0 0.717969 0.319531 0.070312 0.076563
27 0.810156 0.321094 0.082812 0.079687
16 0.905469 0.317188 0.067187 0.071875
27 0.092969 0.433594 0.085938 0.082812
