18 0.086719 0.086719 0.073438 0.073438
14 0.175781 0.088281 0.073438 0.076563
31 0.264844 0.087500 0.076563 0.075000
31 0.357031 0.087500 0.076563 0.075000
15 0.444531 0.094531 0.067187 0.089063
18 0.522656 0.086719 0.073438 0.073438
37 0.612500 0.086719 0.068750 0.073438
7 0.702344 0.085938 0.073438 0.071875
12 0.789062 0.085938 0.078125 0.071875
24 0.881250 0.087500 0.081250 0.075000
30 0.082812 0.206250 0.065625 0.071875
15 0.166406 0.216406 0.070312 0.092188
6 0.253125 0.207813 0.084375 0.075000
31 0.341406 0.207813 0.076563 0.075000
2 0.424219 0.207813 0.070312 0.075000
12 0.506250 0.206250 0.078125 0.071875
29 0.584375 0.212500 0.053125 0.084375
0 0.657031 0.207031 0.067187 0.073438
23 0.744531 0.207813 0.076563 0.075000
13 0.832812 0.207031 0.075000 0.073438
12 0.089063 0.329688 0.078125 0.071875
2 0.174219 0.329688 0.070312 0.071875
17 0.260937 0.332031 0.071875 0.076563
19 0.341406 0.337500 0.073438 0.087500
18 0.435156 0.332031 0.076563 0.076563
22 0.526563 0.332031 0.081250 0.076563
7 0.625781 0.331250 0.076563 0.075000
9 0.709375 0.329688 0.065625 0.071875
14 0.785156 0.330469 0.070312 0.073438
32 0.877344 0.332031 0.070312 0.076563
30 0.084375 0.450000 0.068750 0.075000
9 0.162500 0.450000 0.068750 0.075000
34 0.243750 0.455469 0.078125 0.085938
