31 0.086719 0.085938 0.073438 0.071875
16 0.166406 0.085938 0.070312 0.071875
13 0.248438 0.088281 0.078125 0.076563
3 0.338281 0.088281 0.067187 0.076563
8 0.417187 0.086719 0.053125 0.073438
31 0.503906 0.087500 0.076563 0.075000
30 0.590625 0.087500 0.068750 0.075000
16 0.667969 0.085938 0.067187 0.071875
13 0.751563 0.086719 0.075000 0.073438
16 0.833594 0.087500 0.070312 0.075000
4 0.085156 0.197656 0.070312 0.079687
4 0.166406 0.197656 0.070312 0.079687
21 0.253906 0.196094 0.079687 0.076563
25 0.346875 0.195312 0.075000 0.075000
14 0.432031 0.194531 0.070312 0.073438
7 0.511719 0.193750 0.073438 0.071875
27 0.603906 0.199219 0.085938 0.082812
5 0.703125 0.193750 0.081250 0.071875
13 0.792188 0.194531 0.075000 0.073438
21 0.880469 0.194531 0.076563 0.073438
27 0.091406 0.311719 0.082812 0.079687
34 0.193750 0.314844 0.078125 0.085938
29 0.270313 0.314063 0.050000 0.084375
36 0.343750 0.308594 0.081250 0.073438
