36 0.092188 0.088281 0.084375 0.076563
35 0.189844 0.086719 0.089063 0.073438
11 0.292187 0.089844 0.071875 0.079687
30 0.382812 0.087500 0.068750 0.075000
36 0.465625 0.086719 0.081250 0.073438
2 0.549219 0.085938 0.070312 0.071875
12 0.645312 0.087500 0.081250 0.075000
22 0.750000 0.089844 0.084375 0.079687
26 0.852344 0.088281 0.085938 0.076563
10 0.087500 0.202344 0.075000 0.082812
26 0.183594 0.199219 0.085938 0.076563
25 0.270313 0.196875 0.071875 0.071875
28 0.367969 0.207813 0.089063 0.093750
36 0.460938 0.197656 0.081250 0.073438
24 0.559375 0.196875 0.081250 0.071875
32 0.642969 0.197656 0.067187 0.073438
15 0.727344 0.205469 0.067187 0.089063
29 0.809375 0.203125 0.053125 0.084375
29 0.875000 0.203125 0.050000 0.084375
21 0.088281 0.322656 0.076563 0.073438
14 0.177344 0.324219 0.073438 0.076563
12 0.262500 0.321875 0.078125 0.071875
25 0.354687 0.321875 0.071875 0.071875
18 0.441406 0.322656 0.073438 0.073438
