20 0.084375 0.092188 0.068750 0.084375
15 0.166406 0.094531 0.067187 0.089063
27 0.260156 0.091406 0.085938 0.082812
24 0.353125 0.085938 0.081250 0.071875
5 0.450000 0.085938 0.081250 0.071875
0 0.541406 0.088281 0.070312 0.076563
20 0.632812 0.093750 0.071875 0.087500
12 0.720313 0.087500 0.078125 0.075000
33 0.804688 0.089844 0.075000 0.079687
5 0.896875 0.087500 0.084375 0.075000
0 0.083594 0.207031 0.067187 0.073438
26 0.180469 0.207031 0.082812 0.073438
27 0.272656 0.210156 0.082812 0.079687
36 0.373437 0.210156 0.084375 0.079687
14 0.463281 0.207031 0.070312 0.073438
9 0.540625 0.207813 0.068750 0.075000
24 0.634375 0.206250 0.081250 0.071875
31 0.730469 0.207813 0.076563 0.075000
4 0.821094 0.208594 0.067187 0.076563
3 0.903906 0.208594 0.067187 0.076563
24 0.092188 0.318750 0.084375 0.075000
32 0.177344 0.317969 0.067187 0.073438
6 0.275000 0.318750 0.084375 0.075000
19 0.366406 0.325000 0.076563 0.087500
18 0.455469 0.317969 0.073438 0.073438
21 0.538281 0.317969 0.076563 0.073438
28 0.627344 0.325000 0.082812 0.087500
11 0.714063 0.321094 0.071875 0.079687
16 0.797656 0.318750 0.070312 0.075000
25 0.890625 0.318750 0.075000 0.075000
2 0.085156 0.437500 0.070312 0.075000
10 0.171875 0.439844 0.071875 0.079687
12 0.268750 0.437500 0.081250 0.075000
