32 0.083594 0.086719 0.067187 0.073438
10 0.165625 0.089844 0.071875 0.079687
2 0.249219 0.085938 0.067187 0.071875
16 0.332031 0.085938 0.067187 0.071875
14 0.421094 0.086719 0.070312 0.073438
24 0.506250 0.085938 0.081250 0.071875
0 0.594531 0.086719 0.067187 0.073438
37 0.671875 0.086719 0.068750 0.073438
15 0.753906 0.096094 0.073438 0.092188
0 0.838281 0.086719 0.067187 0.073438
28 0.092969 0.218750 0.085938 0.090625
35 0.189844 0.211719 0.092188 0.076563
25 0.285938 0.210938 0.075000 0.075000
9 0.370312 0.209375 0.065625 0.071875
28 0.464844 0.217188 0.082812 0.087500
19 0.555469 0.215625 0.070312 0.084375
14 0.639844 0.210156 0.070312 0.073438
30 0.720313 0.210938 0.068750 0.075000
6 0.804688 0.210938 0.084375 0.075000
31 0.900781 0.210938 0.076563 0.075000
7 0.088281 0.332813 0.076563 0.075000
22 0.176563 0.332031 0.081250 0.073438
14 0.269531 0.333594 0.073438 0.076563
37 0.357812 0.332031 0.068750 0.073438
17 0.446875 0.332031 0.068750 0.073438
29 0.517188 0.339062 0.056250 0.087500
21 0.591406 0.332031 0.076563 0.073438
22 0.687500 0.332031 0.081250 0.073438
35 0.782031 0.332031 0.089063 0.073438
15 0.877344 0.339844 0.067187 0.089063
5 0.092188 0.453125 0.084375 0.075000
14 0.182031 0.452344 0.070312 0.073438
18 0.266406 0.452344 0.073438 0.073438
