5 0.092188 0.087500 0.084375 0.075000
23 0.178906 0.085938 0.073438 0.071875
37 0.265625 0.086719 0.068750 0.073438
9 0.350000 0.087500 0.068750 0.075000
27 0.436719 0.091406 0.085938 0.082812
10 0.528125 0.089844 0.071875 0.079687
7 0.621094 0.085938 0.073438 0.071875
31 0.702344 0.085938 0.073438 0.071875
7 0.789844 0.087500 0.073438 0.075000
21 0.886719 0.086719 0.076563 0.073438
8 0.075000 0.200781 0.050000 0.073438
12 0.151562 0.200000 0.078125 0.071875
30 0.243750 0.201563 0.068750 0.075000
7 0.327344 0.201563 0.076563 0.075000
31 0.419531 0.201563 0.076563 0.075000
8 0.495312 0.200781 0.053125 0.073438
7 0.572656 0.200000 0.073438 0.071875
24 0.657813 0.201563 0.081250 0.075000
35 0.757031 0.200781 0.089063 0.073438
16 0.846094 0.201563 0.070312 0.075000
36 0.090625 0.307031 0.081250 0.073438
6 0.181250 0.306250 0.081250 0.071875
34 0.281250 0.313281 0.078125 0.085938
37 0.375000 0.308594 0.071875 0.076563
19 0.471094 0.314063 0.076563 0.087500
22 0.559375 0.307031 0.081250 0.073438
18 0.657031 0.307031 0.073438 0.073438
22 0.745313 0.308594 0.084375 0.076563
25 0.842187 0.307812 0.075000 0.075000
2 0.083594 0.425000 0.067187 0.071875
