8 0.076563 0.088281 0.053125 0.076563
22 0.162500 0.088281 0.084375 0.076563
20 0.254688 0.092188 0.068750 0.084375
14 0.341406 0.088281 0.073438 0.076563
9 0.420312 0.085938 0.065625 0.071875
31 0.505469 0.085938 0.073438 0.071875
7 0.600781 0.085938 0.073438 0.071875
34 0.692187 0.091406 0.075000 0.082812
5 0.784375 0.087500 0.084375 0.075000
22 0.884375 0.086719 0.081250 0.073438
32 0.085156 0.203906 0.070312 0.076563
24 0.179688 0.201563 0.081250 0.071875
9 0.265625 0.203125 0.068750 0.075000
10 0.351562 0.207031 0.075000 0.082812
33 0.446875 0.203906 0.071875 0.076563
36 0.542188 0.202344 0.081250 0.073438
12 0.632812 0.201563 0.078125 0.071875
12 0.723437 0.203125 0.081250 0.075000
27 0.828906 0.208594 0.085938 0.085938
9 0.084375 0.320312 0.068750 0.075000
13 0.173437 0.319531 0.075000 0.073438
20 0.262500 0.325000 0.068750 0.084375
16 0.341406 0.320312 0.070312 0.075000
