24 0.092188 0.087500 0.084375 0.075000
33 0.179688 0.089844 0.075000 0.079687
3 0.266406 0.089844 0.070312 0.079687
28 0.358594 0.095312 0.085938 0.090625
34 0.457813 0.092969 0.078125 0.085938
22 0.548438 0.086719 0.081250 0.073438
36 0.651563 0.088281 0.084375 0.076563
32 0.739844 0.086719 0.067187 0.073438
8 0.810937 0.086719 0.050000 0.073438
21 0.889844 0.086719 0.076563 0.073438
13 0.089063 0.210156 0.078125 0.076563
12 0.181250 0.209375 0.081250 0.075000
23 0.275781 0.207813 0.073438 0.071875
37 0.365625 0.208594 0.068750 0.073438
16 0.446094 0.209375 0.070312 0.075000
14 0.536719 0.208594 0.070312 0.073438
27 0.621094 0.211719 0.082812 0.079687
12 0.721875 0.209375 0.081250 0.075000
21 0.822656 0.208594 0.076563 0.073438
8 0.909375 0.208594 0.053125 0.073438
22 0.090625 0.319531 0.081250 0.073438
6 0.189062 0.320312 0.084375 0.075000
28 0.296094 0.328125 0.085938 0.090625
16 0.388281 0.318750 0.067187 0.071875
3 0.464844 0.322656 0.070312 0.079687
14 0.555469 0.321094 0.073438 0.076563
10 0.651563 0.324219 0.075000 0.082812
23 0.744531 0.320312 0.076563 0.075000
27 0.842969 0.324219 0.085938 0.082812
28 0.094531 0.451562 0.089063 0.093750
