35 0.094531 0.086719 0.089063 0.073438
13 0.198437 0.086719 0.075000 0.073438
11 0.282813 0.088281 0.068750 0.076563
14 0.374219 0.086719 0.070312 0.073438
9 0.460938 0.085938 0.065625 0.071875
30 0.537500 0.085938 0.065625 0.071875
36 0.620313 0.086719 0.081250 0.073438
11 0.714063 0.088281 0.071875 0.076563
24 0.801562 0.085938 0.081250 0.071875
7 0.896094 0.085938 0.073438 0.071875
7 0.086719 0.193750 0.073438 0.071875
21 0.177344 0.194531 0.076563 0.073438
4 0.260156 0.196094 0.070312 0.076563
8 0.332813 0.196094 0.053125 0.076563
4 0.408594 0.197656 0.070312 0.079687
6 0.507812 0.195312 0.084375 0.075000
29 0.592187 0.200000 0.050000 0.084375
0 0.666406 0.194531 0.067187 0.073438
13 0.757812 0.196094 0.078125 0.076563
6 0.853125 0.193750 0.081250 0.071875
29 0.076563 0.317188 0.053125 0.087500
16 0.152344 0.309375 0.067187 0.071875
4 0.238281 0.313281 0.070312 0.079687
