24 0.092188 0.087500 0.084375 0.075000
34 0.185938 0.091406 0.078125 0.082812
36 0.273438 0.086719 0.081250 0.073438
5 0.370312 0.085938 0.081250 0.071875
8 0.448437 0.086719 0.053125 0.073438
21 0.532031 0.088281 0.079687 0.076563
35 0.636719 0.086719 0.089063 0.073438
26 0.733594 0.088281 0.085938 0.076563
29 0.817187 0.092188 0.053125 0.084375
18 0.894531 0.088281 0.076563 0.076563
21 0.088281 0.202344 0.076563 0.073438
15 0.172656 0.211719 0.070312 0.092188
25 0.260937 0.203125 0.075000 0.075000
17 0.345313 0.203906 0.071875 0.076563
14 0.430469 0.202344 0.070312 0.073438
1 0.519531 0.204687 0.079687 0.078125
27 0.611719 0.207031 0.085938 0.082812
23 0.700781 0.201563 0.073438 0.071875
1 0.796094 0.206250 0.082812 0.081250
13 0.884375 0.203906 0.078125 0.076563
0 0.085156 0.327344 0.070312 0.076563
1 0.182031 0.328125 0.079687 0.078125
14 0.269531 0.325781 0.070312 0.073438
