25 0.085938 0.085938 0.071875 0.071875
21 0.178906 0.088281 0.079687 0.076563
35 0.274219 0.086719 0.089063 0.073438
27 0.382031 0.089844 0.082812 0.079687
2 0.466406 0.087500 0.070312 0.075000
23 0.557031 0.085938 0.073438 0.071875
35 0.660156 0.086719 0.089063 0.073438
34 0.762500 0.092969 0.078125 0.085938
16 0.852344 0.087500 0.070312 0.075000
10 0.087500 0.208594 0.075000 0.082812
21 0.186719 0.205469 0.079687 0.076563
20 0.271875 0.210938 0.071875 0.087500
30 0.351562 0.203125 0.068750 0.071875
0 0.427344 0.203906 0.067187 0.073438
7 0.513281 0.203125 0.073438 0.071875
18 0.597656 0.203906 0.073438 0.073438
18 0.683594 0.203906 0.073438 0.073438
37 0.764062 0.205469 0.071875 0.076563
17 0.850000 0.203906 0.068750 0.073438
35 0.094531 0.324219 0.089063 0.076563
10 0.190625 0.327344 0.075000 0.082812
26 0.278906 0.324219 0.085938 0.076563
18 0.380469 0.324219 0.076563 0.076563
19 0.471094 0.328125 0.070312 0.084375
33 0.554688 0.324219 0.071875 0.076563
6 0.648438 0.321875 0.081250 0.071875
26 0.753906 0.324219 0.085938 0.076563
4 0.846094 0.325781 0.070312 0.079687
1 0.089844 0.440625 0.079687 0.078125
21 0.188281 0.438281 0.076563 0.073438
