37 0.084375 0.086719 0.068750 0.073438
37 0.168750 0.088281 0.071875 0.076563
4 0.250781 0.089844 0.070312 0.079687
24 0.342187 0.085938 0.081250 0.071875
36 0.437500 0.086719 0.081250 0.073438
28 0.542969 0.095312 0.085938 0.090625
9 0.629687 0.085938 0.065625 0.071875
29 0.700000 0.092188 0.050000 0.084375
30 0.768750 0.085938 0.065625 0.071875
9 0.848437 0.085938 0.065625 0.071875
2 0.083594 0.207813 0.067187 0.071875
10 0.170313 0.213281 0.075000 0.082812
11 0.254688 0.210156 0.068750 0.076563
11 0.339062 0.210156 0.068750 0.076563
26 0.428906 0.210156 0.085938 0.076563
10 0.517188 0.213281 0.075000 0.082812
21 0.605469 0.208594 0.076563 0.073438
21 0.696094 0.208594 0.076563 0.073438
35 0.792969 0.208594 0.089063 0.073438
32 0.878906 0.208594 0.067187 0.073438
27 0.091406 0.325781 0.082812 0.079687
