3 0.085156 0.089844 0.070312 0.079687
29 0.165625 0.092188 0.053125 0.084375
30 0.243750 0.087500 0.068750 0.075000
26 0.341406 0.088281 0.082812 0.076563
37 0.428125 0.088281 0.071875 0.076563
28 0.513281 0.093750 0.082812 0.087500
36 0.604688 0.088281 0.084375 0.076563
31 0.703906 0.085938 0.073438 0.071875
16 0.796094 0.087500 0.070312 0.075000
35 0.896094 0.086719 0.089063 0.073438
2 0.083594 0.204687 0.067187 0.071875
28 0.180469 0.214062 0.089063 0.090625
6 0.275000 0.206250 0.081250 0.075000
31 0.364844 0.206250 0.076563 0.075000
23 0.453906 0.206250 0.076563 0.075000
28 0.550781 0.214062 0.085938 0.090625
27 0.649219 0.210156 0.085938 0.082812
7 0.749219 0.206250 0.076563 0.075000
6 0.848437 0.206250 0.084375 0.075000
6 0.092188 0.329688 0.084375 0.078125
17 0.185938 0.328906 0.071875 0.076563
22 0.284375 0.327344 0.081250 0.073438
5 0.389062 0.328125 0.084375 0.075000
19 0.485156 0.334375 0.073438 0.087500
28 0.575781 0.334375 0.082812 0.087500
4 0.667969 0.328906 0.067187 0.076563
21 0.750781 0.328906 0.079687 0.076563
