0 0.085156 0.088281 0.070312 0.076563
11 0.162500 0.088281 0.068750 0.076563
35 0.255469 0.086719 0.089063 0.073438
0 0.353906 0.086719 0.070312 0.073438
28 0.439844 0.095312 0.085938 0.090625
26 0.539844 0.086719 0.082812 0.073438
12 0.631250 0.087500 0.081250 0.075000
0 0.719531 0.086719 0.067187 0.073438
24 0.814063 0.087500 0.084375 0.075000
25 0.903125 0.085938 0.071875 0.071875
6 0.092188 0.209375 0.084375 0.075000
24 0.190625 0.207813 0.081250 0.071875
3 0.283594 0.211719 0.070312 0.079687
6 0.373437 0.209375 0.081250 0.075000
29 0.454688 0.214062 0.053125 0.084375
37 0.528125 0.210156 0.071875 0.076563
19 0.619531 0.215625 0.073438 0.087500
17 0.706250 0.210156 0.071875 0.076563
4 0.788281 0.210156 0.067187 0.076563
8 0.854688 0.208594 0.050000 0.073438
13 0.087500 0.327344 0.075000 0.073438
