5 0.090625 0.085938 0.081250 0.071875
20 0.175000 0.093750 0.071875 0.087500
33 0.260937 0.089844 0.075000 0.079687
37 0.345313 0.088281 0.071875 0.076563
13 0.431250 0.086719 0.075000 0.073438
26 0.527344 0.088281 0.085938 0.076563
20 0.617188 0.092188 0.068750 0.084375
4 0.702344 0.088281 0.067187 0.076563
4 0.777344 0.088281 0.067187 0.076563
3 0.858594 0.088281 0.067187 0.076563
28 0.091406 0.212500 0.082812 0.087500
19 0.182031 0.212500 0.073438 0.087500
3 0.274219 0.208594 0.070312 0.079687
0 0.360156 0.207031 0.070312 0.076563
4 0.444531 0.207031 0.067187 0.076563
11 0.529687 0.207031 0.068750 0.076563
17 0.612500 0.205469 0.068750 0.073438
3 0.703906 0.208594 0.070312 0.079687
9 0.785937 0.204687 0.065625 0.071875
29 0.859375 0.210938 0.053125 0.084375
0 0.083594 0.324219 0.067187 0.073438
35 0.185156 0.325781 0.092188 0.076563
12 0.290625 0.323437 0.078125 0.071875
21 0.378906 0.325781 0.079687 0.076563
37 0.462500 0.325781 0.071875 0.076563
