13 0.089063 0.088281 0.078125 0.076563
25 0.185938 0.085938 0.071875 0.071875
20 0.270313 0.092188 0.068750 0.084375
29 0.340625 0.092188 0.050000 0.084375
14 0.411719 0.088281 0.073438 0.076563
22 0.506250 0.086719 0.081250 0.073438
37 0.603125 0.086719 0.068750 0.073438
18 0.691406 0.088281 0.076563 0.076563
26 0.791406 0.086719 0.082812 0.073438
16 0.878906 0.085938 0.067187 0.071875
18 0.086719 0.202344 0.073438 0.073438
21 0.171094 0.203906 0.079687 0.076563
28 0.263281 0.209375 0.082812 0.087500
13 0.351562 0.202344 0.075000 0.073438
9 0.437500 0.203125 0.068750 0.075000
23 0.522656 0.201563 0.073438 0.071875
18 0.603906 0.202344 0.073438 0.073438
30 0.687500 0.201563 0.065625 0.071875
37 0.770312 0.203906 0.071875 0.076563
32 0.849219 0.202344 0.067187 0.073438
