32 0.083594 0.086719 0.067187 0.073438
29 0.164062 0.093750 0.056250 0.087500
26 0.252344 0.086719 0.082812 0.073438
3 0.350781 0.089844 0.070312 0.079687
11 0.432812 0.088281 0.068750 0.076563
27 0.524219 0.091406 0.085938 0.082812
2 0.624219 0.087500 0.070312 0.075000
26 0.716406 0.088281 0.085938 0.076563
5 0.809375 0.089063 0.084375 0.078125
11 0.898438 0.088281 0.068750 0.076563
10 0.085938 0.208594 0.071875 0.079687
36 0.171875 0.207031 0.084375 0.076563
23 0.266406 0.206250 0.076563 0.075000
21 0.363281 0.205469 0.076563 0.073438
11 0.445312 0.208594 0.071875 0.079687
36 0.543750 0.207031 0.084375 0.076563
21 0.642969 0.205469 0.076563 0.073438
36 0.734375 0.207031 0.084375 0.076563
12 0.825000 0.204687 0.078125 0.071875
6 0.092188 0.317188 0.084375 0.075000
0 0.189844 0.316406 0.067187 0.073438
30 0.276562 0.315625 0.065625 0.071875
3 0.358594 0.319531 0.070312 0.079687
31 0.447656 0.315625 0.073438 0.071875
25 0.528125 0.315625 0.071875 0.071875
17 0.610938 0.317969 0.071875 0.076563
23 0.696094 0.317188 0.076563 0.075000
35 0.791406 0.319531 0.092188 0.079687
1 0.896094 0.318750 0.079687 0.078125
2 0.083594 0.426563 0.067187 0.071875
20 0.168750 0.434375 0.075000 0.087500
34 0.262500 0.432031 0.075000 0.082812
1 0.355469 0.431250 0.082812 0.081250
37 0.446875 0.427344 0.071875 0.073438
