17 0.084375 0.086719 0.068750 0.073438
20 0.167187 0.093750 0.075000 0.087500
7 0.255469 0.087500 0.076563 0.075000
37 0.350000 0.088281 0.071875 0.076563
4 0.433594 0.089844 0.070312 0.079687
6 0.523438 0.087500 0.084375 0.075000
2 0.616406 0.085938 0.067187 0.071875
16 0.697656 0.085938 0.067187 0.071875
22 0.779687 0.086719 0.081250 0.073438
22 0.876563 0.088281 0.084375 0.076563
4 0.083594 0.207031 0.067187 0.076563
26 0.172656 0.207031 0.085938 0.076563
18 0.267969 0.207031 0.076563 0.076563
24 0.364063 0.206250 0.084375 0.075000
3 0.457031 0.207031 0.067187 0.076563
12 0.550000 0.204687 0.078125 0.071875
20 0.643750 0.210938 0.068750 0.084375
11 0.731250 0.208594 0.071875 0.079687
14 0.817969 0.207031 0.073438 0.076563
12 0.901563 0.204687 0.078125 0.071875
7 0.088281 0.321875 0.076563 0.075000
3 0.169531 0.324219 0.070312 0.079687
13 0.256250 0.322656 0.078125 0.076563
32 0.339844 0.321094 0.067187 0.073438
7 0.433594 0.321875 0.076563 0.075000
8 0.517188 0.322656 0.053125 0.076563
4 0.594531 0.324219 0.070312 0.079687
14 0.677344 0.321094 0.070312 0.073438
3 0.760156 0.322656 0.070312 0.076563
1 0.846094 0.325000 0.082812 0.081250
18 0.088281 0.435156 0.076563 0.076563
20 0.168750 0.439063 0.068750 0.084375
21 0.258594 0.433594 0.076563 0.073438
