9 0.082812 0.085938 0.065625 0.071875
15 0.163281 0.094531 0.067187 0.089063
19 0.241406 0.093750 0.073438 0.087500
1 0.325781 0.089063 0.079687 0.078125
1 0.417969 0.089063 0.079687 0.078125
5 0.517188 0.085938 0.081250 0.071875
12 0.618750 0.087500 0.081250 0.075000
1 0.713281 0.090625 0.082812 0.081250
30 0.803125 0.085938 0.065625 0.071875
19 0.889844 0.093750 0.073438 0.087500
11 0.085938 0.210156 0.071875 0.079687
4 0.167969 0.208594 0.067187 0.076563
20 0.248438 0.214062 0.071875 0.087500
15 0.328906 0.216406 0.073438 0.092188
17 0.414062 0.208594 0.071875 0.076563
16 0.507031 0.207813 0.070312 0.075000
30 0.584375 0.206250 0.068750 0.071875
2 0.661719 0.206250 0.067187 0.071875
37 0.753125 0.208594 0.071875 0.076563
32 0.836719 0.208594 0.070312 0.076563
31 0.088281 0.331250 0.076563 0.075000
27 0.185156 0.333594 0.082812 0.079687
23 0.278906 0.329688 0.073438 0.071875
15 0.366406 0.338281 0.067187 0.089063
13 0.453125 0.330469 0.075000 0.073438
5 0.550000 0.331250 0.084375 0.075000
15 0.633594 0.338281 0.067187 0.089063
9 0.709375 0.329688 0.065625 0.071875
16 0.794531 0.331250 0.070312 0.075000
33 0.878125 0.332031 0.071875 0.076563
29 0.076563 0.457813 0.053125 0.087500
24 0.167187 0.453125 0.084375 0.078125
5 0.270313 0.451562 0.081250 0.075000
