2 0.085156 0.087500 0.070312 0.075000
4 0.164844 0.088281 0.067187 0.076563
22 0.256250 0.086719 0.081250 0.073438
3 0.346094 0.089844 0.070312 0.079687
24 0.435937 0.087500 0.084375 0.075000
35 0.539844 0.088281 0.089063 0.076563
7 0.638281 0.087500 0.076563 0.075000
28 0.728906 0.095312 0.085938 0.090625
34 0.821875 0.092969 0.078125 0.085938
1 0.091406 0.212500 0.082812 0.081250
33 0.181250 0.210156 0.071875 0.076563
32 0.267969 0.210156 0.070312 0.076563
19 0.349219 0.215625 0.073438 0.087500
30 0.428125 0.209375 0.068750 0.075000
13 0.520312 0.210156 0.078125 0.076563
12 0.606250 0.207813 0.078125 0.071875
13 0.696875 0.208594 0.075000 0.073438
20 0.789062 0.215625 0.071875 0.087500
10 0.876563 0.213281 0.075000 0.082812
10 0.087500 0.330469 0.075000 0.079687
28 0.177344 0.334375 0.082812 0.087500
9 0.268750 0.326562 0.065625 0.071875
7 0.346094 0.326562 0.073438 0.071875
15 0.432031 0.335156 0.070312 0.089063
32 0.513281 0.327344 0.067187 0.073438
23 0.596094 0.328125 0.076563 0.075000
20 0.682813 0.332813 0.068750 0.084375
23 0.775781 0.328125 0.076563 0.075000
33 0.865625 0.328906 0.075000 0.076563
