31 0.086719 0.085938 0.073438 0.071875
28 0.185156 0.093750 0.082812 0.087500
29 0.273438 0.092188 0.053125 0.084375
9 0.348438 0.085938 0.065625 0.071875
22 0.437500 0.088281 0.084375 0.076563
28 0.530469 0.093750 0.082812 0.087500
0 0.617969 0.086719 0.067187 0.073438
20 0.701562 0.092188 0.068750 0.084375
18 0.791406 0.086719 0.073438 0.073438
30 0.875000 0.085938 0.065625 0.071875
20 0.084375 0.210938 0.068750 0.084375
27 0.182031 0.208594 0.082812 0.079687
9 0.268750 0.204687 0.065625 0.071875
10 0.354687 0.210156 0.075000 0.082812
15 0.439844 0.214844 0.070312 0.092188
35 0.535156 0.205469 0.089063 0.073438
1 0.635156 0.209375 0.082812 0.081250
23 0.733594 0.204687 0.073438 0.071875
34 0.826562 0.210156 0.075000 0.082812
36 0.090625 0.328906 0.081250 0.073438
36 0.182812 0.328906 0.081250 0.073438
16 0.272656 0.328125 0.067187 0.071875
5 0.359375 0.328125 0.081250 0.071875
4 0.444531 0.330469 0.067187 0.076563
32 0.524219 0.328906 0.067187 0.073438
11 0.610938 0.330469 0.068750 0.076563
