1 0.089844 0.089063 0.079687 0.078125
27 0.182031 0.089844 0.082812 0.079687
23 0.282031 0.085938 0.073438 0.071875
4 0.372656 0.088281 0.067187 0.076563
28 0.461719 0.093750 0.082812 0.087500
1 0.555469 0.090625 0.082812 0.081250
17 0.650000 0.088281 0.071875 0.076563
27 0.746094 0.091406 0.085938 0.082812
0 0.839844 0.086719 0.067187 0.073438
15 0.085156 0.213281 0.070312 0.089063
16 0.175781 0.206250 0.070312 0.075000
5 0.273438 0.206250 0.084375 0.075000
7 0.374219 0.206250 0.076563 0.075000
21 0.464844 0.205469 0.076563 0.073438
3 0.549219 0.207031 0.067187 0.076563
27 0.642969 0.211719 0.089063 0.085938
32 0.733594 0.205469 0.070312 0.073438
22 0.831250 0.205469 0.081250 0.073438
16 0.083594 0.325000 0.067187 0.071875
27 0.172656 0.330469 0.085938 0.082812
33 0.268750 0.327344 0.071875 0.076563
36 0.360938 0.327344 0.084375 0.076563
4 0.453906 0.327344 0.070312 0.076563
35 0.550781 0.325781 0.089063 0.073438
18 0.653906 0.325781 0.073438 0.073438
21 0.742969 0.327344 0.079687 0.076563
32 0.833594 0.325781 0.067187 0.073438
2 0.085156 0.440625 0.070312 0.075000
13 0.168750 0.441406 0.078125 0.076563
17 0.264062 0.441406 0.071875 0.076563
