29 0.075000 0.092188 0.050000 0.084375
11 0.153125 0.088281 0.071875 0.076563
2 0.238281 0.085938 0.067187 0.071875
7 0.328906 0.085938 0.073438 0.071875
23 0.425781 0.087500 0.076563 0.075000
2 0.517969 0.087500 0.070312 0.075000
36 0.604688 0.088281 0.084375 0.076563
31 0.694531 0.085938 0.073438 0.071875
28 0.783594 0.093750 0.082812 0.087500
37 0.878125 0.086719 0.068750 0.073438
9 0.082812 0.204687 0.065625 0.071875
21 0.174219 0.207031 0.079687 0.076563
2 0.260156 0.204687 0.067187 0.071875
0 0.341406 0.205469 0.067187 0.073438
19 0.425781 0.212500 0.073438 0.087500
16 0.511719 0.206250 0.070312 0.075000
7 0.599219 0.206250 0.076563 0.075000
12 0.684375 0.204687 0.078125 0.071875
24 0.779687 0.204687 0.081250 0.071875
9 0.864062 0.204687 0.065625 0.071875
20 0.085938 0.329688 0.071875 0.084375
3 0.174219 0.327344 0.070312 0.079687
5 0.265625 0.325000 0.084375 0.075000
