19 0.086719 0.092188 0.073438 0.084375
13 0.170313 0.088281 0.078125 0.076563
36 0.264062 0.088281 0.084375 0.076563
21 0.364844 0.088281 0.079687 0.076563
17 0.456250 0.086719 0.068750 0.073438
25 0.545312 0.087500 0.075000 0.075000
15 0.639844 0.096094 0.070312 0.092188
2 0.725781 0.087500 0.070312 0.075000
16 0.808594 0.087500 0.070312 0.075000
3 0.896094 0.088281 0.067187 0.076563
27 0.092969 0.214844 0.085938 0.082812
4 0.185156 0.211719 0.067187 0.076563
21 0.267969 0.211719 0.079687 0.076563
11 0.360938 0.211719 0.071875 0.076563
1 0.444531 0.212500 0.079687 0.078125
20 0.534375 0.217188 0.071875 0.087500
23 0.622656 0.210938 0.076563 0.075000
23 0.721094 0.210938 0.076563 0.075000
1 0.808594 0.212500 0.079687 0.078125
3 0.897656 0.211719 0.067187 0.076563
10 0.085938 0.332031 0.071875 0.079687
6 0.184375 0.331250 0.084375 0.078125
5 0.278125 0.328125 0.081250 0.071875
34 0.365625 0.335156 0.078125 0.085938
12 0.459375 0.329688 0.081250 0.075000
11 0.551562 0.330469 0.068750 0.076563
20 0.637500 0.334375 0.068750 0.084375
21 0.728906 0.328906 0.076563 0.073438
6 0.826562 0.331250 0.084375 0.078125
32 0.913281 0.330469 0.070312 0.076563
