3 0.083594 0.088281 0.067187 0.076563
27 0.177344 0.091406 0.085938 0.082812
14 0.274219 0.088281 0.073438 0.076563
14 0.357031 0.088281 0.073438 0.076563
11 0.450000 0.088281 0.071875 0.076563
30 0.526563 0.085938 0.065625 0.071875
28 0.622656 0.095312 0.085938 0.090625
9 0.712500 0.087500 0.068750 0.075000
35 0.810156 0.089844 0.092188 0.079687
1 0.091406 0.212500 0.082812 0.081250
4 0.183594 0.210156 0.067187 0.076563
32 0.263281 0.210156 0.070312 0.076563
12 0.354687 0.207813 0.078125 0.071875
16 0.444531 0.207813 0.067187 0.071875
3 0.524219 0.211719 0.070312 0.079687
11 0.609375 0.211719 0.071875 0.079687
33 0.690625 0.210156 0.071875 0.076563
30 0.776563 0.207813 0.065625 0.071875
5 0.867188 0.209375 0.084375 0.075000
10 0.087500 0.325781 0.075000 0.082812
