36 0.090625 0.086719 0.081250 0.073438
8 0.175000 0.088281 0.053125 0.076563
9 0.253125 0.085938 0.068750 0.071875
26 0.338281 0.086719 0.082812 0.073438
2 0.425781 0.085938 0.070312 0.071875
36 0.510938 0.086719 0.081250 0.073438
34 0.612500 0.092969 0.078125 0.085938
7 0.699219 0.087500 0.076563 0.075000
4 0.782031 0.089844 0.070312 0.079687
34 0.864062 0.092969 0.078125 0.085938
19 0.085156 0.209375 0.070312 0.084375
25 0.178125 0.204687 0.075000 0.075000
10 0.259375 0.207031 0.071875 0.079687
4 0.339844 0.207031 0.070312 0.079687
28 0.432031 0.212500 0.085938 0.090625
4 0.517969 0.207031 0.070312 0.079687
27 0.613281 0.207031 0.082812 0.079687
26 0.716406 0.203906 0.082812 0.073438
28 0.808594 0.212500 0.085938 0.090625
11 0.895312 0.205469 0.071875 0.076563
7 0.088281 0.326562 0.076563 0.075000
33 0.176563 0.327344 0.071875 0.076563
32 0.255469 0.325781 0.067187 0.073438
2 0.342969 0.326562 0.070312 0.075000
21 0.433594 0.325781 0.076563 0.073438
23 0.522656 0.325000 0.073438 0.071875
21 0.610156 0.327344 0.079687 0.076563
25 0.695312 0.325000 0.071875 0.071875
28 0.780469 0.332813 0.082812 0.087500
