10 0.087500 0.091406 0.075000 0.082812
34 0.184375 0.092969 0.078125 0.085938
4 0.280469 0.089844 0.070312 0.079687
18 0.361719 0.086719 0.073438 0.073438
8 0.445312 0.086719 0.053125 0.073438
20 0.518750 0.092188 0.071875 0.084375
3 0.608594 0.089844 0.070312 0.079687
10 0.696875 0.089844 0.071875 0.079687
2 0.777344 0.085938 0.067187 0.071875
0 0.853906 0.088281 0.070312 0.076563
11 0.085938 0.207031 0.071875 0.079687
22 0.175000 0.203906 0.081250 0.073438
23 0.264844 0.204687 0.076563 0.075000
2 0.349219 0.203125 0.067187 0.071875
33 0.442188 0.207031 0.075000 0.079687
29 0.514062 0.209375 0.053125 0.084375
1 0.602344 0.206250 0.079687 0.078125
28 0.707031 0.212500 0.089063 0.090625
34 0.804688 0.210156 0.078125 0.085938
27 0.902344 0.207031 0.082812 0.079687
33 0.085938 0.327344 0.071875 0.076563
35 0.183594 0.328906 0.092188 0.079687
25 0.285938 0.325000 0.071875 0.071875
22 0.371875 0.325781 0.081250 0.073438
21 0.472656 0.327344 0.079687 0.076563
20 0.570312 0.331250 0.071875 0.084375
2 0.655469 0.325000 0.067187 0.071875
0 0.741406 0.325781 0.067187 0.073438
7 0.830469 0.326562 0.076563 0.075000
