20 0.084375 0.092188 0.068750 0.084375
29 0.156250 0.092188 0.053125 0.084375
14 0.239844 0.086719 0.070312 0.073438
8 0.321875 0.086719 0.050000 0.073438
13 0.401562 0.088281 0.078125 0.076563
20 0.484375 0.092188 0.068750 0.084375
30 0.568750 0.087500 0.068750 0.075000
13 0.660937 0.088281 0.078125 0.076563
22 0.753125 0.086719 0.081250 0.073438
8 0.835938 0.086719 0.050000 0.073438
2 0.910156 0.085938 0.067187 0.071875
26 0.092969 0.203906 0.085938 0.076563
3 0.185156 0.203906 0.067187 0.076563
3 0.267969 0.205469 0.070312 0.079687
15 0.357031 0.210156 0.070312 0.089063
17 0.439063 0.202344 0.068750 0.073438
33 0.531250 0.203906 0.071875 0.076563
33 0.610938 0.203906 0.071875 0.076563
8 0.687500 0.202344 0.053125 0.073438
35 0.775781 0.203906 0.092188 0.076563
13 0.879687 0.202344 0.075000 0.073438
9 0.082812 0.321875 0.065625 0.071875
11 0.165625 0.324219 0.071875 0.076563
1 0.250781 0.325000 0.079687 0.078125
5 0.346875 0.323437 0.084375 0.075000
11 0.443750 0.324219 0.068750 0.076563
8 0.515625 0.322656 0.050000 0.073438
35 0.599219 0.324219 0.092188 0.076563
36 0.706250 0.324219 0.084375 0.076563
14 0.805469 0.322656 0.070312 0.073438
18 0.896094 0.324219 0.076563 0.076563
8 0.075000 0.432031 0.050000 0.073438
20 0.148438 0.437500 0.068750 0.084375
