11 0.084375 0.088281 0.068750 0.076563
1 0.175781 0.090625 0.082812 0.081250
17 0.265625 0.088281 0.071875 0.076563
20 0.345313 0.093750 0.071875 0.087500
24 0.440625 0.087500 0.084375 0.075000
36 0.546875 0.088281 0.084375 0.076563
35 0.657031 0.088281 0.092188 0.076563
7 0.761719 0.085938 0.073438 0.071875
21 0.852344 0.088281 0.079687 0.076563
11 0.084375 0.207031 0.068750 0.076563
25 0.164062 0.204687 0.071875 0.071875
4 0.250781 0.208594 0.070312 0.079687
11 0.328125 0.207031 0.068750 0.076563
0 0.416406 0.207031 0.070312 0.076563
10 0.495312 0.208594 0.071875 0.079687
0 0.580469 0.205469 0.067187 0.073438
1 0.664844 0.209375 0.082812 0.081250
25 0.764062 0.204687 0.071875 0.071875
22 0.848437 0.205469 0.081250 0.073438
2 0.083594 0.317188 0.067187 0.071875
37 0.167187 0.319531 0.071875 0.076563
10 0.257812 0.321094 0.071875 0.079687
1 0.344531 0.321875 0.082812 0.081250
4 0.427344 0.319531 0.067187 0.076563
8 0.493750 0.317969 0.050000 0.073438
30 0.573438 0.317188 0.065625 0.071875
18 0.660156 0.317969 0.073438 0.073438
