21 0.089844 0.088281 0.079687 0.076563
33 0.182812 0.088281 0.071875 0.076563
5 0.278125 0.087500 0.084375 0.075000
5 0.376563 0.085938 0.081250 0.071875
2 0.464844 0.085938 0.067187 0.071875
8 0.531250 0.086719 0.050000 0.073438
4 0.611719 0.089844 0.070312 0.079687
20 0.692187 0.092188 0.068750 0.084375
15 0.777344 0.096094 0.070312 0.092188
2 0.855469 0.087500 0.070312 0.075000
17 0.084375 0.210156 0.068750 0.073438
21 0.164844 0.210156 0.076563 0.073438
18 0.250781 0.211719 0.076563 0.076563
7 0.347656 0.209375 0.073438 0.071875
30 0.439063 0.209375 0.065625 0.071875
21 0.519531 0.211719 0.079687 0.076563
37 0.604688 0.211719 0.071875 0.076563
35 0.696094 0.210156 0.089063 0.073438
17 0.785937 0.211719 0.071875 0.076563
18 0.877344 0.210156 0.073438 0.073438
15 0.083594 0.325781 0.067187 0.089063
7 0.175781 0.317188 0.073438 0.071875
12 0.273438 0.318750 0.081250 0.075000
