12 0.090625 0.087500 0.081250 0.075000
8 0.178125 0.088281 0.053125 0.076563
13 0.257812 0.086719 0.075000 0.073438
9 0.348438 0.085938 0.065625 0.071875
5 0.434375 0.087500 0.084375 0.075000
22 0.526563 0.086719 0.081250 0.073438
34 0.623437 0.092969 0.078125 0.085938
4 0.717969 0.088281 0.067187 0.076563
8 0.798438 0.086719 0.053125 0.073438
27 0.878906 0.091406 0.085938 0.082812
7 0.086719 0.203125 0.073438 0.071875
20 0.175000 0.209375 0.068750 0.084375
24 0.260937 0.204687 0.084375 0.075000
8 0.343750 0.203906 0.050000 0.073438
37 0.412500 0.205469 0.071875 0.076563
6 0.509375 0.203125 0.081250 0.071875
2 0.596094 0.204687 0.070312 0.075000
25 0.675000 0.203125 0.071875 0.071875
5 0.771875 0.203125 0.081250 0.071875
24 0.864062 0.203125 0.081250 0.071875
12 0.089063 0.318750 0.078125 0.071875
22 0.176563 0.319531 0.081250 0.073438
21 0.266406 0.321094 0.079687 0.076563
2 0.353906 0.318750 0.067187 0.071875
1 0.438281 0.323437 0.082812 0.081250
26 0.530469 0.321094 0.085938 0.076563
13 0.628125 0.321094 0.078125 0.076563
21 0.716406 0.319531 0.076563 0.073438
7 0.810156 0.320312 0.076563 0.075000
22 0.907813 0.319531 0.081250 0.073438
33 0.087500 0.435156 0.075000 0.079687
16 0.169531 0.432812 0.070312 0.075000
15 0.249219 0.441406 0.070312 0.092188
