29 0.075000 0.092188 0.050000 0.084375
25 0.148438 0.085938 0.071875 0.071875
34 0.237500 0.092969 0.078125 0.085938
26 0.338281 0.089844 0.085938 0.079687
30 0.435937 0.085938 0.065625 0.071875
17 0.514062 0.088281 0.071875 0.076563
6 0.600000 0.085938 0.081250 0.071875
3 0.696094 0.089844 0.070312 0.079687
16 0.777344 0.087500 0.070312 0.075000
33 0.859375 0.089844 0.075000 0.079687
32 0.083594 0.203906 0.067187 0.073438
34 0.170313 0.210156 0.081250 0.085938
11 0.257812 0.207031 0.071875 0.079687
16 0.342969 0.203125 0.067187 0.071875
33 0.432812 0.205469 0.071875 0.076563
28 0.525781 0.212500 0.085938 0.090625
24 0.631250 0.204687 0.081250 0.075000
36 0.725000 0.205469 0.081250 0.076563
10 0.817187 0.207031 0.071875 0.079687
16 0.907031 0.203125 0.067187 0.071875
5 0.090625 0.325000 0.081250 0.071875
14 0.182031 0.325781 0.070312 0.073438
34 0.264062 0.330469 0.075000 0.082812
12 0.350000 0.325000 0.078125 0.071875
35 0.453906 0.327344 0.092188 0.076563
2 0.555469 0.326562 0.070312 0.075000
4 0.646094 0.327344 0.067187 0.076563
34 0.728125 0.330469 0.078125 0.082812
12 0.818750 0.325000 0.078125 0.071875
22 0.092188 0.441406 0.084375 0.076563
30 0.187500 0.439063 0.065625 0.071875
