20 0.084375 0.092188 0.068750 0.084375
19 0.175781 0.092188 0.070312 0.084375
22 0.259375 0.086719 0.081250 0.073438
28 0.357031 0.095312 0.085938 0.090625
30 0.451562 0.087500 0.068750 0.075000
28 0.539844 0.095312 0.085938 0.090625
25 0.632812 0.087500 0.075000 0.075000
25 0.723437 0.087500 0.075000 0.075000
34 0.820312 0.092969 0.078125 0.085938
32 0.911719 0.086719 0.067187 0.073438
30 0.082812 0.207813 0.065625 0.071875
12 0.162500 0.207813 0.078125 0.071875
30 0.242188 0.207813 0.065625 0.071875
7 0.319531 0.207813 0.073438 0.071875
8 0.396875 0.210156 0.053125 0.076563
19 0.475781 0.215625 0.073438 0.087500
23 0.560156 0.207813 0.073438 0.071875
21 0.657031 0.208594 0.076563 0.073438
10 0.740625 0.211719 0.071875 0.079687
23 0.825781 0.209375 0.076563 0.075000
30 0.909375 0.209375 0.068750 0.075000
9 0.082812 0.326562 0.065625 0.071875
4 0.172656 0.330469 0.070312 0.079687
1 0.266406 0.329688 0.079687 0.078125
13 0.365625 0.327344 0.075000 0.073438
