1 0.089844 0.089063 0.079687 0.078125
29 0.164062 0.092188 0.053125 0.084375
1 0.247656 0.090625 0.082812 0.081250
7 0.346094 0.085938 0.073438 0.071875
33 0.429688 0.088281 0.071875 0.076563
9 0.514062 0.087500 0.068750 0.075000
13 0.598437 0.086719 0.075000 0.073438
12 0.682813 0.085938 0.078125 0.071875
25 0.770312 0.085938 0.071875 0.071875
22 0.870313 0.088281 0.084375 0.076563
4 0.085156 0.205469 0.070312 0.079687
37 0.170313 0.202344 0.068750 0.073438
21 0.264844 0.203906 0.079687 0.076563
13 0.360938 0.203906 0.078125 0.076563
14 0.449219 0.203906 0.073438 0.076563
33 0.534375 0.203906 0.071875 0.076563
25 0.617188 0.203125 0.075000 0.075000
11 0.712500 0.203906 0.071875 0.076563
16 0.800781 0.203125 0.070312 0.075000
30 0.878125 0.201563 0.065625 0.071875
6 0.092188 0.314063 0.084375 0.075000
9 0.182812 0.314063 0.068750 0.075000
6 0.279687 0.314063 0.084375 0.075000
10 0.367188 0.317969 0.075000 0.082812
24 0.460938 0.312500 0.081250 0.071875
1 0.563281 0.315625 0.079687 0.078125
25 0.659375 0.314063 0.075000 0.075000
21 0.758594 0.314844 0.079687 0.076563
