24 0.090625 0.085938 0.081250 0.071875
2 0.185156 0.087500 0.070312 0.075000
26 0.277344 0.086719 0.082812 0.073438
4 0.363281 0.089844 0.070312 0.079687
2 0.447656 0.085938 0.067187 0.071875
28 0.538281 0.093750 0.082812 0.087500
14 0.633594 0.086719 0.070312 0.073438
24 0.718750 0.085938 0.081250 0.071875
7 0.816406 0.087500 0.076563 0.075000
15 0.910156 0.096094 0.070312 0.092188
9 0.084375 0.210938 0.068750 0.075000
3 0.166406 0.213281 0.070312 0.079687
6 0.262500 0.209375 0.081250 0.071875
1 0.360156 0.212500 0.079687 0.078125
15 0.444531 0.219531 0.070312 0.092188
23 0.532031 0.209375 0.073438 0.071875
32 0.614844 0.211719 0.070312 0.076563
21 0.699219 0.210156 0.076563 0.073438
18 0.786719 0.210156 0.073438 0.073438
31 0.871094 0.210938 0.076563 0.075000
20 0.084375 0.339062 0.068750 0.084375
21 0.177344 0.335156 0.079687 0.076563
30 0.262500 0.332813 0.065625 0.071875
