19 0.086719 0.093750 0.073438 0.087500
23 0.175781 0.085938 0.073438 0.071875
17 0.267188 0.086719 0.068750 0.073438
12 0.359375 0.087500 0.081250 0.075000
33 0.450000 0.088281 0.071875 0.076563
13 0.534375 0.088281 0.078125 0.076563
21 0.630469 0.086719 0.076563 0.073438
26 0.725781 0.088281 0.082812 0.076563
21 0.819531 0.088281 0.079687 0.076563
17 0.909375 0.086719 0.068750 0.073438
3 0.085156 0.208594 0.070312 0.079687
21 0.175781 0.207031 0.079687 0.076563
32 0.263281 0.205469 0.067187 0.073438
24 0.346875 0.206250 0.084375 0.075000
8 0.421875 0.205469 0.050000 0.073438
1 0.499219 0.209375 0.082812 0.081250
22 0.596875 0.207031 0.084375 0.076563
31 0.694531 0.204687 0.073438 0.071875
31 0.786719 0.206250 0.076563 0.075000
27 0.885156 0.210156 0.085938 0.082812
17 0.084375 0.319531 0.068750 0.073438
30 0.168750 0.320312 0.068750 0.075000
32 0.249219 0.319531 0.067187 0.073438
1 0.346094 0.323437 0.082812 0.081250
19 0.432031 0.325000 0.070312 0.084375
16 0.519531 0.318750 0.067187 0.071875
35 0.614844 0.321094 0.089063 0.076563
10 0.710938 0.324219 0.075000 0.082812
0 0.797656 0.319531 0.067187 0.073438
