29 0.076563 0.093750 0.053125 0.087500
19 0.149219 0.093750 0.073438 0.087500
30 0.232813 0.085938 0.065625 0.071875
9 0.306250 0.085938 0.065625 0.071875
18 0.394531 0.086719 0.073438 0.073438
37 0.487500 0.086719 0.068750 0.073438
12 0.575000 0.085938 0.078125 0.071875
6 0.673438 0.089063 0.084375 0.078125
4 0.761719 0.089844 0.070312 0.079687
24 0.860938 0.087500 0.084375 0.075000
23 0.088281 0.206250 0.076563 0.075000
19 0.183594 0.212500 0.073438 0.087500
12 0.271875 0.206250 0.081250 0.075000
24 0.371875 0.204687 0.081250 0.071875
28 0.466406 0.212500 0.082812 0.087500
5 0.560937 0.204687 0.081250 0.071875
3 0.649219 0.207031 0.067187 0.076563
26 0.738281 0.207031 0.085938 0.076563
20 0.825000 0.210938 0.068750 0.084375
11 0.903125 0.208594 0.071875 0.079687
24 0.090625 0.325000 0.081250 0.075000
36 0.192188 0.324219 0.081250 0.073438
17 0.281250 0.324219 0.068750 0.073438
31 0.367969 0.323437 0.073438 0.071875
24 0.454688 0.323437 0.081250 0.071875
7 0.542969 0.325000 0.076563 0.075000
23 0.627344 0.323437 0.073438 0.071875
