26 0.092969 0.089844 0.085938 0.079687
36 0.195312 0.088281 0.084375 0.076563
32 0.278906 0.086719 0.067187 0.073438
3 0.361719 0.088281 0.067187 0.076563
7 0.447656 0.085938 0.073438 0.071875
22 0.545312 0.088281 0.084375 0.076563
0 0.638281 0.086719 0.067187 0.073438
7 0.719531 0.085938 0.073438 0.071875
12 0.815625 0.085938 0.078125 0.071875
11 0.896875 0.088281 0.068750 0.076563
12 0.090625 0.198437 0.081250 0.075000
19 0.178906 0.204687 0.073438 0.087500
31 0.266406 0.196875 0.073438 0.071875
12 0.353125 0.198437 0.078125 0.075000
32 0.435156 0.197656 0.070312 0.073438
33 0.517188 0.199219 0.071875 0.076563
21 0.614844 0.199219 0.079687 0.076563
23 0.707031 0.198437 0.076563 0.075000
7 0.800781 0.196875 0.073438 0.071875
17 0.890625 0.199219 0.071875 0.076563
25 0.087500 0.317188 0.075000 0.075000
5 0.178125 0.315625 0.081250 0.071875
20 0.265625 0.321875 0.068750 0.084375
18 0.350781 0.317969 0.076563 0.076563
32 0.432031 0.317969 0.070312 0.076563
33 0.526563 0.319531 0.075000 0.079687
2 0.607031 0.317188 0.070312 0.075000
31 0.699219 0.315625 0.073438 0.071875
22 0.790625 0.316406 0.081250 0.073438
9 0.885938 0.317188 0.068750 0.075000
13 0.087500 0.432031 0.075000 0.073438
24 0.181250 0.432812 0.084375 0.075000
21 0.282031 0.432031 0.076563 0.073438
