26 0.092969 0.088281 0.085938 0.076563
9 0.190625 0.087500 0.068750 0.075000
27 0.286719 0.091406 0.085938 0.082812
16 0.374219 0.087500 0.070312 0.075000
17 0.456250 0.086719 0.068750 0.073438
24 0.553125 0.087500 0.084375 0.075000
37 0.650000 0.086719 0.068750 0.073438
35 0.746094 0.088281 0.092188 0.076563
7 0.850781 0.087500 0.076563 0.075000
19 0.085156 0.206250 0.070312 0.084375
3 0.163281 0.203906 0.070312 0.079687
29 0.240625 0.206250 0.050000 0.084375
31 0.314844 0.200000 0.073438 0.071875
14 0.402344 0.202344 0.073438 0.076563
35 0.497656 0.200781 0.089063 0.073438
23 0.591406 0.200000 0.073438 0.071875
0 0.677344 0.200781 0.067187 0.073438
14 0.766406 0.202344 0.073438 0.076563
16 0.846094 0.200000 0.067187 0.071875
15 0.085156 0.325781 0.070312 0.092188
19 0.164844 0.323437 0.073438 0.087500
15 0.242969 0.324219 0.067187 0.089063
21 0.322656 0.316406 0.076563 0.073438
3 0.407031 0.317969 0.067187 0.076563
27 0.503906 0.319531 0.082812 0.079687
23 0.600781 0.317188 0.076563 0.075000
27 0.700781 0.321094 0.085938 0.082812
4 0.792969 0.317969 0.067187 0.076563
