0 0.085156 0.088281 0.070312 0.076563
22 0.181250 0.088281 0.084375 0.076563
22 0.284375 0.088281 0.081250 0.076563
16 0.378906 0.085938 0.067187 0.071875
15 0.463281 0.094531 0.067187 0.089063
20 0.553125 0.093750 0.071875 0.087500
19 0.647656 0.092188 0.073438 0.084375
13 0.740625 0.086719 0.075000 0.073438
34 0.829688 0.091406 0.075000 0.082812
16 0.913281 0.085938 0.067187 0.071875
3 0.085156 0.210156 0.070312 0.079687
22 0.175000 0.207031 0.081250 0.073438
0 0.261719 0.207031 0.067187 0.073438
22 0.359375 0.210156 0.084375 0.079687
6 0.460938 0.207813 0.084375 0.075000
22 0.560937 0.208594 0.081250 0.076563
3 0.642969 0.208594 0.067187 0.076563
35 0.739844 0.208594 0.092188 0.076563
13 0.837500 0.207031 0.075000 0.073438
14 0.086719 0.319531 0.073438 0.076563
20 0.176563 0.323437 0.068750 0.084375
9 0.262500 0.318750 0.068750 0.075000
