26 0.092969 0.088281 0.085938 0.076563
32 0.188281 0.086719 0.067187 0.073438
4 0.275781 0.089844 0.070312 0.079687
22 0.373437 0.088281 0.084375 0.076563
30 0.471875 0.087500 0.068750 0.075000
34 0.554688 0.091406 0.075000 0.082812
16 0.647656 0.085938 0.067187 0.071875
14 0.736719 0.086719 0.070312 0.073438
5 0.823438 0.089063 0.084375 0.078125
16 0.911719 0.085938 0.067187 0.071875
30 0.082812 0.200000 0.065625 0.071875
2 0.172656 0.200000 0.070312 0.071875
13 0.254688 0.202344 0.078125 0.076563
7 0.342969 0.200000 0.073438 0.071875
14 0.430469 0.200781 0.070312 0.073438
27 0.522656 0.203906 0.082812 0.079687
7 0.621094 0.201563 0.076563 0.075000
28 0.717969 0.207813 0.082812 0.087500
16 0.807031 0.200000 0.067187 0.071875
37 0.898438 0.202344 0.071875 0.076563
19 0.086719 0.326562 0.073438 0.087500
2 0.180469 0.320312 0.070312 0.075000
0 0.266406 0.321094 0.070312 0.076563
23 0.355469 0.318750 0.073438 0.071875
21 0.441406 0.321094 0.079687 0.076563
2 0.532031 0.318750 0.067187 0.071875
33 0.617188 0.321094 0.075000 0.076563
29 0.695312 0.326562 0.056250 0.087500
5 0.775000 0.318750 0.081250 0.071875
