37 0.084375 0.086719 0.068750 0.073438
37 0.170313 0.086719 0.068750 0.073438
16 0.257031 0.085938 0.067187 0.071875
16 0.341406 0.087500 0.070312 0.075000
4 0.427344 0.089844 0.070312 0.079687
30 0.517188 0.087500 0.068750 0.075000
17 0.595313 0.088281 0.071875 0.076563
9 0.675000 0.085938 0.065625 0.071875
13 0.757812 0.086719 0.075000 0.073438
27 0.852344 0.091406 0.085938 0.082812
17 0.084375 0.200781 0.068750 0.073438
11 0.165625 0.202344 0.068750 0.076563
17 0.254688 0.202344 0.071875 0.076563
6 0.350000 0.200000 0.081250 0.071875
7 0.438281 0.200000 0.073438 0.071875
3 0.530469 0.202344 0.067187 0.076563
6 0.621875 0.201563 0.084375 0.075000
20 0.720313 0.207813 0.071875 0.087500
35 0.821094 0.202344 0.092188 0.076563
25 0.087500 0.320312 0.075000 0.075000
30 0.170313 0.318750 0.065625 0.071875
