10 0.085938 0.089844 0.071875 0.079687
15 0.177344 0.094531 0.070312 0.089063
22 0.267188 0.086719 0.081250 0.073438
16 0.361719 0.087500 0.070312 0.075000
21 0.444531 0.086719 0.076563 0.073438
25 0.528125 0.087500 0.075000 0.075000
28 0.622656 0.095312 0.085938 0.090625
1 0.717969 0.089063 0.079687 0.078125
14 0.807031 0.086719 0.070312 0.073438
35 0.900781 0.086719 0.089063 0.073438
0 0.083594 0.208594 0.067187 0.073438
26 0.178906 0.208594 0.082812 0.073438
35 0.275781 0.208594 0.089063 0.073438
20 0.371875 0.215625 0.071875 0.087500
1 0.460156 0.210938 0.079687 0.078125
18 0.549219 0.210156 0.076563 0.076563
37 0.640625 0.208594 0.068750 0.073438
37 0.718750 0.210156 0.071875 0.076563
22 0.810937 0.208594 0.081250 0.073438
31 0.903906 0.207813 0.073438 0.071875
24 0.090625 0.328125 0.081250 0.075000
37 0.185938 0.328906 0.071875 0.076563
29 0.262500 0.332813 0.050000 0.084375
33 0.339062 0.328906 0.071875 0.076563
20 0.426563 0.334375 0.071875 0.087500
0 0.505469 0.328906 0.070312 0.076563
0 0.588281 0.328906 0.070312 0.076563
27 0.675781 0.332031 0.085938 0.082812
30 0.764062 0.326562 0.065625 0.071875
