12 0.090625 0.087500 0.081250 0.075000
30 0.175000 0.085938 0.065625 0.071875
32 0.255469 0.086719 0.067187 0.073438
7 0.342969 0.087500 0.076563 0.075000
32 0.430469 0.086719 0.067187 0.073438
1 0.511719 0.089063 0.079687 0.078125
35 0.605469 0.088281 0.092188 0.076563
14 0.708594 0.086719 0.070312 0.073438
26 0.792969 0.086719 0.082812 0.073438
29 0.875000 0.092188 0.053125 0.084375
14 0.086719 0.203906 0.073438 0.076563
30 0.171875 0.201563 0.065625 0.071875
27 0.253906 0.205469 0.082812 0.079687
9 0.348438 0.203125 0.068750 0.075000
8 0.429688 0.203906 0.053125 0.076563
6 0.509375 0.203125 0.084375 0.075000
22 0.603125 0.202344 0.081250 0.073438
6 0.703125 0.201563 0.081250 0.071875
11 0.793750 0.203906 0.068750 0.076563
14 0.880469 0.203906 0.073438 0.076563
7 0.088281 0.314063 0.076563 0.075000
