28 0.092969 0.095312 0.085938 0.090625
14 0.182031 0.088281 0.073438 0.076563
12 0.273438 0.087500 0.081250 0.075000
10 0.365625 0.089844 0.071875 0.079687
32 0.442969 0.086719 0.067187 0.073438
12 0.532813 0.087500 0.081250 0.075000
28 0.625781 0.095312 0.085938 0.090625
19 0.716406 0.092188 0.073438 0.084375
27 0.805469 0.092969 0.085938 0.085938
33 0.893750 0.089844 0.075000 0.079687
14 0.085156 0.208594 0.070312 0.073438
26 0.178906 0.208594 0.082812 0.073438
11 0.264062 0.211719 0.071875 0.079687
30 0.342187 0.207813 0.065625 0.071875
14 0.425781 0.210156 0.073438 0.076563
13 0.512500 0.210156 0.078125 0.076563
33 0.598437 0.211719 0.075000 0.079687
14 0.689844 0.210156 0.073438 0.076563
10 0.775000 0.213281 0.075000 0.082812
4 0.857031 0.210156 0.067187 0.076563
9 0.084375 0.323437 0.068750 0.075000
4 0.171094 0.325781 0.070312 0.079687
0 0.255469 0.322656 0.067187 0.073438
4 0.338281 0.325781 0.070312 0.079687
34 0.426563 0.328906 0.078125 0.085938
36 0.520312 0.322656 0.081250 0.073438
12 0.623437 0.323437 0.081250 0.075000
