36 0.090625 0.086719 0.081250 0.073438
9 0.179688 0.087500 0.068750 0.075000
17 0.264062 0.086719 0.068750 0.073438
12 0.351562 0.087500 0.081250 0.075000
15 0.433594 0.094531 0.067187 0.089063
10 0.514062 0.091406 0.075000 0.082812
2 0.594531 0.085938 0.067187 0.071875
31 0.675781 0.087500 0.076563 0.075000
3 0.769531 0.088281 0.067187 0.076563
4 0.858594 0.089844 0.070312 0.079687
24 0.092188 0.207813 0.084375 0.075000
2 0.180469 0.206250 0.067187 0.071875
31 0.271094 0.206250 0.073438 0.071875
29 0.350000 0.214062 0.053125 0.087500
8 0.418750 0.207031 0.050000 0.073438
25 0.492188 0.206250 0.071875 0.071875
21 0.588281 0.207031 0.076563 0.073438
0 0.672656 0.207031 0.067187 0.073438
29 0.745313 0.212500 0.053125 0.084375
20 0.817187 0.212500 0.071875 0.084375
15 0.896094 0.214844 0.067187 0.089063
3 0.085156 0.330469 0.070312 0.079687
13 0.178125 0.327344 0.075000 0.073438
17 0.260937 0.327344 0.068750 0.073438
32 0.339844 0.327344 0.070312 0.073438
35 0.428906 0.330469 0.092188 0.079687
