4 0.085156 0.089844 0.070312 0.079687
34 0.176563 0.091406 0.075000 0.082812
14 0.264844 0.086719 0.070312 0.073438
36 0.351562 0.088281 0.081250 0.076563
2 0.446094 0.085938 0.067187 0.071875
9 0.531250 0.085938 0.065625 0.071875
34 0.612500 0.091406 0.075000 0.082812
36 0.712500 0.086719 0.081250 0.073438
14 0.803906 0.088281 0.073438 0.076563
25 0.892188 0.087500 0.075000 0.075000
8 0.076563 0.200781 0.053125 0.073438
15 0.157031 0.210156 0.070312 0.092188
10 0.242188 0.203906 0.071875 0.079687
3 0.327344 0.202344 0.067187 0.076563
21 0.413281 0.200781 0.076563 0.073438
34 0.503125 0.207031 0.078125 0.085938
36 0.606250 0.203906 0.084375 0.079687
21 0.705469 0.202344 0.079687 0.076563
3 0.794531 0.202344 0.067187 0.076563
3 0.880469 0.202344 0.067187 0.076563
15 0.083594 0.332031 0.067187 0.089063
35 0.182031 0.325781 0.092188 0.076563
