37 0.084375 0.086719 0.068750 0.073438
8 0.157812 0.086719 0.050000 0.073438
14 0.232031 0.086719 0.070312 0.073438
26 0.330469 0.088281 0.085938 0.076563
11 0.428125 0.088281 0.068750 0.076563
5 0.512500 0.087500 0.084375 0.075000
16 0.608594 0.085938 0.067187 0.071875
25 0.692187 0.087500 0.075000 0.075000
11 0.784375 0.088281 0.068750 0.076563
30 0.875000 0.087500 0.068750 0.075000
27 0.091406 0.197656 0.082812 0.079687
33 0.179688 0.196094 0.071875 0.076563
15 0.274219 0.203906 0.073438 0.092188
32 0.363281 0.194531 0.067187 0.073438
10 0.454688 0.199219 0.075000 0.082812
1 0.541406 0.196875 0.079687 0.078125
5 0.635938 0.193750 0.081250 0.071875
22 0.729688 0.196094 0.084375 0.076563
12 0.823438 0.193750 0.078125 0.071875
9 0.907813 0.195312 0.068750 0.075000
4 0.083594 0.319531 0.067187 0.076563
25 0.171875 0.317188 0.071875 0.071875
37 0.264062 0.317969 0.068750 0.073438
22 0.354687 0.317969 0.081250 0.073438
12 0.451562 0.318750 0.081250 0.075000
6 0.542188 0.318750 0.084375 0.075000
