33 0.085938 0.088281 0.071875 0.076563
36 0.176563 0.088281 0.081250 0.076563
17 0.262500 0.086719 0.068750 0.073438
1 0.353906 0.089063 0.079687 0.078125
15 0.449219 0.096094 0.070312 0.092188
32 0.538281 0.086719 0.067187 0.073438
13 0.625000 0.088281 0.078125 0.076563
17 0.706250 0.086719 0.068750 0.073438
7 0.799219 0.085938 0.073438 0.071875
24 0.885938 0.087500 0.084375 0.075000
15 0.085156 0.217969 0.070312 0.089063
5 0.178125 0.209375 0.081250 0.071875
13 0.275000 0.211719 0.078125 0.076563
5 0.375000 0.210938 0.084375 0.075000
32 0.458594 0.210156 0.067187 0.073438
8 0.529687 0.210156 0.053125 0.073438
19 0.613281 0.217188 0.073438 0.087500
12 0.707812 0.209375 0.078125 0.071875
33 0.801562 0.213281 0.075000 0.079687
8 0.884375 0.210156 0.053125 0.073438
33 0.085938 0.332031 0.071875 0.076563
25 0.178125 0.331250 0.075000 0.075000
10 0.271875 0.333594 0.071875 0.079687
17 0.356250 0.330469 0.068750 0.073438
12 0.450000 0.331250 0.081250 0.075000
23 0.539844 0.329688 0.073438 0.071875
26 0.633594 0.332031 0.082812 0.076563
