29 0.075000 0.092188 0.050000 0.084375
7 0.155469 0.085938 0.073438 0.071875
25 0.250000 0.087500 0.075000 0.075000
7 0.336719 0.087500 0.073438 0.075000
1 0.421094 0.089063 0.079687 0.078125
36 0.520312 0.086719 0.081250 0.073438
5 0.614062 0.085938 0.081250 0.071875
6 0.704688 0.087500 0.084375 0.075000
2 0.794531 0.087500 0.070312 0.075000
20 0.885938 0.092188 0.068750 0.084375
27 0.091406 0.205469 0.082812 0.079687
36 0.189062 0.202344 0.081250 0.073438
29 0.273438 0.207813 0.053125 0.084375
4 0.342969 0.203906 0.070312 0.076563
31 0.425781 0.203125 0.076563 0.075000
2 0.516406 0.201563 0.067187 0.071875
19 0.599219 0.209375 0.073438 0.087500
13 0.687500 0.202344 0.075000 0.073438
33 0.770312 0.203906 0.071875 0.076563
2 0.855469 0.203125 0.070312 0.075000
7 0.086719 0.320312 0.073438 0.071875
36 0.175000 0.322656 0.084375 0.076563
12 0.270313 0.321875 0.078125 0.075000
23 0.364844 0.320312 0.073438 0.071875
35 0.469531 0.324219 0.092188 0.079687
18 0.563281 0.321094 0.073438 0.073438
