36 0.092188 0.088281 0.084375 0.076563
15 0.175781 0.094531 0.067187 0.089063
30 0.257812 0.087500 0.068750 0.075000
24 0.345313 0.087500 0.084375 0.075000
2 0.433594 0.085938 0.067187 0.071875
26 0.519531 0.086719 0.082812 0.073438
35 0.622656 0.086719 0.089063 0.073438
7 0.719531 0.085938 0.073438 0.071875
21 0.808594 0.086719 0.076563 0.073438
11 0.889062 0.088281 0.068750 0.076563
2 0.083594 0.206250 0.067187 0.071875
27 0.178906 0.211719 0.085938 0.082812
34 0.278125 0.213281 0.078125 0.085938
26 0.369531 0.207031 0.082812 0.073438
9 0.454688 0.206250 0.065625 0.071875
35 0.553906 0.207031 0.089063 0.073438
0 0.652344 0.207031 0.067187 0.073438
30 0.728125 0.207813 0.068750 0.075000
25 0.820312 0.207813 0.075000 0.075000
17 0.906250 0.207031 0.068750 0.073438
31 0.088281 0.325000 0.076563 0.075000
27 0.189844 0.330469 0.089063 0.085938
3 0.289844 0.325781 0.070312 0.076563
17 0.375000 0.325781 0.071875 0.076563
4 0.455469 0.325781 0.067187 0.076563
25 0.546875 0.323437 0.071875 0.071875
18 0.636719 0.324219 0.073438 0.073438
