12 0.089063 0.085938 0.078125 0.071875
9 0.179688 0.085938 0.065625 0.071875
18 0.267969 0.086719 0.073438 0.073438
7 0.361719 0.087500 0.076563 0.075000
12 0.456250 0.087500 0.081250 0.075000
4 0.546094 0.088281 0.067187 0.076563
16 0.627344 0.085938 0.067187 0.071875
9 0.714063 0.085938 0.065625 0.071875
13 0.801562 0.088281 0.078125 0.076563
36 0.898438 0.086719 0.081250 0.073438
32 0.085156 0.196094 0.070312 0.076563
33 0.176563 0.197656 0.075000 0.079687
6 0.271875 0.195312 0.084375 0.075000
26 0.378906 0.197656 0.085938 0.079687
24 0.484375 0.196875 0.084375 0.078125
6 0.587500 0.193750 0.081250 0.071875
31 0.680469 0.193750 0.073438 0.071875
17 0.771875 0.196094 0.071875 0.076563
17 0.865625 0.196094 0.071875 0.076563
34 0.089063 0.311719 0.078125 0.085938
17 0.181250 0.307031 0.071875 0.076563
19 0.263281 0.310937 0.070312 0.084375
17 0.345313 0.307031 0.071875 0.076563
7 0.435156 0.304688 0.073438 0.071875
4 0.524219 0.307031 0.067187 0.076563
11 0.606250 0.308594 0.071875 0.079687
17 0.690625 0.305469 0.068750 0.073438
34 0.776563 0.311719 0.078125 0.085938
5 0.870313 0.304688 0.081250 0.071875
14 0.085156 0.422656 0.070312 0.073438
24 0.178125 0.423438 0.084375 0.075000
28 0.283594 0.429688 0.082812 0.087500
20 0.379688 0.429688 0.075000 0.087500
